# 2D packing, generated 2026-09-28T19:12:52.131926+00:00
# generator = preprocess/generate_packing_gravity.py
# periodic axes = xy
# porosity_achieved = 0.474877  (target 0.475000)
# 221 distinct grains; 240 rows including 19 periodic edge images.
# Centres span [-R, L+R]: a grain need only be PARTLY inside.
# Do NOT drop the out-of-box rows -- they carry the conduction
# paths that cross the domain edge, and k_eff depends on them.
# header row is 'Lx Ly'; grain rows are 'x y r', all in metres
2.000000000000e-03 2.000000000000e-03
8.792475041136e-04 4.921070885497e-05 6.035875173850e-05
8.792475041136e-04 2.049210708855e-03 6.035875173850e-05
1.379720298108e-03 4.719324057074e-05 1.000000000000e-04
1.379720298108e-03 2.047193240571e-03 1.000000000000e-04
1.543964707104e-03 7.250330564587e-05 6.618311018293e-05
1.579315280086e-03 1.946160662482e-04 6.094356023011e-05
1.883978147823e-03 7.888527288942e-05 1.000000000000e-04
1.883978147823e-03 2.078885272889e-03 1.000000000000e-04
9.555539617566e-04 1.042144797208e-04 3.358884980349e-05
1.680221980615e-03 3.121618485314e-04 9.397311086765e-05
1.515552787288e-03 2.458474123825e-04 2.085073411063e-05
1.301141177174e-03 1.761822191779e-04 5.103918565787e-05
8.692663125216e-04 1.965768369549e-04 8.734500725274e-05
1.374403225372e-03 1.968294630015e-04 2.507675486521e-05
7.493179901571e-04 2.059338085399e-04 3.160871613468e-05
1.568614413603e-03 3.752002824276e-04 3.420681746608e-05
7.746422914360e-04 2.557025836063e-04 2.423258782235e-05
1.455391752123e-03 2.618944462114e-04 4.141368278856e-05
1.087845012160e-03 7.397785455738e-05 4.981188928708e-05
7.085343049722e-04 2.350218348241e-04 1.844529812919e-05
1.423598128817e-03 3.365159835428e-04 3.969863769664e-05
1.020554309206e-03 2.370803104874e-04 6.927105079314e-05
1.780733145979e-03 1.679562772688e-04 3.622013790365e-05
1.057587302791e-03 3.315008687907e-04 3.215224295396e-05
-3.322915798390e-05 2.609439540912e-04 1.000000000000e-04
1.966770842016e-03 2.609439540912e-04 1.000000000000e-04
1.343055645076e-03 3.508494601996e-04 4.210931197649e-05
1.928220324664e-04 1.941994964425e-05 5.153479053190e-05
1.928220324664e-04 2.019419949644e-03 5.153479053190e-05
1.493848997867e-03 3.753239181577e-04 4.055870341999e-05
5.979404227989e-04 6.615860575269e-06 7.339706292494e-05
5.979404227989e-04 2.006615860575e-03 7.339706292494e-05
1.804385537619e-03 3.733785322456e-04 4.446125445926e-05
4.613886944653e-04 6.359638082342e-05 6.204433165682e-05
1.879087832415e-03 4.244206416021e-04 4.601377558731e-05
5.301735921305e-04 1.891428395466e-04 8.111049959479e-05
1.736040189390e-03 4.631970663119e-04 6.699405748506e-05
1.398467989797e-03 4.274901916529e-04 5.240223462386e-05
2.839109701689e-04 8.524436697529e-05 6.084871595478e-05
1.668374932345e-03 5.532265032133e-04 4.562870452484e-05
7.186354314035e-04 3.077601608637e-04 5.223152141356e-05
1.172115408912e-03 1.045903386714e-04 3.984648433493e-05
1.746426731681e-03 5.938954555874e-04 4.234551389271e-05
2.317532048828e-04 1.507351733113e-04 2.287441713527e-05
1.503641521968e-03 4.811028498269e-04 6.564770814349e-05
3.674328243855e-04 1.901677534432e-04 7.325880805608e-05
1.715669442359e-03 6.447038162023e-04 1.704724959574e-05
8.293607241324e-04 4.122319055966e-04 1.000000000000e-04
9.928386257855e-04 4.541871481652e-04 6.877578847982e-05
4.438480448065e-04 2.678826710665e-04 3.573155397720e-05
1.201473432588e-03 1.889100845377e-04 4.943796627083e-05
1.207863096716e-04 9.404831937483e-05 5.218860839532e-05
1.559821796322e-03 6.143298113726e-04 7.894014236056e-05
1.497781769753e-03 7.236563356052e-04 4.676289581618e-05
1.683148405905e-04 1.821518704605e-04 4.791744606923e-05
8.856691454654e-04 5.184556971814e-04 2.022533968313e-05
1.451566942475e-03 8.232158753521e-04 6.300008620657e-05
6.296929322806e-04 3.295838026053e-04 3.934926134911e-05
1.341366803348e-04 2.769797718474e-04 5.288206766660e-05
1.200987143601e-03 3.542548985913e-04 1.000000000000e-04
1.960185840274e-03 4.233328524620e-04 3.509153004202e-05
1.909479883956e-03 4.974366949703e-04 3.307491696020e-05
8.419551886408e-04 6.046956053170e-04 7.646091488369e-05
3.917932250950e-04 3.086717405984e-04 3.040053790870e-05
1.788719972227e-03 7.115860846037e-04 8.199626478251e-05
1.543073741941e-03 9.316898870368e-04 7.891575351842e-05
2.607567027910e-04 2.585258474992e-04 5.344014213853e-05
5.454786801609e-04 4.320364651785e-04 9.327271488740e-05
1.687860824846e-03 9.988306621060e-04 8.068118585091e-05
7.543305489230e-04 6.847503613287e-04 4.222708569631e-05
1.580061590335e-03 1.039155379715e-03 3.440888639051e-05
1.358875250059e-03 8.513171348771e-04 3.385769940631e-05
1.117297293346e-03 4.921064497368e-04 6.126698787631e-05
8.959348287000e-04 6.832748580667e-04 1.887271249831e-05
1.045304221030e-03 5.248229268603e-04 1.781126691586e-05
7.116721628053e-04 7.726173395925e-04 5.544759778618e-05
8.277719895806e-04 7.184219270160e-04 3.814641207889e-05
7.544820084273e-04 8.406243924972e-04 2.491185799680e-05
1.903780571317e-03 7.600326444327e-04 4.284768029419e-05
1.062744669767e-03 5.996926112783e-04 5.906290887256e-05
4.089171276052e-04 5.056540496279e-04 6.186788756861e-05
9.868160657749e-04 7.046288335113e-04 7.046223789621e-05
5.120742167054e-04 6.001021057478e-04 7.768840892612e-05
1.076698602892e-03 7.475339767158e-04 2.913523157192e-05
1.957988183409e-03 7.931978006187e-04 2.070066975213e-05
1.036083494681e-03 8.096231021037e-04 4.505807342504e-05
8.098771579532e-04 8.742611999997e-04 3.989599194143e-05
1.748264980293e-03 1.115312679892e-03 5.053132293084e-05
8.525961728723e-04 9.541119401733e-04 5.066368420880e-05
3.890865734626e-04 6.577729767338e-04 5.814932423628e-05
1.989207730024e-04 3.573152261376e-04 5.032057266174e-05
6.146401896664e-04 6.165448641648e-04 2.618720473658e-05
1.331033351273e-03 9.162758177438e-04 3.681621239483e-05
1.476651237813e-03 1.122391015756e-03 9.833852540028e-05
7.287859632631e-05 3.131167627602e-04 1.824071435639e-05
1.013474283207e-04 3.501447439548e-04 2.729439290351e-05
4.786249131290e-04 7.290208725485e-04 5.549906925087e-05
1.169523864194e-03 6.106789926969e-04 4.827998535855e-05
3.973075076959e-04 7.435364201134e-04 2.710371559446e-05
1.671238925769e-03 1.141765739878e-03 3.091054337554e-05
1.918382261414e-03 8.767223072048e-04 7.173834937716e-05
4.226700823697e-04 7.976723561595e-04 3.267888861474e-05
7.710978030188e-04 9.603240057253e-04 3.106908235090e-05
1.264102665191e-03 9.580914189488e-04 4.210312138505e-05
1.340614967424e-04 3.822566224604e-04 1.854647093755e-05
1.806887087422e-03 1.206428862398e-03 5.781400544925e-05
1.251278178494e-05 9.969781138723e-04 8.097711775909e-05
2.012512781785e-03 9.969781138723e-04 8.097711775909e-05
1.320979773131e-03 1.143207331724e-03 5.871857395811e-05
7.314338875762e-04 1.048727226180e-03 6.582444465208e-05
9.669891598094e-04 8.168316309987e-04 2.441127233425e-05
1.616808319617e-03 1.249965145301e-03 9.020841751740e-05
1.544096789736e-03 1.383539819587e-03 6.187432659655e-05
8.455518292520e-04 1.132604629409e-03 7.579681657965e-05
1.252013243320e-03 1.237391601212e-03 5.801648012721e-05
1.914654206178e-03 1.015874289565e-03 1.868915675571e-05
4.709416496568e-04 9.003793947950e-04 8.080626457682e-05
-4.488775545818e-05 1.129890683025e-03 6.380054873232e-05
1.955112244542e-03 1.129890683025e-03 6.380054873232e-05
1.500066567100e-03 1.482647209700e-03 4.657352243964e-05
5.526993636365e-04 9.672424595954e-04 2.481093681904e-05
1.114768458513e-03 8.898055654734e-04 6.728315215711e-05
2.853526421293e-04 6.763979298726e-04 4.724335762200e-05
1.753961177382e-03 1.314899766164e-03 6.153943716021e-05
1.635051681520e-03 1.383773784971e-03 2.907984242730e-05
2.456329141967e-05 1.278238827107e-03 1.000000000000e-04
2.024563291420e-03 1.278238827107e-03 1.000000000000e-04
1.332838736892e-03 1.270491648993e-03 2.932415778752e-05
3.835939818473e-04 9.655730034113e-04 2.818833014955e-05
1.600454947987e-03 1.561811856556e-03 8.127353012856e-05
1.725452787821e-03 1.564193020504e-03 4.374699562508e-05
1.365814008135e-03 1.328878673109e-03 3.773117271545e-05
1.163125477676e-03 9.949511374750e-04 4.844926600583e-05
7.598249488450e-04 1.216076190944e-03 4.385518605820e-05
6.455934242281e-04 1.105044004846e-03 3.684085964834e-05
3.030070744728e-04 9.987394945747e-04 5.895675451464e-05
8.015889793290e-04 1.282663484092e-03 3.474579474485e-05
1.660907278696e-03 1.650920961134e-03 2.486726937709e-05
4.345417272264e-04 1.033042051955e-03 5.635600893510e-05
8.335520703828e-04 1.339072972134e-03 3.009006125036e-05
1.919102722388e-03 1.314657734517e-03 1.157180843414e-05
1.028748537296e-03 9.482191487152e-04 3.669556467146e-05
3.370968004714e-04 1.140566643055e-03 8.690979248014e-05
1.899742049135e-03 1.347245125942e-03 2.633299005772e-05
1.789173487430e-03 1.615872338778e-03 3.829616564517e-05
9.653843183899e-04 1.030224657996e-03 6.693805820252e-05
1.446147679801e-03 1.549166501691e-03 3.905394398010e-05
1.629544690600e-03 1.682482401505e-03 1.962696002802e-05
1.486254424069e-03 1.631452552957e-03 5.248591398735e-05
4.197777493783e-04 1.254403024826e-03 5.378441939992e-05
4.785132204965e-04 1.290092551214e-03 1.494401690894e-05
7.147306530653e-04 1.392033443821e-03 1.000000000000e-04
2.791435587022e-04 1.242743494249e-03 3.055730016958e-05
1.073898316063e-03 1.126518593336e-03 7.814057452567e-05
4.573690489389e-04 1.369520241874e-03 6.724986696372e-05
3.411433523018e-04 1.439581182473e-03 6.845919710292e-05
1.876779375621e-03 1.656115694354e-03 5.811088719773e-05
1.421673985383e-04 1.325348536763e-03 2.668879490702e-05
1.143019571310e-04 1.394958153841e-03 4.722917291321e-05
3.966947261160e-04 1.575302352563e-03 7.819077596177e-05
1.292346774944e-03 1.341653136513e-03 3.683827597349e-05
6.387438592297e-04 1.577035516043e-03 1.000000000000e-04
1.706272888355e-03 1.682256395910e-03 3.026845418158e-05
2.376921709616e-04 4.146615153253e-04 1.890244227173e-05
4.840944363022e-04 1.651535794554e-03 3.778458519084e-05
1.845429701013e-03 1.724211908963e-03 1.685506326308e-05
1.658510834858e-03 1.733794691198e-03 3.929662257391e-05
4.868835790128e-05 1.423929006428e-03 2.449568124155e-05
-1.990833660924e-05 1.457091435176e-03 5.169653081595e-05
1.980091663391e-03 1.457091435176e-03 5.169653081595e-05
1.713164636346e-03 1.802808499337e-03 4.873714214691e-05
5.490272325955e-04 1.671195357946e-03 3.005935870676e-05
1.158796603399e-03 1.252568272021e-03 3.642770181180e-05
5.968399920632e-04 1.696721014369e-03 2.233876811155e-05
9.622958085516e-04 1.131343176456e-03 3.356616781815e-05
1.330755301288e-03 1.421620195509e-03 5.187443687247e-05
3.459345798312e-04 1.681883499581e-03 3.986063092067e-05
4.946083123497e-04 1.784970437770e-03 9.606153202058e-05
1.399032694251e-03 1.448170306042e-03 2.138340065437e-05
1.805417604920e-03 1.886556138922e-03 7.585931585639e-05
6.248489248387e-04 1.801406097297e-03 3.506902860654e-05
-5.077500047301e-05 1.917065881901e-03 7.114888514012e-05
1.949224999527e-03 1.917065881901e-03 7.114888514012e-05
3.800979185323e-04 1.872568942006e-03 4.811308574815e-05
1.556664191082e-03 1.695575103236e-03 4.265786864938e-05
9.464101768932e-04 1.223596870417e-03 6.004130140137e-05
1.291603215022e-03 1.504550757245e-03 3.983359946440e-05
2.199819327891e-04 1.264171703726e-03 3.236539956648e-05
8.309036222646e-05 1.466687155204e-03 3.038379751232e-05
1.527366376137e-04 1.488222600836e-03 4.251599051149e-05
1.060461602351e-03 1.273035878152e-03 6.401499299123e-05
1.356906628227e-03 1.545248817386e-03 3.711357641306e-05
4.799403669340e-04 -5.834916770445e-05 6.130452806131e-05
4.799403669340e-04 1.941650832296e-03 6.130452806131e-05
3.969160401100e-05 1.947680738722e-03 2.435753341408e-05
1.418312168464e-05 -3.793838111356e-06 3.046398784128e-05
1.418312168464e-05 1.996206161889e-03 3.046398784128e-05
2.014183121685e-03 -3.793838111356e-06 3.046398784128e-05
2.014183121685e-03 1.996206161889e-03 3.046398784128e-05
9.509446341067e-04 1.395129551219e-03 1.000000000000e-04
1.689938942348e-03 1.889383161619e-03 3.965393977092e-05
6.726501343836e-04 1.873340288978e-03 5.129927325682e-05
1.197173501725e-03 1.314159526552e-03 3.614136502461e-05
2.767386250200e-04 1.894339802155e-03 5.751449243634e-05
8.525903986557e-04 1.496480968364e-03 4.122946656614e-05
1.101970000974e-03 1.449506487828e-03 6.051660420915e-05
1.379817614377e-03 1.740645756989e-03 1.000000000000e-04
3.605021558127e-04 -1.539665627645e-05 6.562254485371e-05
3.605021558127e-04 1.984603343724e-03 6.562254485371e-05
1.023511658594e-03 1.522045313707e-03 4.566629713551e-05
1.872424574786e-04 1.902142195953e-03 3.232132289170e-05
1.488989951898e-03 1.892218018542e-03 8.610879196920e-05
1.280014311170e-03 1.824284570649e-03 3.021579202782e-05
8.016083056031e-04 1.587630101795e-03 6.320913035070e-05
1.336307519252e-03 1.893905701718e-03 5.931647841877e-05
1.151228978651e-03 1.511270404771e-03 1.848493712372e-05
1.217235246983e-03 1.856386612291e-03 4.029486446662e-05
1.198716214617e-03 -1.988131820059e-05 8.481540687002e-05
1.198716214617e-03 1.980118681799e-03 8.481540687002e-05
1.064170436144e-03 1.596738042489e-03 3.937569205096e-05
8.417616275293e-04 1.683285216428e-03 4.053219159080e-05
1.105282430276e-03 1.649478218801e-03 2.749524527540e-05
8.988623611637e-04 1.811693728274e-03 1.000000000000e-04
8.213183604664e-04 1.940332624625e-03 5.020338349476e-05
8.732099451389e-04 1.976215082632e-03 1.288613779798e-05
1.074218750000e-04 1.705078125000e-03 2.923814283013e-05
7.226562500000e-05 6.230468750000e-04 8.385149780353e-05
2.072265625000e-03 6.230468750000e-04 8.385149780353e-05
1.699218750000e-04 8.339843750000e-04 2.271845870727e-05
1.349609375000e-03 6.074218750000e-04 4.972403486735e-05
1.240234375000e-03 7.597656250000e-04 3.792273545182e-05
2.128906250000e-04 1.623046875000e-03 6.688793114988e-05
5.839843750000e-04 1.232421875000e-03 5.236823619769e-05
2.949218750000e-04 8.378906250000e-04 7.144956559854e-05
1.503906250000e-04 1.115234375000e-03 4.066114481880e-05
2.363281250000e-04 5.332031250000e-04 9.248423074352e-05
1.830078125000e-03 1.458984375000e-03 7.749715649902e-05
1.099609375000e-03 1.775390625000e-03 2.275610830178e-05
3.320312500000e-05 1.599609375000e-03 3.389943567016e-05
2.033203125000e-03 1.599609375000e-03 3.389943567016e-05
