# 2D packing, generated 2026-09-28T18:41:56.378097+00:00
# generator = preprocess/generate_packing_gravity.py
# periodic axes = xy
# porosity_achieved = 0.300163  (target 0.300000)
# 318 distinct grains; 348 rows including 30 periodic edge images.
# Centres span [-R, L+R]: a grain need only be PARTLY inside.
# Do NOT drop the out-of-box rows -- they carry the conduction
# paths that cross the domain edge, and k_eff depends on them.
# header row is 'Lx Ly'; grain rows are 'x y r', all in metres
2.000000000000e-03 2.000000000000e-03
1.276213813678e-03 5.076190781374e-05 7.036876707590e-05
1.276213813678e-03 2.050761907814e-03 7.036876707590e-05
1.431428061251e-03 1.057603393754e-04 8.798986735720e-05
1.686077495381e-03 8.414679071361e-05 1.000000000000e-04
1.686077495381e-03 2.084146790714e-03 1.000000000000e-04
1.558793494636e-03 1.040115516007e-05 1.635636277337e-05
1.558793494636e-03 2.010401155160e-03 1.635636277337e-05
9.600649788553e-04 2.151374294709e-05 7.451986003754e-05
9.600649788553e-04 2.021513742947e-03 7.451986003754e-05
1.312162442500e-03 1.570538932166e-04 4.183816724153e-05
5.206627285910e-04 1.949486588179e-05 2.452039343390e-05
5.206627285910e-04 2.019494865882e-03 2.452039343390e-05
4.877109431514e-04 8.247861427394e-05 4.656246602900e-05
1.546344834239e-03 5.869351643319e-05 3.351468786380e-05
1.853135811951e-03 7.141680894587e-05 6.516418699803e-05
1.555683528797e-03 1.327892350231e-04 3.917139161704e-05
1.799071912303e-03 1.816711728011e-04 4.926043857515e-05
6.969717908253e-04 3.111872586040e-05 5.667850059733e-05
6.969717908253e-04 2.031118725860e-03 5.667850059733e-05
1.060931181879e-03 8.596201699350e-05 4.456028971989e-05
1.607039027450e-03 1.779238939773e-04 2.204060661599e-05
1.513985149367e-03 1.678886869571e-04 1.533298241203e-05
1.209238727255e-03 1.479065245680e-04 4.762629903981e-05
1.875343173161e-03 1.905229763830e-04 2.752275422966e-05
5.689819394588e-04 3.193989530691e-05 2.537575285161e-05
-4.853332187014e-05 1.881435370093e-04 4.863792946310e-05
1.951466678130e-03 1.881435370093e-04 4.863792946310e-05
8.152718698487e-04 3.197312288069e-05 3.027289672345e-05
1.367003165723e-03 2.089821270823e-04 3.368718959153e-05
5.653815005568e-04 8.594372043358e-05 2.874796525106e-05
9.655627392088e-04 1.959466283361e-04 1.000000000000e-04
1.112531874542e-03 1.956818656578e-04 4.604326462749e-05
1.674971703239e-03 2.723537810241e-04 8.853442117622e-05
7.117614982547e-05 7.865373154462e-05 6.011588103676e-05
1.262280146147e-03 2.033601506399e-04 2.622451160761e-05
6.160563680212e-04 7.785170845123e-06 2.753411171723e-05
6.160563680212e-04 2.007785170845e-03 2.753411171723e-05
8.034741136234e-04 1.954485408768e-04 6.208949020670e-05
1.493850098117e-03 3.091506579963e-04 9.628724428451e-05
1.839284167625e-03 2.428956132700e-04 2.398884530373e-05
1.198156061345e-03 2.424918675963e-04 4.760639719866e-05
1.608033935805e-03 3.752123176486e-04 3.418698788762e-05
1.119935827645e-03 2.955133542021e-04 4.689082382713e-05
1.303101972467e-03 2.861118651189e-04 6.604384381456e-05
7.690272540216e-04 4.465917761487e-05 1.517976973784e-05
1.366202417942e-03 3.847657503547e-04 5.106408934910e-05
2.122827879898e-05 1.896539500494e-04 2.114002031669e-05
1.712187136802e-03 4.394699107463e-04 8.267540389777e-05
1.111231839592e-05 2.527216797048e-04 3.927076700904e-05
2.011112318396e-03 2.527216797048e-04 3.927076700904e-05
1.901396974341e-03 2.683933575169e-04 4.315380671334e-05
5.428494375986e-04 1.593537893121e-04 4.804222019951e-05
1.558289601249e-03 4.736422412876e-04 7.484980571035e-05
1.261385380378e-03 3.987913099424e-04 5.353797723497e-05
1.437294565386e-03 4.902372628794e-04 4.722862184267e-05
1.048196842337e-03 2.898335766931e-04 2.507286943829e-05
-3.306035736546e-05 3.290937203073e-04 4.617914023168e-05
1.966939642635e-03 3.290937203073e-04 4.617914023168e-05
3.044647261433e-04 1.862597965939e-05 3.356401005000e-05
3.044647261433e-04 2.018625979659e-03 3.356401005000e-05
1.649952730683e-04 9.267115437649e-05 3.474462723144e-05
9.853218846060e-04 3.900796194289e-04 9.325951655352e-05
1.120695500422e-03 3.891460048203e-04 4.106813515005e-05
1.166935079881e-03 5.117437696045e-04 8.995396758545e-05
1.355810496740e-03 4.905252596378e-04 3.425595661991e-05
2.865844689722e-04 1.509877610924e-04 1.000000000000e-04
1.651668590347e-03 5.524988083398e-04 4.553549831873e-05
1.039286156043e-03 5.094213917037e-04 3.771608977042e-05
6.668648278584e-04 1.603124204144e-04 7.597688701206e-05
1.485848962705e-03 5.618321430046e-04 3.927777601110e-05
1.302270136886e-03 5.674960944112e-04 5.641508885372e-05
1.817583691952e-03 4.323853457328e-04 2.295899611219e-05
1.044657710207e-03 6.317642714344e-04 8.132741278618e-05
1.724382909197e-03 5.474656782067e-04 2.325823712872e-05
1.880759847199e-03 3.538205101098e-04 4.212961613011e-05
7.204340318372e-04 2.866739959598e-04 6.127074092375e-05
1.810130530427e-03 4.812990781496e-04 2.382619827012e-05
1.567850944867e-03 6.053888674316e-04 5.357433421864e-05
1.705172111559e-03 5.831121725948e-04 1.535140104738e-05
9.353820954085e-04 6.317642715416e-04 2.794820201257e-05
1.192995323148e-03 6.748113422183e-04 7.313001732354e-05
4.702419714492e-04 1.722666173967e-04 2.570454940488e-05
8.259375392522e-04 3.012391279789e-04 4.522071998547e-05
1.104331875384e-03 7.252562082090e-04 2.887925418756e-05
7.786282573134e-04 3.972050668509e-04 6.177287599651e-05
4.924467051274e-04 2.865705594514e-04 8.879543233310e-05
1.765497276198e-03 6.097461346012e-04 5.059170640817e-05
1.587924511799e-04 1.572079902021e-04 2.794331190642e-05
1.147277705174e-03 7.958184860151e-04 5.372449479233e-05
1.893007688863e-03 4.515047875474e-04 5.485059806511e-05
9.219016936443e-05 1.744128754267e-04 3.792188033211e-05
1.528342558061e-04 2.783645674732e-04 8.242619609485e-05
5.719908797649e-05 3.956289232732e-04 6.595337381824e-05
2.057199087976e-03 3.956289232732e-04 6.595337381824e-05
1.556849236035e-04 3.958312841776e-04 3.253266970614e-05
3.179189112737e-04 3.585689190846e-04 1.000000000000e-04
1.406245720713e-03 6.218923844606e-04 6.044137558848e-05
1.312626156489e-03 6.708495124291e-04 4.520626287255e-05
4.548540571905e-04 4.267902185977e-04 5.275813663481e-05
1.845381975252e-03 5.278586986579e-04 3.457298019884e-05
1.876301267550e-03 6.175808077315e-04 6.032728905340e-05
1.675286620645e-03 6.391283355387e-04 4.425587469529e-05
1.117918267537e-05 6.297689341457e-04 7.510019479597e-05
2.011179182675e-03 6.297689341457e-04 7.510019479597e-05
1.995146057983e-04 5.209067314010e-04 1.000000000000e-04
1.253663216996e-04 6.442084263753e-04 3.999629520882e-05
1.810187214266e-03 6.591139847204e-04 1.599939802693e-05
1.279776499617e-03 7.432332903038e-04 3.428280181935e-05
8.674932128575e-04 6.317642715416e-04 3.994068053842e-05
1.774540963767e-03 6.975024185018e-04 3.638692674247e-05
6.216169512759e-04 3.537266306037e-04 5.678921869152e-05
1.843562991156e-03 7.013467132546e-04 2.960892378633e-05
9.142664824854e-04 7.025464300813e-04 4.489947928714e-05
8.600158575120e-05 7.038354804388e-04 3.018154840644e-05
3.728156842665e-04 5.274320352303e-04 7.342339462774e-05
1.693474836077e-03 7.340221954579e-04 5.236534645410e-05
1.000720775586e-03 7.764633958032e-04 6.884612553804e-05
1.884094251809e-03 7.091449418800e-04 1.152952525976e-05
6.629174237184e-04 5.102602144425e-04 1.000000000000e-04
8.062496998563e-04 7.166207451827e-04 6.403036820706e-05
5.216786032973e-04 4.928954980647e-04 4.123882042115e-05
1.496308298949e-03 6.747489826843e-04 4.391564586142e-05
8.579141834877e-04 8.707094155063e-04 9.848897584466e-05
1.075854639554e-03 8.522154826572e-04 3.728031570063e-05
2.990859617016e-04 6.049965182280e-04 3.032861222708e-05
1.013967719226e-03 9.517745899770e-04 7.736399833690e-05
1.232708366508e-03 7.895589320053e-04 3.175865721778e-05
1.923326065660e-03 7.091449418800e-04 2.770228859119e-05
5.119603741538e-04 6.414546090893e-04 1.000000000000e-04
6.345652580194e-04 6.726662444800e-04 2.651531026505e-05
8.852773758784e-04 1.065698881651e-03 9.450789786630e-05
1.784436648782e-03 7.894237873393e-04 5.414001143173e-05
6.911494456399e-04 7.237030652465e-04 4.968526297836e-05
7.678651941813e-04 1.075736462069e-03 2.333255966649e-05
2.403683930407e-04 6.859379987426e-04 6.966776839410e-05
1.908811502077e-03 8.085267917802e-04 7.169333925620e-05
1.612779775915e-03 7.429438678793e-04 2.875536969563e-05
1.481874917247e-04 7.696175256946e-04 5.482954803624e-05
2.720129300010e-05 7.492196644029e-04 4.407172994929e-05
2.027201293000e-03 7.492196644029e-04 4.407172994929e-05
2.283905901406e-04 7.826045821289e-04 2.641517364036e-05
1.026850741297e-03 1.079133041984e-03 4.770143537053e-05
2.713291302491e-05 8.484446016844e-04 5.318015691605e-05
2.027132913025e-03 8.484446016844e-04 5.318015691605e-05
1.214371512303e-03 8.500170289837e-04 3.141904254421e-05
1.135453800301e-03 8.761952350630e-04 2.696210398579e-05
3.779297133878e-04 7.586300994982e-04 7.802896836729e-05
1.596363870235e-04 9.253015365975e-04 1.000000000000e-04
5.029657376091e-04 7.950075522600e-04 5.219133121191e-05
1.427742078430e-03 7.089224711924e-04 2.920420122414e-05
6.746992413167e-04 1.075736462123e-03 6.983339319807e-05
9.873348151676e-04 1.184147960463e-03 6.184396552424e-05
6.303798445585e-04 8.441986728081e-04 8.438875881031e-05
8.427640848533e-04 1.256899407961e-03 1.000000000000e-04
1.820911520066e-03 8.735582033665e-04 3.729867089459e-05
1.560897921601e-03 7.429437325760e-04 2.312648461844e-05
1.956003925754e-03 9.007001068808e-04 3.185879736718e-05
-3.706601518515e-06 1.027051610317e-03 9.230696561714e-05
1.996293398481e-03 1.027051610317e-03 9.230696561714e-05
1.834507227834e-03 1.043372968024e-03 7.030038886051e-05
9.644636974147e-04 1.269720083060e-03 2.237305834047e-05
1.109239394419e-03 9.517745899770e-04 1.790767685554e-05
1.640100999841e-03 7.900605490619e-04 2.502370933570e-05
4.308309561608e-04 9.062609582427e-04 7.879389967359e-05
1.464307134410e-04 1.099342416434e-03 7.431694984428e-05
2.394041131061e-05 1.223368723491e-03 1.000000000000e-04
2.023940411311e-03 1.223368723491e-03 1.000000000000e-04
1.550914540193e-03 8.538635969462e-04 8.463510935574e-05
1.326320789572e-03 8.580671579817e-04 8.081058295237e-05
1.434809531839e-03 8.580671579817e-04 2.767815931466e-05
1.452135236778e-03 9.183245576626e-04 3.331643733605e-05
9.551981467022e-04 1.334568519950e-03 3.665251267741e-05
1.688924268057e-03 8.188015171493e-04 3.163098971014e-05
6.427640848533e-04 1.256899408068e-03 1.000000000000e-04
1.906135479477e-03 1.105600646325e-03 2.458317336250e-05
1.881646050323e-04 1.239195333778e-03 6.491836092186e-05
1.113349311022e-03 1.006676814601e-03 3.617434345320e-05
5.461570831022e-04 9.447209285801e-04 4.277618247518e-05
1.502533484400e-03 9.597228803638e-04 3.175610912754e-05
1.177560481580e-03 1.007249166245e-03 2.803937790650e-05
1.235692381834e-04 1.297182659138e-03 2.188654286142e-05
1.735630908051e-03 8.614134416398e-04 3.159310711775e-05
3.147989722028e-04 1.258814834910e-03 6.322682148217e-05
1.830502316013e-03 1.267982636229e-03 9.851624106255e-05
1.103577782466e-03 1.079133041984e-03 2.902560579872e-05
8.661878076155e-05 1.332345470588e-03 2.571598763554e-05
1.673258440912e-03 9.244349615512e-04 5.641635896736e-05
1.570305094954e-03 9.779885811740e-04 3.843382806032e-05
7.429835956808e-04 1.368083599592e-03 4.939233744813e-05
1.255293597190e-03 9.733234795479e-04 5.457361745002e-05
1.638904856277e-03 1.017019067747e-03 4.049212664402e-05
1.442853165810e-03 9.836415504762e-04 3.253886522841e-05
1.215153400917e-03 1.034552728434e-03 1.842256450342e-05
1.943297955445e-03 1.330456992416e-03 3.010578591522e-05
5.182393132998e-04 1.256899408175e-03 2.452477155353e-05
1.255985222816e-03 1.056108037433e-03 2.774960271503e-05
5.296415755139e-04 1.304800112321e-03 2.284616228116e-05
1.359705383976e-03 1.021121599803e-03 5.866589403455e-05
1.490698989772e-03 1.016861686572e-03 2.569464693109e-05
1.704233969693e-03 1.268406312131e-03 2.775281753084e-05
1.899560530980e-03 1.397974946506e-03 4.868103985519e-05
1.783094696813e-05 1.397638261380e-03 6.912554029741e-05
2.017830946968e-03 1.397638261380e-03 6.912554029741e-05
1.448481199679e-03 1.093530511879e-03 5.587532977507e-05
2.367500888611e-04 1.370304365333e-03 7.286705635471e-05
1.329914556822e-04 1.370485871761e-03 3.089173557992e-05
1.192264337899e-03 1.099459099048e-03 4.931962407376e-05
6.610337211365e-04 1.392368358461e-03 3.606136239437e-05
7.104418822257e-04 1.470535169084e-03 5.641144119832e-05
5.967309714329e-04 1.393477644304e-03 2.825095874253e-05
6.239121577413e-04 1.445437485375e-03 2.800641368429e-05
7.827204192380e-04 1.482261195603e-03 1.586546875753e-05
1.084468112643e-03 1.140543397275e-03 3.528933195078e-05
1.700606690212e-03 1.017729874395e-03 2.121380196805e-05
6.121331184102e-04 1.532488360032e-03 5.979015870559e-05
7.788265383727e-04 1.537792883751e-03 3.950553630093e-05
1.942415011587e-03 1.476590075966e-03 3.898098909421e-05
1.536263382973e-03 1.107956630941e-03 3.308437644857e-05
5.046100861623e-04 1.557280290367e-03 5.055404419767e-05
7.049550168776e-04 1.587754215397e-03 4.823863693890e-05
1.358528685732e-03 1.122407796192e-03 3.859881019988e-05
1.842058257853e-03 1.492164799226e-03 6.167404312048e-05
1.410299565282e-03 1.188271190997e-03 4.512617918559e-05
1.509227354497e-03 1.192059832911e-03 5.376918694399e-05
4.927573416933e-04 9.857677120234e-04 2.198407967641e-05
1.723379519499e-03 1.499186759064e-03 5.721229477572e-05
4.070644028452e-04 1.258814834986e-03 2.903860916022e-05
1.451000047087e-03 1.247597758116e-03 2.669746126260e-05
1.280737412441e-03 1.122432119645e-03 3.919250689334e-05
8.298251564036e-04 1.667642506060e-03 1.000000000000e-04
1.604178328064e-03 1.196559562340e-03 4.078817891868e-05
1.322176507908e-03 1.177832812517e-03 2.768407960947e-05
1.571255937225e-03 1.323478332529e-03 9.033127966142e-05
1.782117842536e-03 1.544700590685e-03 1.590138101022e-05
1.079112213505e-03 1.210584637871e-03 3.366513748707e-05
1.750952392831e-03 1.587671712507e-03 3.546917449835e-05
1.036284660891e-03 1.339236950472e-03 4.456827916102e-05
1.248550127684e-04 1.451037163011e-03 4.895954279946e-05
1.596018034629e-05 1.506494969052e-03 3.974725273047e-05
2.015960180346e-03 1.506494969052e-03 3.974725273047e-05
9.660768187759e-04 1.671271491623e-03 3.629999715675e-05
1.635107553525e-03 1.445718689375e-03 4.599036970936e-05
-6.212865296068e-05 1.622388984244e-03 1.000000000000e-04
1.937871347039e-03 1.622388984244e-03 1.000000000000e-04
9.377474426128e-04 1.728654327110e-03 2.287731907829e-05
1.690756832956e-03 1.587253158723e-03 2.459566790693e-05
6.296360657935e-04 1.630566982910e-03 3.839783154555e-05
3.975914006354e-04 1.390783734928e-03 8.927279732807e-05
1.037153992993e-03 1.671226252567e-03 3.477719945870e-05
2.954179569555e-04 1.464996189669e-03 3.700824254793e-05
5.481621081435e-04 1.641093482159e-03 4.375332828048e-05
4.552792790150e-04 1.646932596533e-03 4.922481564094e-05
1.392928157947e-03 1.267339229377e-03 3.463826748913e-05
6.776373004922e-04 1.714222906798e-03 5.722502110716e-05
1.249796994201e-03 1.206111027610e-03 5.002351232152e-05
1.181043184536e-03 1.339452146942e-03 1.000000000000e-04
1.545524935367e-03 1.455442606683e-03 4.411856662521e-05
1.469428547671e-03 1.477432847453e-03 3.348749660498e-05
5.074009092640e-04 1.697543562591e-03 2.342595328203e-05
1.356085821705e-03 1.369315579696e-03 7.378931485132e-05
8.297819620405e-05 1.515445814714e-03 2.786585917756e-05
5.592828463147e-04 1.792173451933e-03 8.449323569350e-05
9.081168736771e-04 1.757618759686e-03 1.855828119343e-05
1.376122642600e-03 1.505582308307e-03 6.394271431882e-05
6.748627873014e-04 1.804268355503e-03 3.161647958718e-05
3.575981489827e-04 1.527082759107e-03 5.086165209837e-05
1.067231872401e-03 1.421264010601e-03 3.888069913761e-05
1.145176655545e-03 1.536209337523e-03 1.000000000000e-04
4.148952029867e-04 1.792578142466e-03 5.988870251919e-05
4.680038015476e-04 1.876946102976e-03 3.976818649837e-05
1.779919771609e-03 1.682906220829e-03 6.093911820168e-05
7.804159776979e-05 1.631556485111e-03 4.046973180542e-05
1.278658124782e-03 1.554871754835e-03 2.978691962247e-05
3.941761534379e-05 1.676006222645e-03 1.427468376365e-05
1.874279636567e-03 1.800662614186e-03 8.927601594075e-05
5.296751759293e-04 1.900950854641e-03 2.641025803320e-05
1.116106864595e-03 1.671586555179e-03 3.846374511215e-05
3.941907398070e-04 1.888515942274e-03 3.494613117171e-05
2.109402451640e-04 1.519948951299e-03 6.130902501863e-05
1.090298107808e-04 1.763782325463e-03 9.533874815182e-05
4.374346321537e-04 1.948892786652e-03 3.840341582227e-05
3.586737285203e-04 1.957330879434e-03 4.080820801506e-05
5.971818163674e-04 1.910158521174e-03 3.942935504286e-05
1.260203756296e-03 1.632517461132e-03 5.002179398437e-05
1.199218646723e-03 1.712676066386e-03 5.026027809116e-05
-3.507558013293e-06 1.834353820071e-03 3.749572905692e-05
1.996492441987e-03 1.834353820071e-03 3.749572905692e-05
4.678015452433e-05 1.907986827028e-03 5.167084007092e-05
2.046780154524e-03 1.907986827028e-03 5.167084007092e-05
1.627924379294e-03 1.573967454001e-03 3.944559740394e-05
1.605297101282e-03 1.711564978210e-03 1.000000000000e-04
7.497123173933e-04 1.788825108237e-03 4.148975080055e-05
1.517410738790e-03 1.528226195038e-03 3.390676405256e-05
5.015698651067e-04 1.944484650560e-03 2.540769140100e-05
1.456315770348e-03 1.530847667874e-03 1.944808454223e-05
8.312387828535e-04 1.810505795369e-03 4.287034069772e-05
1.092627924752e-03 1.775302266506e-03 6.787696355117e-05
5.556801629858e-04 -2.835613569399e-05 3.475173859594e-05
5.556801629858e-04 1.971643864306e-03 3.475173859594e-05
1.952325241388e-03 1.905263145877e-03 4.123218005617e-05
1.704846403541e-03 1.885029466026e-03 1.000000000000e-04
1.478908215781e-03 1.574904932191e-03 2.660305784855e-05
1.404329111173e-03 1.636927171733e-03 7.039678527651e-05
1.486437435815e-04 1.923093284124e-03 5.130681117354e-05
1.187638953557e-03 1.790406045918e-03 2.832756304014e-05
8.529850325550e-05 -1.616448132254e-05 3.339788889613e-05
8.529850325550e-05 1.983835518677e-03 3.339788889613e-05
1.530983293121e-03 1.920762557235e-03 7.749717840068e-05
9.001377248391e-04 1.800140741634e-03 2.470585828653e-05
1.838020139946e-03 1.928635523052e-03 3.051351330398e-05
1.313265765530e-03 1.723205036973e-03 5.504901330768e-05
1.263195312605e-03 1.817912164285e-03 5.208045565323e-05
8.960402919111e-04 1.869467311590e-03 4.474082885627e-05
1.396164390775e-03 1.742410248517e-03 2.935994407854e-05
7.150268305878e-04 1.839769942475e-03 2.014189832443e-05
7.833497227705e-04 -7.560724226755e-05 8.062263206209e-05
7.833497227705e-04 1.924392757732e-03 8.062263206209e-05
1.009766026892e-03 1.885667622141e-03 7.013321332808e-05
1.135429342351e-03 1.900908126243e-03 5.644241759964e-05
1.206024920942e-03 1.925734344243e-03 1.839124338779e-05
1.449491629560e-03 1.753876736043e-03 2.518613490614e-05
1.438790810607e-03 1.900220950736e-03 1.695607959147e-05
1.280363128420e-03 1.924540272238e-03 5.592202490411e-05
1.391217260350e-03 -3.784584801441e-05 6.113984982816e-05
1.391217260350e-03 1.962154151986e-03 6.113984982816e-05
1.188938121059e-03 1.956725440151e-03 1.699731129885e-05
4.121093750000e-04 1.103515625000e-03 2.568781110107e-05
9.238281250000e-04 1.478515625000e-03 6.841384949677e-05
2.949218750000e-04 1.673828125000e-03 3.031815488828e-05
3.066406250000e-04 1.048828125000e-03 5.878515746893e-05
2.714843750000e-04 1.853515625000e-03 3.501449431816e-05
5.214843750000e-04 1.115234375000e-03 2.633183001209e-05
1.708984375000e-03 1.130859375000e-03 2.234186390062e-05
8.613281250000e-04 5.136718750000e-04 3.398493100811e-05
1.380859375000e-03 1.837890625000e-03 3.277275661096e-05
4.589843750000e-04 1.181640625000e-03 2.425762177015e-05
-3.320312500000e-05 9.765625000000e-06 5.497063859520e-05
-3.320312500000e-05 2.009765625000e-03 5.497063859520e-05
1.966796875000e-03 9.765625000000e-06 5.497063859520e-05
1.966796875000e-03 2.009765625000e-03 5.497063859520e-05
1.146484375000e-03 2.148437500000e-05 2.143637787119e-05
2.089843750000e-04 1.642578125000e-03 6.176323555016e-05
2.636718750000e-04 1.759765625000e-03 2.035180785562e-05
1.716796875000e-03 1.376953125000e-03 3.197294465625e-05
7.246093750000e-04 9.550781250000e-04 5.962631844716e-05
2.128906250000e-04 9.765625000000e-06 5.486713853995e-05
2.128906250000e-04 2.009765625000e-03 5.486713853995e-05
9.941406250000e-04 1.583984375000e-03 2.100042203406e-05
