# 2D packing, generated 2026-10-01T15:39:27.023291+00:00
# generator = preprocess/generate_packing_gravity.py
# periodic axes = xy
# porosity_achieved = 0.374799  (target 0.375000)
# 281 distinct grains; 308 rows including 27 periodic edge images.
# Centres span [-R, L+R]: a grain need only be PARTLY inside.
# Do NOT drop the out-of-box rows -- they carry the conduction
# paths that cross the domain edge, and k_eff depends on them.
# header row is 'Lx Ly'; grain rows are 'x y r', all in metres
2.000000000000e-03 2.000000000000e-03
1.018371782462e-04 2.653263380108e-05 2.928645901330e-05
1.018371782462e-04 2.026532633801e-03 2.928645901330e-05
1.311291217225e-03 6.869961478158e-06 4.962826927101e-05
1.311291217225e-03 2.006869961478e-03 4.962826927101e-05
1.238487651251e-03 5.479963595967e-05 3.417060284252e-05
1.383221302230e-03 4.271994890560e-05 2.995629740146e-05
5.478117331343e-05 5.970134493031e-05 2.486320398712e-05
1.273317017693e-04 1.244310649377e-04 7.187714383389e-05
1.895568115702e-03 2.592203534476e-05 2.163613464170e-05
8.885293669093e-04 3.048938077962e-05 1.000000000000e-04
8.885293669093e-04 2.030489380780e-03 1.000000000000e-04
1.335443729890e-03 9.429205431900e-05 3.844692662196e-05
-1.680796972518e-05 1.258200385124e-04 7.219145582615e-05
1.983192030275e-03 1.258200385124e-04 7.219145582615e-05
6.758396237921e-04 3.543674188224e-05 5.762278741696e-05
6.758396237921e-04 2.035436741882e-03 5.762278741696e-05
7.529198524924e-04 1.517764045856e-04 8.193552417465e-05
1.401710077244e-03 1.096359913371e-04 2.957267091262e-05
1.863001944856e-03 8.292868960334e-05 4.289611911242e-05
1.020444805883e-03 2.250690029035e-05 3.215684192993e-05
1.020444805883e-03 2.022506900290e-03 3.215684192993e-05
5.802234188003e-04 9.602073432190e-05 5.557121288561e-05
4.863182917325e-04 1.496124714677e-04 5.248316911371e-05
1.361580997043e-03 1.424582350392e-04 1.635396608965e-05
5.970624268649e-04 2.251444762479e-04 7.464594319216e-05
1.479869048488e-03 1.089694213255e-04 4.858914431202e-05
1.907512966042e-03 1.703296371370e-04 1.560618157299e-05
4.953554706903e-04 2.761401231686e-04 3.912963692073e-05
1.868851452681e-03 1.781559624750e-04 2.383952774536e-05
1.414272467599e-03 1.828730239735e-04 4.473396866699e-05
1.348164464776e-03 2.015174953957e-04 2.395288863483e-05
8.842375597175e-04 1.886629063803e-04 5.446466639928e-05
4.262035348081e-04 2.876407316922e-04 3.097214366725e-05
5.528272083880e-04 3.125806128705e-04 2.293341187820e-05
1.181391445785e-03 5.669813283220e-05 1.778341112842e-05
1.287185477563e-03 6.830266618386e-05 1.636463994226e-05
7.071696885425e-04 2.689537479588e-04 4.385678441484e-05
1.774068139141e-03 1.068616134532e-04 4.920169108416e-05
1.123184188335e-03 7.064698412906e-05 4.122584535950e-05
4.693850049047e-04 3.814093517378e-04 6.929584459975e-05
8.145349164584e-04 2.610513543076e-04 4.351369803300e-05
1.816905914360e-03 1.716675732926e-04 2.848284673703e-05
3.837517470104e-04 4.334492785186e-04 3.090999258179e-05
4.443870487983e-04 5.391817672383e-04 9.044470636971e-05
1.501127776904e-03 1.993740303886e-04 4.367489963305e-05
1.012011438016e-03 9.885175496671e-05 4.114262048016e-05
1.201187836700e-03 1.121248654946e-04 3.422134496081e-05
7.682484302304e-04 3.607136384545e-04 6.637278567135e-05
9.295608778100e-04 3.520333896740e-04 9.420512065907e-05
6.523962329415e-04 3.146230103675e-04 2.745822494669e-05
1.841297954148e-03 2.548032288250e-04 5.760983517657e-05
5.472985760238e-04 6.121990674061e-04 3.573894761831e-05
1.376278844380e-03 2.935683027498e-04 7.229262310785e-05
1.063328924016e-03 5.382815499979e-05 2.094753574100e-05
1.038190574199e-03 3.720042650762e-04 1.624507989273e-05
1.288368504754e-03 2.998921303634e-04 1.584487389812e-05
1.464984648152e-03 2.557354632693e-04 2.311488417466e-05
1.694308406129e-03 1.068616134532e-04 3.055804192689e-05
1.032308543735e-03 4.128658898520e-04 2.503773325876e-05
6.495983342503e-04 6.553254085949e-04 7.527963833517e-05
1.154764087118e-03 4.381458153531e-04 1.000000000000e-04
8.298154252078e-04 4.628803140098e-04 5.291087122997e-05
1.290163544249e-03 3.506098312586e-04 3.100103966742e-05
9.281689548034e-04 4.987701451526e-04 5.178635823446e-05
7.328854542317e-04 4.590943817137e-04 3.817064340106e-05
5.575740873954e-04 6.667503031166e-04 1.728184492338e-05
1.288321801190e-03 4.661104912992e-04 3.645397055313e-05
7.655226916758e-04 5.307969468862e-04 4.061039344261e-05
5.086080723379e-04 6.685047185195e-04 3.169741380372e-05
5.317524222994e-05 2.222516317484e-04 4.695845869155e-05
-3.971728946931e-05 2.891401145275e-04 6.623036012088e-05
1.960282710531e-03 2.891401145275e-04 6.623036012088e-05
5.445121698771e-04 7.912832183990e-04 9.622312849747e-05
7.411150329945e-04 6.896030812466e-04 2.244583532404e-05
1.621795087188e-03 1.868927016991e-04 7.743805295496e-05
1.259957360003e-03 5.571964625851e-04 5.886686648455e-05
1.864002513196e-03 3.732560763252e-04 6.161865797422e-05
2.836184252442e-04 1.237908814628e-04 8.441089110490e-05
-3.396284737322e-05 4.131260691480e-04 4.792897537024e-05
1.966037152627e-03 4.131260691480e-04 4.792897537024e-05
1.516691863356e-03 3.401061596583e-04 7.563164040814e-05
1.406835834713e-03 4.187702235763e-04 5.658425859274e-05
1.718236237614e-03 2.500367878613e-04 3.783584310465e-05
3.482568513357e-04 5.892699366239e-04 1.795199294095e-05
1.713280238074e-03 3.772486641855e-04 8.915648910201e-05
1.514843024784e-03 4.926616859398e-04 7.428018011031e-05
2.752563321223e-04 5.886595212657e-04 5.505109186757e-05
1.812328206458e-03 4.520775584421e-04 3.263132886922e-05
1.598119592203e-03 4.114886152514e-04 3.098654484658e-05
6.802172799551e-04 8.176130659634e-04 4.201268306042e-05
3.848696081770e-04 9.053786360322e-04 1.000000000000e-04
1.619576575979e-04 2.596872777119e-04 6.774090884269e-05
1.029996813529e-03 4.663478015899e-04 2.791490075636e-05
5.444994772626e-04 9.881761813638e-04 7.976540070573e-05
1.045133832320e-03 5.499303046401e-04 5.657126738957e-05
1.627880488248e-03 4.719710325772e-04 3.642142010511e-05
1.340302583548e-03 5.651997601089e-04 2.187598284458e-05
8.592828040132e-04 5.367211610041e-04 2.659272228182e-05
8.107157569829e-05 3.096373048189e-04 2.732519200099e-05
1.402823700225e-03 5.159860200847e-04 4.014164143256e-05
1.896222792308e-03 4.756819967755e-04 4.575552684732e-05
8.252501880639e-04 6.276592140616e-04 7.050498842444e-05
4.426815016638e-04 1.024630148866e-03 2.838167935062e-05
1.629395318127e-03 5.818015892590e-04 7.086853767239e-05
7.803494020780e-04 7.065998695352e-04 2.031194116568e-05
9.265117989951e-04 6.561234871333e-04 3.414147990110e-05
1.448539953702e-03 5.791427371762e-04 3.469261169497e-05
1.754411343866e-03 5.120537396884e-04 5.074435877051e-05
1.326548549808e-03 6.164856943184e-04 3.029366042717e-05
4.707782585558e-04 1.152129776028e-03 1.000000000000e-04
1.526161501374e-03 6.151496856258e-04 3.761794156519e-05
1.966340727588e-04 6.178975258516e-04 2.883169355864e-05
-2.584398380216e-05 4.990419595665e-04 3.560340165793e-05
1.974156016198e-03 4.990419595665e-04 3.560340165793e-05
8.882889965370e-04 7.752224103421e-04 8.995932350330e-05
1.724242135461e-03 5.930581123540e-04 2.464391214792e-05
1.849060483102e-04 9.107423905956e-04 1.000000000000e-04
1.060555577036e-03 7.741061346540e-04 8.231088054716e-05
6.162506632713e-04 1.240286153800e-03 7.009928708447e-05
1.925459349105e-03 5.544783687944e-04 3.818386590270e-05
1.200009813536e-03 8.037083706253e-04 6.025060721342e-05
1.710196558148e-03 6.530298409177e-04 3.684545502699e-05
1.575280854154e-03 7.074251885867e-04 6.591473586312e-05
6.462995453782e-05 9.764504528621e-04 3.705432565222e-05
1.834050907714e-03 5.915944044654e-04 6.047262532548e-05
1.127889194843e-03 9.333181488911e-04 8.801380280724e-05
1.670732116322e-03 7.472951103500e-04 3.752874678448e-05
2.896653030095e-04 1.040479910820e-03 6.527619178295e-05
9.835571370802e-06 5.806102832042e-04 5.014633184777e-05
2.009835571371e-03 5.806102832042e-04 5.014633184777e-05
3.471458635917e-04 1.115010799021e-03 2.884537331346e-05
5.089328567616e-04 1.291483778421e-03 4.448291022562e-05
-6.438695070431e-05 6.979629136923e-04 8.659582254111e-05
1.935613049296e-03 6.979629136923e-04 8.659582254111e-05
1.865992072336e-04 1.090732177254e-03 4.938816832856e-05
1.608237230093e-03 8.492913120140e-04 7.972907516678e-05
5.717697186637e-04 1.330085101437e-03 2.926350224499e-05
1.395090302268e-03 6.285791867135e-04 3.811417220122e-05
2.752082495077e-04 1.162904131625e-03 5.757680359090e-05
1.455054054170e-03 7.074251881711e-04 5.431206412074e-05
1.818242122606e-03 6.979629137995e-04 3.077510414859e-05
1.830757778351e-03 7.649899900570e-04 3.741045583556e-05
7.464185101607e-04 8.287640394335e-04 2.512112029148e-05
9.707806037698e-04 1.004433985497e-03 8.444074658252e-05
1.745054744457e-03 8.137326261600e-04 6.118393849204e-05
1.715159869999e-03 9.265443790928e-04 5.218183149972e-05
1.079810269254e-03 1.041389052724e-03 3.026934620841e-05
3.910505699859e-05 7.713241989162e-04 4.026029212459e-05
2.039105056999e-03 7.713241989162e-04 4.026029212459e-05
7.226816512254e-04 9.088171592588e-04 5.836859708088e-05
1.345347551919e-03 7.599963395050e-04 6.734007350416e-05
7.956959982388e-04 1.042093715172e-03 9.359763346387e-05
1.458648118595e-03 9.421607673480e-04 9.634374503194e-05
1.150126042181e-04 1.033154512721e-03 3.879922926269e-05
6.809152479391e-04 1.399340472722e-03 1.000000000000e-04
1.890837704306e-03 8.131278757653e-04 3.696711691969e-05
1.287941356309e-03 8.515084137231e-04 3.983336156389e-05
5.324839263779e-04 1.420881019431e-03 4.998617391207e-05
1.043506348957e-03 1.097618579212e-03 3.376417090759e-05
5.743766882500e-04 1.541389649445e-03 7.719112218564e-05
1.131746308845e-03 1.054837520928e-03 2.337963798965e-05
8.068158985076e-04 1.460616982620e-03 4.002065732879e-05
1.566157720159e-03 1.000430677594e-03 2.594156422625e-05
3.527264529425e-04 1.180765628693e-03 2.147526853806e-05
7.507347713264e-04 1.514719907378e-03 3.485985239303e-05
1.347500885243e-03 9.800991383841e-04 2.109997544125e-05
3.308055526813e-04 1.230108514217e-03 2.960033762841e-05
1.532000807594e-03 1.124287781351e-03 1.000000000000e-04
3.842971351185e-04 1.267096004266e-03 3.543368279005e-05
5.386924671207e-05 1.159285618111e-03 1.000000000000e-04
2.053869246712e-03 1.159285618111e-03 1.000000000000e-04
4.325628735597e-04 1.323129864775e-03 3.818418791957e-05
1.641560575776e-03 9.525667700756e-04 2.588237873742e-05
1.294698488106e-03 9.800991383516e-04 3.170242169630e-05
1.895526859794e-04 1.169410390391e-03 2.828823107335e-05
6.889751384030e-04 1.558563522799e-03 3.868703331769e-05
9.019588930298e-04 1.085701741548e-03 2.126516631813e-05
1.666725077588e-03 1.124287781348e-03 3.472426999377e-05
1.128653694984e-03 1.157111976992e-03 7.010851517928e-05
7.840273075757e-04 1.621714595050e-03 7.543120907692e-05
6.851537531405e-04 1.666718673559e-03 3.154914916737e-05
3.610976965910e-04 1.346645927567e-03 3.705062269647e-05
6.122755695750e-04 1.709294939562e-03 5.285449112735e-05
9.560108551055e-04 1.165614777817e-03 7.521129697702e-05
1.801449347582e-03 1.124287781348e-03 1.000000000000e-04
8.381602785491e-04 1.208023245230e-03 5.003740163110e-05
1.364376547369e-03 1.051295614743e-03 4.786979128632e-05
1.933987068552e-03 1.242314476980e-03 4.573615102865e-05
1.658927071413e-05 1.329966232879e-03 7.470456586679e-05
2.016589270714e-03 1.329966232879e-03 7.470456586679e-05
7.308100368799e-04 1.749397634905e-03 6.289824670432e-05
4.088513953061e-04 1.377166187158e-03 1.962302183614e-05
6.507315750713e-04 1.819317445288e-03 4.340951883371e-05
1.646357410747e-03 1.189419618740e-03 3.160390923623e-05
2.073031869178e-04 1.258340661838e-03 5.955232077108e-05
1.324005431767e-04 1.323330274004e-03 3.961450587579e-05
1.047497916224e-03 1.238670742676e-03 4.186584149841e-05
1.299215484629e-04 1.462922733398e-03 1.000000000000e-04
1.259384033850e-03 1.064477709585e-03 5.794701040139e-05
1.847649816610e-03 1.259433467801e-03 4.228193454687e-05
1.886495156552e-03 1.351399059783e-03 5.714328659315e-05
2.941953220849e-04 1.366484475463e-03 3.273114925852e-05
-8.563933193446e-06 1.496099889027e-03 4.240422153547e-05
1.991436066807e-03 1.496099889027e-03 4.240422153547e-05
1.597118922780e-03 1.273321417768e-03 6.263884440322e-05
9.080465812777e-04 1.270134445497e-03 3.978840952576e-05
1.119583597234e-03 1.262508389327e-03 3.405898187685e-05
2.754969342126e-04 1.489928290905e-03 4.620327695738e-05
2.205724134458e-04 1.562407194883e-03 3.459121108420e-05
1.245266263184e-03 1.309152554038e-03 1.000000000000e-04
7.179948945152e-04 1.838875407906e-03 2.420856340961e-05
1.389079007911e-03 1.323972352948e-03 4.457431302174e-05
8.786397761893e-04 1.626109732683e-03 1.928329265407e-05
1.694915704869e-03 1.171288551023e-03 1.644092656622e-05
3.396945662841e-04 1.410651629420e-03 3.043881245137e-05
8.260559521204e-04 1.859122656724e-03 8.239929983237e-05
3.454738321568e-04 1.503917948766e-03 2.496586672648e-05
1.481873001369e-03 1.368958368916e-03 5.854923838427e-05
1.598044433897e-03 1.398523555933e-03 6.132528776235e-05
1.788968817960e-03 1.351079921689e-03 4.038359680439e-05
1.394576412846e-03 1.405804212404e-03 3.620470902705e-05
6.874566394288e-04 1.879702164082e-03 2.677593534352e-05
5.116176911317e-04 1.721143763237e-03 4.849845328281e-05
3.039078640663e-04 1.583199336786e-03 5.129915946073e-05
9.271709509226e-04 1.888405639512e-03 2.284646534509e-05
3.688754048964e-04 1.701315850285e-03 8.350618667173e-05
1.884414399715e-03 1.496057654176e-03 6.461747041098e-05
1.513067188678e-03 1.478984090248e-03 5.570047772217e-05
4.548185575989e-04 1.772914378113e-03 2.835439642115e-05
2.418157041116e-04 1.764169686307e-03 5.825016670214e-05
1.345029779951e-03 1.367200733305e-03 1.542248651697e-05
-3.860565711083e-05 1.583675853710e-03 5.018117827117e-05
1.961394342889e-03 1.583675853710e-03 5.018117827117e-05
1.614273925220e-03 1.508441801741e-03 4.946486908570e-05
5.667193114210e-04 1.775159835116e-03 2.671723397969e-05
1.061625290206e-03 1.347000509162e-03 6.738122254675e-05
1.542745375261e-03 1.594706346703e-03 6.259719066642e-05
5.094661137752e-04 1.843051236482e-03 6.055973798089e-05
1.862362403427e-03 1.613312454370e-03 5.319025785992e-05
1.322482529441e-03 1.425946845978e-03 3.865017532785e-05
1.148831740072e-03 1.428674866259e-03 5.209959392835e-05
6.057604074269e-04 1.929865459662e-03 6.909203462607e-05
1.243595298461e-03 1.498613423041e-03 6.567788152103e-05
3.767895470243e-05 1.548963193536e-03 2.540565108264e-05
7.175960885635e-04 1.914325303862e-03 1.912779167362e-05
1.439047662293e-03 1.632002135748e-03 4.760349750469e-05
4.463910407204e-04 1.903790981302e-03 2.700624791853e-05
1.340412086996e-03 1.636202245061e-03 4.961801015160e-05
1.691999727398e-03 1.516310764521e-03 2.865824472495e-05
3.945285199321e-04 1.903460292127e-03 2.485737739525e-05
1.121480136739e-03 1.562443543754e-03 7.211325401641e-05
1.396055169729e-03 1.730541402789e-03 5.990623142936e-05
1.764186627016e-03 1.613264064365e-03 4.498553211175e-05
4.942805303577e-04 1.952439901267e-03 4.125884617074e-05
7.556532691736e-04 -3.186564780022e-05 4.677946596027e-05
7.556532691736e-04 1.968134352200e-03 4.677946596027e-05
-5.686171233319e-05 1.692757112567e-03 6.008335734676e-05
1.943138287667e-03 1.692757112567e-03 6.008335734676e-05
1.103319401961e-04 1.764952787745e-03 7.323610628924e-05
1.035801944172e-03 1.621813915217e-03 3.212490449229e-05
-3.723909901274e-05 1.855691405522e-03 1.000000000000e-04
1.962760900987e-03 1.855691405522e-03 1.000000000000e-04
1.893375785337e-04 1.821976937293e-03 1.982442248836e-05
1.507801071029e-03 1.691257560270e-03 3.876027492664e-05
1.238145445315e-03 1.748858958888e-03 9.906236484623e-05
1.570065640590e-03 1.720127284671e-03 2.987162443259e-05
2.321757500493e-04 1.854515355093e-03 3.260842043934e-05
1.083216951232e-03 1.746314797296e-03 4.479584095353e-05
1.821537482945e-03 1.875663779754e-03 4.262879316112e-05
9.051930433422e-05 1.867489675205e-03 2.646096896853e-05
8.411474476529e-05 1.947208155844e-03 5.199366491378e-05
1.116325693700e-03 1.817011572749e-03 3.326966286959e-05
1.404973874378e-03 1.890198721057e-03 1.000000000000e-04
9.930167506816e-04 1.647775957439e-03 1.792107854657e-05
1.049679425890e-03 1.872567159093e-03 3.994083419126e-05
1.173820113908e-03 -6.275825642932e-05 1.000000000000e-04
1.173820113908e-03 1.937241743571e-03 1.000000000000e-04
1.048825862064e-03 1.968508672414e-03 2.884559836804e-05
1.882676969111e-04 1.928559926491e-03 5.347598300899e-05
1.278340253560e-03 1.895776660476e-03 1.096180578997e-05
1.671829305050e-03 1.719943066281e-03 7.177820634266e-05
3.541886247645e-06 -1.067964382047e-05 3.715499623274e-05
3.541886247645e-06 1.989320356180e-03 3.715499623274e-05
2.003541886248e-03 -1.067964382047e-05 3.715499623274e-05
2.003541886248e-03 1.989320356180e-03 3.715499623274e-05
2.667035932787e-04 1.961677340678e-03 3.157438902487e-05
1.458643343719e-04 -6.149661592774e-06 2.437571712048e-05
1.458643343719e-04 1.993850338407e-03 2.437571712048e-05
1.571583441324e-03 1.830056883028e-03 7.713212208022e-05
1.779634442557e-03 1.759721822572e-03 4.313174595340e-05
1.724974757426e-03 1.811798096342e-03 3.234501774046e-05
1.677962916720e-03 1.853222168444e-03 3.031331702899e-05
1.774837743225e-03 1.823004513861e-03 1.876174449780e-05
3.621313017594e-04 -8.213363230391e-06 6.849067609292e-05
3.621313017594e-04 1.991786636770e-03 6.849067609292e-05
1.762127278597e-03 1.875075325172e-03 1.678436725582e-05
1.425781250000e-04 4.589843750000e-04 4.468851462238e-05
1.103515625000e-03 2.285156250000e-04 4.673684195301e-05
9.550781250000e-04 1.490234375000e-03 3.845757200627e-05
-8.007812500000e-05 9.550781250000e-04 8.446826503730e-05
1.919921875000e-03 9.550781250000e-04 8.446826503730e-05
1.607421875000e-03 5.859375000000e-06 4.492518392645e-05
1.607421875000e-03 2.005859375000e-03 4.492518392645e-05
3.066406250000e-04 3.339843750000e-04 6.845980049773e-05
3.691406250000e-04 7.089843750000e-04 3.554470854997e-05
2.363281250000e-04 7.285156250000e-04 3.392144993925e-05
6.074218750000e-04 4.628906250000e-04 8.201815300624e-05
1.736328125000e-03 1.974609375000e-03 8.815462242934e-06
