# 2D packing, generated 2026-09-28T19:11:24.543231+00:00
# generator = preprocess/generate_packing_gravity.py
# periodic axes = xy
# porosity_achieved = 0.374980  (target 0.375000)
# 348 distinct grains; 381 rows including 33 periodic edge images.
# Centres span [-R, L+R]: a grain need only be PARTLY inside.
# Do NOT drop the out-of-box rows -- they carry the conduction
# paths that cross the domain edge, and k_eff depends on them.
# header row is 'Lx Ly'; grain rows are 'x y r', all in metres
2.000000000000e-03 2.000000000000e-03
6.489857035100e-04 3.543860608834e-05 7.667957867721e-05
6.489857035100e-04 2.035438606088e-03 7.667957867721e-05
4.195933513403e-04 5.482100218290e-05 7.962877702338e-05
4.195933513403e-04 2.054821002183e-03 7.962877702338e-05
1.883821663820e-03 2.809975427608e-05 2.650261024616e-05
3.160387762169e-04 2.767622693862e-05 2.742451259324e-05
8.185588614286e-04 6.631770559411e-05 7.675813382180e-05
8.185588614286e-04 2.066317705594e-03 7.675813382180e-05
-9.516886803057e-06 6.607356173407e-05 4.494865389967e-05
1.990483113197e-03 6.607356173407e-05 4.494865389967e-05
1.667839559637e-03 5.102223233011e-05 5.165058990280e-05
1.667839559637e-03 2.051022232330e-03 5.165058990280e-05
1.880400880683e-03 1.451356924873e-04 9.058335226045e-05
9.286593775212e-04 3.706829152106e-05 3.716151996166e-05
9.286593775212e-04 2.037068291521e-03 3.716151996166e-05
1.737931756790e-03 1.087692142830e-04 3.916587350768e-05
2.155344625377e-04 4.597524604127e-05 7.473214901389e-05
2.155344625377e-04 2.045975246041e-03 7.473214901389e-05
1.114017682042e-03 3.777019163338e-05 2.770552478655e-05
1.584422341811e-03 8.718536232783e-05 3.926807815312e-05
1.067808898019e-03 7.173281167857e-05 2.915794497160e-05
-7.826557475075e-06 1.623431221070e-04 2.235199795800e-05
1.992173442525e-03 1.623431221070e-04 2.235199795800e-05
3.126217161723e-04 1.012182554159e-04 3.697159924792e-05
-2.223264566347e-05 2.082604559067e-04 2.545530961586e-05
1.977767354337e-03 2.082604559067e-04 2.545530961586e-05
7.115174703969e-04 1.727073956360e-04 7.416140651748e-05
1.673376523400e-03 1.355178594947e-04 3.071164919200e-05
1.330202186612e-03 1.369227580921e-05 2.426008040898e-05
1.330202186612e-03 2.013692275809e-03 2.426008040898e-05
1.183878894436e-04 7.995674344166e-05 2.818628349299e-05
3.765534041714e-04 1.404845771493e-04 1.623724459213e-05
6.111913893250e-04 1.867706285791e-04 2.553759142333e-05
1.463468536579e-03 5.839659258538e-05 3.699575609971e-05
8.142162477293e-04 1.778498730246e-04 2.866623709561e-05
3.851668852918e-05 2.145582797032e-04 3.561960606152e-05
1.722492676110e-03 1.801939733065e-04 3.390848186966e-05
1.204242417703e-03 6.355115816819e-05 6.326458782954e-05
1.132655244225e-03 6.757123439949e-05 7.443598589227e-06
9.802984810887e-04 7.785364995117e-05 2.864158817968e-05
6.348423585748e-04 2.536501576000e-04 3.733266929101e-05
2.676710537973e-04 1.790778375759e-04 5.293213197639e-05
1.113656207928e-03 1.591915945344e-04 6.846602542979e-05
1.615203835980e-03 1.499003422366e-04 2.921261443700e-05
1.519594920887e-04 1.140692719205e-04 1.842673282347e-05
1.292559439645e-03 4.648622350046e-05 2.566405608222e-05
1.780365813414e-03 2.266931022720e-04 3.848499427802e-05
5.531767244339e-04 2.667829144694e-04 4.538258151280e-05
5.366227110437e-04 5.516047735309e-05 3.740122353507e-05
1.019418719195e-03 1.591915945344e-04 2.577146330364e-05
4.538187174219e-04 2.733996363628e-04 5.419585349251e-05
5.208281567868e-04 3.334640062424e-04 2.873086914827e-05
1.026585890681e-03 2.303020347689e-04 4.395254445887e-05
6.374714251448e-04 3.909572956968e-04 1.000000000000e-04
7.677819938577e-04 3.917670510040e-04 3.031313534256e-05
-9.768660647744e-06 2.675597449147e-04 3.513971833852e-05
1.990231339352e-03 2.675597449147e-04 3.513971833852e-05
1.899964695839e-03 2.942719354974e-04 5.898870654205e-05
1.612862895020e-04 1.855386324641e-04 5.364864257028e-05
8.605756718522e-04 1.956947267473e-04 2.100915535904e-05
-2.107022037613e-05 3.295486686688e-04 2.749790145482e-05
1.978929779624e-03 3.295486686688e-04 2.749790145482e-05
1.653219035732e-03 1.924740601139e-04 2.786344767381e-05
8.296400583559e-04 2.202896688275e-04 1.648939169037e-05
3.403770989047e-04 3.083902099621e-04 6.451980736117e-05
4.680650458514e-04 3.594618552932e-04 3.008950097606e-05
5.022042429476e-04 4.208263764355e-04 3.838064686210e-05
1.692276898431e-03 2.293844425554e-04 2.382102086230e-05
1.285145604917e-03 9.975032989271e-05 2.536783138023e-05
1.392946086969e-03 8.389353494601e-05 3.799430970055e-05
1.095963338419e-03 2.564964169569e-04 3.020523269791e-05
9.299802704869e-04 2.303020347689e-04 5.265307573549e-05
8.554008933734e-04 2.544176368759e-04 2.572833631873e-05
5.391145965882e-04 4.994638054739e-04 4.645047506910e-05
1.452687372200e-03 1.406264978896e-04 4.439288739583e-05
1.251793916215e-03 1.344202411929e-04 2.207925752271e-05
9.824786454283e-04 2.860401109868e-04 2.391592916827e-05
1.729421355052e-03 2.916064263477e-04 4.403217306237e-05
1.325247927790e-03 1.823669465290e-04 6.563834828729e-05
1.651925819095e-03 2.390717176288e-04 1.767660439391e-05
8.155235026659e-05 3.294981452102e-04 7.512469258563e-05
1.050930746749e-03 3.201710081379e-04 4.778443248044e-05
1.422764373014e-03 2.187093286149e-04 3.843002262746e-05
1.631536027768e-03 3.102066954753e-04 5.560472474802e-05
2.268983428129e-04 3.193374170457e-04 4.948592975539e-05
4.332555927534e-04 4.208057123839e-04 3.056800642863e-05
6.232997028272e-04 5.337393621525e-04 4.348395283122e-05
1.371496850108e-03 2.786823225935e-04 4.046940013138e-05
8.391759800088e-04 3.946839495353e-04 4.114043915766e-05
1.524214342537e-03 1.209393548891e-04 2.975608566242e-05
1.517181662822e-03 3.131704864847e-04 5.878805510290e-05
1.806000395528e-03 3.559845164580e-04 5.342896446782e-05
7.855194051973e-04 4.615085670223e-04 4.164862867007e-05
5.621103237219e-04 5.681963441247e-04 2.602688574044e-05
1.434758995976e-03 3.494358387179e-04 3.126011553675e-05
1.701680784440e-03 3.993617540575e-04 5.774286481158e-05
1.486945275142e-03 4.545108725670e-04 8.572127936891e-05
1.634669090286e-03 5.142176591968e-04 7.361241427470e-05
-6.948285765603e-06 3.846551285935e-04 2.915641226483e-05
1.993051714234e-03 3.846551285935e-04 2.915641226483e-05
6.033538856024e-04 6.002955584185e-04 2.599694035606e-05
1.542940759740e-03 5.534900686503e-04 2.616880024305e-05
1.351777613016e-03 4.545092917608e-04 4.944601371694e-05
3.206149086175e-04 4.598020312991e-04 8.817629742378e-05
5.358011209698e-04 6.458336766591e-04 5.547164389477e-05
1.576184576508e-03 6.095764173135e-04 3.825223644029e-05
6.971448414088e-04 5.326917765643e-04 3.036862449544e-05
1.735048989728e-04 3.743720611487e-04 2.719316038347e-05
4.471095565374e-04 5.034631502172e-04 4.564148406048e-05
8.940734865142e-04 4.943264811089e-04 7.175774020765e-05
4.181935808170e-05 4.475373406964e-04 4.939180254857e-05
2.041819358082e-03 4.475373406964e-04 4.939180254857e-05
1.788217425535e-03 4.514327069716e-04 4.325205778045e-05
1.663076040016e-03 6.399763559804e-04 5.380363084422e-05
1.392163462030e-03 5.372587050614e-04 4.009921132897e-05
1.256773090571e-03 5.732758722371e-04 1.000000000000e-04
1.916894420764e-03 4.004027669781e-04 4.847014201056e-05
1.042850395023e-03 4.505934286643e-04 8.288805835055e-05
1.115050939513e-03 5.521557549146e-04 4.172263436096e-05
-4.855266213913e-05 5.026920283849e-04 5.648143114534e-05
1.951447337861e-03 5.026920283849e-04 5.648143114534e-05
1.134028085122e-03 6.280465120127e-04 3.441041382373e-05
1.051538531456e-03 6.280463553174e-04 4.807913984196e-05
1.744032613704e-03 6.399763559804e-04 2.715294284428e-05
4.786186164026e-05 5.526656399704e-04 5.211471174433e-05
2.047861861640e-03 5.526656399704e-04 5.211471174433e-05
1.389421213085e-03 6.252618399288e-04 4.247081009001e-05
6.623160264590e-04 5.994892237811e-04 3.297076075769e-05
1.860629626205e-03 4.527973530826e-04 2.841236419098e-05
4.266711420507e-04 6.516498395797e-04 5.381341008853e-05
1.591377956659e-03 6.737595834334e-04 2.545494354440e-05
1.467443028685e-03 6.606022713651e-04 4.318168434851e-05
1.103260165035e-03 6.692399852713e-04 1.700521751117e-05
1.333719848704e-03 6.824956174464e-04 3.360266024365e-05
-2.896081160894e-05 5.935951350602e-04 3.493094692659e-05
1.971039188391e-03 5.935951350602e-04 3.493094692659e-05
9.792918198198e-04 5.463259572437e-04 2.807266601695e-05
9.370152546078e-04 5.817101854302e-04 2.560707543838e-05
2.048927827610e-04 5.148117938590e-04 3.995524366739e-05
1.737484716565e-03 7.332092448940e-04 6.548183650630e-05
1.538361205935e-03 7.601246693782e-04 7.588460415334e-05
1.919091273439e-03 5.935951350602e-04 1.701696802521e-05
7.596902260205e-04 5.280352628735e-04 2.971626582887e-05
6.270594562016e-04 6.615726902698e-04 3.700080867360e-05
1.928404020626e-03 6.349709697518e-04 2.448047644325e-05
-1.770304410250e-05 6.653698831534e-04 3.739473998646e-05
1.982296955897e-03 6.653698831534e-04 3.739473998646e-05
1.837179321835e-03 4.978353924626e-04 2.236501035949e-05
1.439286932206e-03 7.944208385569e-04 2.895784400290e-05
3.452418508606e-04 6.614519955139e-04 2.820389093152e-05
1.868249797822e-03 5.515189760459e-04 3.966160992900e-05
1.393701849925e-03 6.976310443266e-04 2.825945754578e-05
5.839001588478e-04 7.376922847217e-04 4.821797976604e-05
1.065431631980e-03 7.197582324344e-04 4.467901770727e-05
1.276425545269e-03 6.981293858297e-04 2.578632796012e-05
1.646421002933e-03 7.718120527523e-04 3.280538920942e-05
7.431123518414e-04 6.020368700435e-04 4.611950412592e-05
1.929212004861e-03 6.786675538671e-04 1.733039201878e-05
8.224500750066e-04 5.751765152867e-04 3.623135774646e-05
1.216528716142e-03 7.051000813871e-04 3.451475607676e-05
2.480635431437e-04 7.026974068207e-04 7.736518506118e-05
1.371694673140e-03 8.081049787187e-04 4.000569112713e-05
1.621624092546e-03 8.574372271788e-04 5.218741540002e-05
3.533921702213e-04 7.457133717949e-04 3.626466139067e-05
8.140704453670e-05 6.653698832462e-04 6.171534865274e-05
6.943075324757e-04 7.527931508241e-04 6.321733033679e-05
9.652501094000e-04 6.391627238492e-04 3.840855726283e-05
1.137870351099e-03 7.497199391527e-04 3.371149126542e-05
8.115751409876e-04 7.794450927984e-04 5.704080882867e-05
9.597645105033e-04 7.428605533335e-04 6.348408964526e-05
3.080617138939e-04 8.045236726638e-04 3.798794724434e-05
9.049978119370e-04 8.557231464255e-04 6.196453008134e-05
1.056146986111e-03 8.668467055352e-04 8.959340082530e-05
5.096705396399e-04 7.375745337175e-04 2.600436677355e-05
1.840339843911e-03 7.734002513047e-04 4.494684734706e-05
6.209166347598e-04 7.989180496467e-04 2.332794279234e-05
1.263330688350e-03 7.625447521593e-04 3.958190243546e-05
1.778263870144e-03 8.404725909834e-04 4.644311528083e-05
7.421005685380e-04 8.265294169210e-04 2.465309571098e-05
1.714906483144e-03 9.289651029615e-04 6.239200388381e-05
7.953788134390e-04 8.878835293953e-04 5.227475853893e-05
1.921620524707e-03 7.893411094775e-04 3.788225400026e-05
9.620979026218e-04 9.170197768769e-04 1.700194237968e-05
1.797599681260e-03 9.289651029615e-04 2.030119423222e-05
1.853235368062e-03 9.520002183347e-04 3.991463579741e-05
1.211066339307e-03 7.625447521593e-04 1.268244660780e-05
4.330916005576e-04 8.629034705588e-04 1.000000000000e-04
1.200644596559e-03 8.195035673659e-04 4.511669692582e-05
6.899068867882e-04 8.493362768367e-04 3.230454066674e-05
1.468867970662e-04 7.215227695181e-04 2.454440226266e-05
1.664335796815e-04 7.873894964932e-04 4.026224843727e-05
8.412582461700e-06 7.532076146580e-04 5.249348880384e-05
2.008412582462e-03 7.532076146580e-04 5.249348880384e-05
5.491701839291e-04 8.629042302041e-04 1.607716933944e-05
5.717526144542e-04 9.324437485449e-04 5.512165390705e-05
2.530368014882e-04 7.964675022322e-04 1.653670092486e-05
8.096538435135e-05 8.275185775251e-04 5.136231635062e-05
4.992412178874e-04 9.733003690992e-04 2.809464293816e-05
5.503801658874e-04 1.043133929476e-03 5.761298778196e-05
1.570067048232e-03 1.002400115181e-03 1.000000000000e-04
4.213911550668e-04 1.100953521367e-03 8.374215719792e-05
9.799602153469e-04 9.650517013470e-04 3.424381826634e-05
8.621236243820e-04 9.380678132528e-04 3.087317838563e-05
7.161734774271e-04 9.058667029097e-04 2.894641962543e-05
3.085488769374e-04 1.101063986364e-03 2.909472518592e-05
1.621207746198e-04 8.713349131661e-04 4.086603416392e-05
1.692098419318e-03 1.021559491980e-03 2.352626137184e-05
7.491872383618e-04 9.763505710373e-04 4.752543717734e-05
1.678318413797e-03 1.068001168968e-03 2.491667323777e-05
8.259654314385e-04 9.839931669302e-04 2.757810925916e-05
9.013381245182e-04 1.014437300393e-03 5.371080833968e-05
3.245482654095e-04 1.159140569200e-03 2.917546637559e-05
1.064806437443e-03 1.032650782212e-03 7.423897823986e-05
1.931194484953e-03 9.520002183347e-04 3.804448109318e-05
1.304125078050e-03 8.180289476976e-04 2.828878405888e-05
6.561219669601e-04 9.877749011346e-04 4.576939715846e-05
3.703708033506e-04 1.215127470879e-03 4.131295459319e-05
5.294538864510e-04 1.136655839201e-03 3.003613635582e-05
2.859622435314e-04 1.260062337452e-03 5.431118713219e-05
7.990665201235e-04 1.050199081179e-03 4.158991054277e-05
1.639544954793e-03 1.162183054078e-03 7.423480439593e-05
7.181574850658e-04 1.085426429406e-03 4.665541804189e-05
1.500042829444e-03 1.220600048533e-03 7.700470174582e-05
9.542030558075e-04 1.151967064152e-03 8.845546900837e-05
1.424186147537e-03 8.482899302234e-04 2.610168525281e-05
1.118450839608e-03 1.176442065769e-03 7.760584553370e-05
4.470350200096e-04 1.217648700238e-03 3.539279776618e-05
2.266315496972e-04 8.869536062640e-04 2.550853683413e-05
5.982505823573e-04 1.173149329281e-03 4.784043384248e-05
1.612261356372e-03 1.283687471138e-03 5.029518439362e-05
1.924684661361e-04 9.692683927481e-04 6.166176110836e-05
2.164151038780e-04 1.271824611888e-03 1.618094601522e-05
1.529359983081e-03 1.343594033993e-03 4.943507030712e-05
2.182492045040e-04 1.338926739096e-03 4.963440820461e-05
1.251729245740e-04 1.381548335895e-03 5.273648298099e-05
1.785014844997e-03 1.162183054078e-03 7.123508580822e-05
1.896307760809e-03 1.219955086220e-03 5.415917565422e-05
7.804338167080e-04 1.224903442880e-03 1.000000000000e-04
6.472564517020e-04 1.241416073496e-03 3.419715913454e-05
1.617060470876e-03 1.385258259018e-03 4.765912728711e-05
2.033890991127e-04 1.417983079520e-03 3.080662580052e-05
1.263932723077e-03 8.836884504616e-04 4.502256297826e-05
1.715906609786e-03 1.240962934412e-03 3.356099102364e-05
4.745560474629e-05 1.422830473965e-03 3.520430515656e-05
5.034095671033e-04 1.217609809472e-03 2.098181995981e-05
1.685251362492e-03 1.411817368294e-03 2.552136181268e-05
-1.213009126466e-05 1.444345510999e-03 2.814671683730e-05
1.987869908735e-03 1.444345510999e-03 2.814671683730e-05
1.024456985846e-03 1.271255737635e-03 4.998369563481e-05
1.586955002366e-04 1.452256553569e-03 2.551587963705e-05
4.096725575900e-04 1.291347359249e-03 4.442239204398e-05
3.022766013962e-04 1.349011115026e-03 3.474676588478e-05
2.545386990860e-05 1.473400145671e-03 1.935829272406e-05
1.547484758921e-03 1.428173843552e-03 3.408759796789e-05
5.552525639165e-04 1.259160666918e-03 4.545742459459e-05
3.530885883959e-04 1.349010911971e-03 1.606522111541e-05
1.810669156831e-03 1.292204674450e-03 5.788534001184e-05
9.403166061590e-04 1.274436582130e-03 3.421678693902e-05
2.150573782772e-04 1.493170700423e-03 4.297553716811e-05
1.051302161893e-04 1.538333874006e-03 7.586778407109e-05
3.486046666954e-04 1.403800038539e-03 3.692458619911e-05
9.679425822909e-04 1.346139772921e-03 4.262423157845e-05
1.651047150233e-03 1.464752668311e-03 3.750303127595e-05
1.574240207373e-03 1.514762234404e-03 5.413113977681e-05
4.853100546439e-04 1.414399940252e-03 1.000000000000e-04
3.689553789186e-04 1.462801964209e-03 2.514320595193e-05
1.679518411190e-03 1.559782231966e-03 6.036908065856e-05
1.598886825552e-03 1.597211499435e-03 2.852206177950e-05
1.272571070830e-03 1.209852466425e-03 8.009418789667e-05
1.175353277237e-03 1.277473192628e-03 3.832820020409e-05
6.660382653003e-04 1.343071977402e-03 6.446928203409e-05
1.229916121341e-03 1.300001941760e-03 1.963731474469e-05
-7.075349749923e-05 1.558781608138e-03 1.000000000000e-04
1.929246502501e-03 1.558781608138e-03 1.000000000000e-04
1.496170154149e-03 1.524753213021e-03 2.457561276524e-05
1.387199217293e-03 1.234226504094e-03 3.665866567892e-05
2.963212225381e-04 1.409108379605e-03 1.562765623875e-05
3.935279707122e-04 1.523192519490e-03 4.005519963177e-05
4.477293084955e-04 1.516877822760e-03 9.151404390384e-06
4.293706721936e-05 1.627495532885e-03 3.284261166501e-05
4.746305372050e-04 1.578567899197e-03 5.814898150419e-05
2.822106035454e-04 1.456303862286e-03 3.363215048378e-05
6.192450229901e-04 1.617382122580e-03 9.158377759842e-05
2.275337733748e-04 1.597706455214e-03 5.924413245597e-05
5.036933444406e-04 1.658740750367e-03 2.712899354652e-05
-6.775042836388e-06 1.715815028501e-03 6.850716849837e-05
1.993224957164e-03 1.715815028501e-03 6.850716849837e-05
1.781601191706e-03 1.632951788442e-03 6.522820530211e-05
1.696795538453e-03 1.653666658826e-03 2.207074691577e-05
1.226349767135e-04 1.678266323081e-03 6.098707670777e-05
1.355705659549e-03 1.324361482253e-03 5.881991027970e-05
1.868801771841e-03 1.713429785717e-03 5.343370685720e-05
2.012802412554e-04 1.669988878329e-03 1.765838141789e-05
1.269221506841e-03 1.328868711722e-03 2.778161272723e-05
1.776449475455e-03 1.747161908516e-03 4.226228337014e-05
4.377069316532e-04 1.672742683823e-03 3.980811082706e-05
8.512444840196e-04 1.394542269341e-03 8.371360044273e-05
3.271109071737e-04 1.493992056246e-03 2.498901706141e-05
1.911680025438e-03 1.846754269035e-03 8.574867643437e-05
1.635085490248e-03 1.655308617782e-03 3.966114881843e-05
1.972677103397e-04 1.713276585163e-03 2.144934351780e-05
7.253608688109e-04 1.447350279027e-03 5.279782935339e-05
5.241047148577e-04 1.736741037000e-03 5.349773272926e-05
1.773178011281e-03 1.850682121595e-03 5.280942614218e-05
1.660094928438e-03 1.903530932215e-03 7.201389919403e-05
3.262443245001e-05 1.885734837387e-03 3.971835752131e-05
2.032624432450e-03 1.885734837387e-03 3.971835752131e-05
8.013495806566e-05 1.753607734521e-03 2.551482999337e-05
3.740577937204e-04 1.698004903561e-03 2.867102837373e-05
1.456957172325e-04 1.911990949015e-03 7.636135793716e-05
7.960972266914e-04 1.516012100824e-03 4.578248358328e-05
4.091957285184e-05 -2.889091913493e-05 4.247167517560e-05
4.091957285184e-05 1.971109080865e-03 4.247167517560e-05
2.040919572852e-03 -2.889091913493e-05 4.247167517560e-05
2.040919572852e-03 1.971109080865e-03 4.247167517560e-05
1.106385066920e-03 1.371874167802e-03 7.858269812441e-05
1.523291689398e-03 1.922843994153e-03 6.614604775434e-05
1.945840679843e-03 -1.988864871141e-05 5.191459482630e-05
1.945840679843e-03 1.980111351289e-03 5.191459482630e-05
6.414782301614e-04 1.777183740143e-03 6.975714323085e-05
4.184875562741e-04 1.754644090928e-03 4.331509074836e-05
3.100226045363e-04 1.697965573247e-03 3.536417288864e-05
5.486195527931e-04 1.812817799965e-03 2.643130672696e-05
1.762510837305e-03 1.945476563826e-03 3.736185311155e-05
8.171888380222e-04 1.784139518504e-03 9.927722815313e-05
6.991447541897e-04 1.900990267997e-03 6.682073184289e-05
8.040941778943e-04 1.929000476767e-03 3.713745295015e-05
1.598878881602e-03 -1.532722004042e-05 2.962970009814e-05
1.598878881602e-03 1.984672779960e-03 2.962970009814e-05
1.290622023054e-03 1.391174550004e-03 3.445316065538e-05
1.446912996713e-03 1.956090064526e-03 1.715474103144e-05
6.082964023069e-04 1.939455070776e-03 2.558872177839e-05
7.580176815635e-04 -2.187470616448e-05 3.021454617746e-05
7.580176815635e-04 1.978125293836e-03 3.021454617746e-05
9.963384519511e-04 1.435196774811e-03 4.838190333778e-05
1.075344142103e-03 1.504546174670e-03 5.674290922372e-05
9.338341502422e-04 1.459592106921e-03 1.871444500484e-05
1.181968333814e-03 1.504546865560e-03 4.988128250674e-05
9.881523545462e-04 1.548627359903e-03 4.095846597602e-05
2.530295656713e-04 1.756068600913e-03 4.602482085741e-05
1.043798215612e-03 1.575853062585e-03 2.097823032276e-05
4.772427411878e-04 1.831781928133e-03 4.742184082944e-05
1.235810621413e-03 1.413896592987e-03 2.488132330754e-05
1.135770969635e-03 1.573825603977e-03 3.338742071202e-05
1.222566199660e-03 1.608893547024e-03 6.022439790415e-05
5.826369556919e-04 1.871811186675e-03 4.166717698067e-05
9.173048735485e-04 1.580773112216e-03 3.684050153941e-05
2.599760243731e-04 1.934000115285e-03 3.966120471058e-05
3.379565384907e-04 1.789139174021e-03 4.429236364441e-05
1.010570320585e-03 1.616457343621e-03 3.048012264025e-05
3.602016538292e-04 1.917898628204e-03 6.184955671933e-05
9.468699041338e-04 1.658157891408e-03 4.565580037609e-05
5.219436474144e-04 -4.365216662454e-05 6.240069675726e-05
5.219436474144e-04 1.956347833375e-03 6.240069675726e-05
1.097660451090e-03 1.675036997502e-03 7.447828265837e-05
1.209890566730e-03 1.712966716774e-03 4.398801109755e-05
1.003855096763e-03 1.808963539910e-03 8.903246660675e-05
1.124459745524e-03 1.808750791024e-03 3.157238472470e-05
1.104393811940e-03 1.863090333241e-03 2.515048499917e-05
9.076607746288e-04 1.885200521822e-03 3.314505853073e-05
1.427734375000e-03 1.708984375000e-03 5.553512888432e-05
9.179687500000e-05 1.158203125000e-03 2.377141573742e-05
1.310546875000e-03 1.857421875000e-03 4.350272302573e-05
1.220703125000e-03 3.457031250000e-04 3.185508130308e-05
1.349609375000e-03 1.025390625000e-03 3.184615793042e-05
1.365234375000e-03 1.513671875000e-03 3.520777302336e-05
-1.367187500000e-05 1.083984375000e-03 4.134461270149e-05
1.986328125000e-03 1.083984375000e-03 4.134461270149e-05
3.710937500000e-05 1.263671875000e-03 5.911036516457e-05
2.037109375000e-03 1.263671875000e-03 5.911036516457e-05
1.564453125000e-03 1.767578125000e-03 3.017303588253e-05
1.228515625000e-03 1.013671875000e-03 5.246226749790e-05
1.972656250000e-04 1.126953125000e-03 6.165531487370e-05
1.791015625000e-03 1.435546875000e-03 2.336912970740e-05
4.882812500000e-05 9.785156250000e-04 3.600168122892e-05
1.197265625000e-03 1.916015625000e-03 6.926725170844e-05
1.931640625000e-03 1.353515625000e-03 4.571397876756e-05
1.025390625000e-03 -2.539062500000e-05 7.694420157653e-05
1.025390625000e-03 1.974609375000e-03 7.694420157653e-05
1.435546875000e-03 1.431640625000e-03 2.309135716615e-05
1.392578125000e-03 1.119140625000e-03 1.776813219323e-05
