# 2D packing, generated 2026-09-21T18:09:37.358848+00:00
# generator = preprocess/generate_packing_gravity.py
# periodic axes = xy
# porosity_achieved = 0.325388  (target 0.325000)
# 805 distinct grains; 844 rows including 39 periodic edge images.
# Centres span [-R, L+R]: a grain need only be PARTLY inside.
# Do NOT drop the out-of-box rows -- they carry the conduction
# paths that cross the domain edge, and k_eff depends on them.
# header row is 'Lx Ly'; grain rows are 'x y r', all in metres
3.200000000000e-03 3.200000000000e-03
2.254172610700e-03 1.361826193537e-04 1.000000000000e-04
2.459640819394e-03 1.080563171999e-04 1.000000000000e-04
5.457545233205e-04 9.201340060567e-05 6.101106896781e-05
1.595180069394e-03 6.826924352472e-05 8.034729730766e-05
1.595180069394e-03 3.268269243525e-03 8.034729730766e-05
2.383176199310e-03 2.862273548191e-04 9.388613441410e-05
2.126068833372e-03 1.440658618511e-04 2.834610737366e-05
8.777130422941e-05 5.671515468573e-05 3.018873826054e-05
4.175702481089e-04 -1.327092075287e-05 2.805649054182e-05
4.175702481089e-04 3.186729079247e-03 2.805649054182e-05
3.062103070977e-03 3.749607147626e-05 7.826496390359e-05
3.062103070977e-03 3.237496071476e-03 7.826496390359e-05
4.466103268010e-04 5.396541550293e-05 4.518319436763e-05
1.968434791119e-03 4.590910059014e-05 2.926648576498e-05
2.253559132222e-04 2.429567382767e-05 6.949285683767e-05
2.253559132222e-04 3.224295673828e-03 6.949285683767e-05
1.793761792270e-03 4.812145705262e-05 1.000000000000e-04
1.793761792270e-03 3.248121457053e-03 1.000000000000e-04
1.439574099361e-04 9.001294609871e-05 3.512299550184e-05
1.489543777491e-03 5.484452046025e-05 2.613862116274e-05
2.820939083848e-03 3.773088658118e-05 2.737008477907e-05
2.576559080607e-03 1.031108811640e-04 1.649116246622e-05
-3.152881208215e-05 9.221876181320e-05 4.076807084843e-05
3.168471187918e-03 9.221876181320e-05 4.076807084843e-05
3.383141330621e-04 1.506612898498e-04 1.000000000000e-04
2.041437586453e-03 6.304802291282e-05 4.514713954260e-05
1.426473446243e-03 8.360196005594e-05 4.317845786509e-05
2.661205403678e-03 6.988578376004e-05 6.339666466164e-05
2.582900795898e-03 1.547975855494e-04 3.159961116294e-05
3.108372549961e-03 1.395825644143e-04 3.381790315968e-05
2.761356712885e-03 2.915414441276e-05 3.282648187848e-05
2.761356712885e-03 3.229154144413e-03 3.282648187848e-05
2.227343836097e-03 2.987218397723e-04 6.233349848849e-05
1.689378210270e-03 1.246887811761e-04 2.945459916951e-05
2.099155046433e-04 1.934233408803e-04 3.533219516364e-05
2.944204521403e-03 6.613703264782e-05 4.306287397108e-05
6.721352133025e-04 5.059925678001e-05 2.763109941747e-05
1.492285550042e-03 1.485783314166e-04 4.880684921922e-05
4.957957691845e-04 1.941061461294e-04 5.265005597401e-05
3.010737269440e-03 1.674124263784e-04 6.143781287712e-05
2.014045846870e-03 2.067042987182e-04 1.000000000000e-04
2.286261953997e-03 4.262145964454e-04 7.637500812472e-05
1.589175843151e-03 2.031814828886e-04 5.467989697367e-05
1.889371578714e-03 2.574085776292e-04 3.459047901034e-05
2.865697389400e-03 8.490116780983e-05 3.765574461268e-05
4.329022020840e-04 2.924982920248e-04 6.412605270646e-05
1.812544705807e-03 2.574085776292e-04 4.223639389634e-05
2.185798930784e-03 4.596602778672e-04 2.950913723520e-05
3.156298358472e-03 1.502157271015e-04 1.527335824065e-05
3.106683965108e-03 2.226633130111e-04 4.928025474692e-05
1.695372415977e-03 2.054548285290e-04 5.153358822227e-05
1.508453772882e-03 2.250263945597e-04 2.835026389354e-05
2.420865167469e-03 4.322079988931e-04 5.688129750655e-05
3.219547271240e-04 2.966465739014e-04 4.689906457997e-05
1.975226404334e-04 3.059560593310e-04 7.788088776327e-05
3.033780535540e-03 2.511495608349e-04 2.541215569960e-05
2.545252606955e-03 2.268518352261e-04 4.643017855937e-05
2.862833387905e-03 2.171226765803e-04 9.459688482192e-05
2.220777430802e-03 5.203702435989e-04 3.831377077375e-05
2.827035729770e-04 3.457608204692e-04 1.597273733198e-05
5.159494075069e-05 3.051802639631e-04 6.804889799576e-05
3.251594940751e-03 3.051802639631e-04 6.804889799576e-05
9.764896270672e-04 8.470366696965e-06 3.093585631713e-05
9.764896270672e-04 3.208470366697e-03 3.093585631713e-05
2.680080831870e-03 2.839752398675e-04 1.000000000000e-04
1.456664495832e-03 2.386304473026e-04 2.519597284089e-05
6.335812660140e-04 7.357334693329e-05 1.724891538440e-05
6.342114615774e-04 1.238030681491e-04 3.298476145905e-05
1.931485454695e-03 3.056356461639e-04 2.885507310001e-05
3.132140682398e-03 3.199401222650e-04 5.127275659759e-05
2.139882310420e-03 4.577672172700e-04 1.644656254138e-05
7.800906563003e-04 8.364742487578e-05 8.427867097366e-05
7.800906563003e-04 3.283647424876e-03 8.427867097366e-05
2.821681206944e-03 3.511759887013e-04 4.563081960159e-05
6.131590746190e-04 2.182848150338e-04 6.381403116531e-05
1.265097269951e-03 1.721945094402e-05 5.076443151113e-05
1.265097269951e-03 3.217219450944e-03 5.076443151113e-05
-1.739469437729e-05 4.410316467515e-04 7.991388837298e-05
3.182605305623e-03 4.410316467515e-04 7.991388837298e-05
3.082118254269e-03 4.638083691801e-04 2.301960502673e-05
1.853882084256e-03 3.553931798228e-04 6.332475331270e-05
6.826775185131e-04 1.114623904515e-04 1.702776168443e-05
5.513231472532e-04 3.235970414826e-04 5.831029661753e-05
2.675927193749e-04 3.762155665575e-04 1.802476006658e-05
1.187193462997e-04 3.837891408837e-04 3.287996576185e-05
1.554922211589e-03 3.540209977796e-04 1.000000000000e-04
2.052689362937e-03 4.654706159963e-04 7.108606820851e-05
7.234194071981e-04 2.137642281846e-04 4.653893882297e-05
1.979103347080e-03 3.266697039430e-04 2.320158124811e-05
8.272753203902e-04 2.172106233604e-04 5.737414718348e-05
6.554024070019e-04 3.443519787993e-04 4.779327013489e-05
2.552421415782e-03 3.018441669173e-04 2.890403258206e-05
9.027291014810e-04 2.138806197470e-04 1.815308126500e-05
9.154193046149e-04 3.014175115158e-04 6.452812076900e-05
1.901141045449e-04 4.451980164516e-04 6.079983654744e-05
1.035973701180e-03 3.684029477387e-05 3.489914531937e-05
2.363971661465e-03 4.891852018294e-04 2.363749211278e-05
1.047220527011e-03 3.101975343627e-04 6.756522256434e-05
2.413662105189e-03 5.188750969751e-04 3.008462973598e-05
2.140767214589e-03 4.973222822513e-04 2.145582250607e-05
8.483757291513e-05 4.283532147563e-04 2.310164016559e-05
2.504131976329e-03 4.293975908346e-04 2.643295939396e-05
1.106540255991e-03 1.853624832361e-05 2.267911405227e-05
1.106540255991e-03 3.218536248324e-03 2.267911405227e-05
1.074976422022e-04 4.755627081836e-04 2.722001549748e-05
8.112251005235e-04 3.122707993407e-04 3.807577642553e-05
7.626521644398e-04 4.381350602885e-04 9.467699639145e-05
9.673171348968e-04 3.908636148176e-04 3.888363253340e-05
3.667727984884e-04 3.612499604369e-04 3.126734846921e-05
1.396959339524e-03 3.480266883237e-04 5.807652204909e-05
1.179155328887e-03 3.090718151691e-04 6.437438252962e-05
2.395147750470e-04 3.854143468475e-04 1.152162103949e-05
2.319281862125e-03 5.323907539531e-04 3.481720794068e-05
1.447135235763e-03 4.190402768665e-04 2.587906289283e-05
4.719205350207e-04 4.070185286462e-04 5.685879468814e-05
2.621925077758e-03 4.753330595682e-04 1.000000000000e-04
1.272750215767e-03 4.170773772728e-04 7.854239183066e-05
2.380159139936e-03 5.922020200655e-04 5.052589084565e-05
2.972789058863e-03 2.360276146065e-04 1.697213898626e-05
1.489657373592e-03 5.051215704242e-04 6.459308045067e-05
1.730876044066e-03 3.554013402539e-04 5.968128760782e-05
1.396151205047e-03 5.008639212859e-04 2.900997041874e-05
1.787826952038e-03 4.899230679854e-04 8.639468568360e-05
1.667109664633e-03 4.428774423618e-04 4.311356457149e-05
2.515906813422e-03 6.352801229592e-04 9.189314623949e-05
2.759814621950e-03 5.109475836975e-04 4.207655389089e-05
2.714464765475e-03 5.996768875671e-04 5.500005309592e-05
1.169948756805e-03 4.167304874223e-04 2.371814607995e-05
1.414154479928e-04 5.077848156735e-04 1.850127685464e-05
2.856986283596e-03 6.606080574834e-04 1.000000000000e-04
2.119012974483e-03 5.640755768300e-04 4.728375237209e-05
2.048590860277e-03 5.876188432447e-04 2.696959625257e-05
2.633395981794e-03 6.348542963079e-04 2.549684084272e-05
2.733820779061e-03 7.112705663242e-04 3.278261935635e-05
3.163399615924e-04 4.398540299598e-04 6.212470885241e-05
3.964422809958e-04 4.448729194234e-04 1.801865470995e-05
1.318251535326e-03 5.528162400067e-04 6.461978538797e-05
1.890877870076e-04 5.562734845724e-04 4.949727400292e-05
2.204612219760e-03 6.045464457300e-04 4.740057980674e-05
1.955938438576e-03 3.915175006634e-04 4.493634872463e-05
1.040140780673e-03 4.205821925288e-04 3.977053121455e-05
1.962470531783e-03 4.557749700476e-04 1.965228043503e-05
5.942676271082e-04 4.151804011675e-04 4.284178380693e-05
2.294480775231e-03 6.546081021375e-04 5.547083930889e-05
9.271741481855e-04 5.060556086516e-04 8.310265799163e-05
1.597687868562e-03 5.451093153431e-04 5.060070231222e-05
2.775821939907e-03 7.542934734085e-04 2.378334232690e-05
2.619359891795e-03 6.825850951041e-04 2.186230070805e-05
2.084807913399e-03 6.798654527014e-04 7.213114619580e-05
2.391025506250e-03 7.054315043982e-04 5.132066642286e-05
3.002408241934e-03 6.603843393398e-04 4.542216002982e-05
5.399807694150e-04 4.856035036410e-04 4.607658890274e-05
6.351241434722e-04 5.082447687930e-04 5.085226993838e-05
2.592472716303e-03 7.208419028835e-04 2.292484858840e-05
2.670275462831e-03 6.556312154483e-04 1.629921130865e-05
1.172474487111e-03 4.836599617149e-04 4.156833365691e-05
2.304782473001e-03 7.677129993566e-04 5.505999628547e-05
6.119181352458e-05 5.353091948557e-04 4.282207257644e-05
-4.761806009808e-05 6.007619679302e-04 8.265088210722e-05
3.152381939902e-03 6.007619679302e-04 8.265088210722e-05
7.150769553866e-04 5.826680401912e-04 5.748470311277e-05
1.914303106982e-03 4.947888120885e-04 4.017503121215e-05
1.693798795347e-03 6.056546467382e-04 6.271967503076e-05
2.726720530647e-03 7.738639601407e-04 2.907450801034e-05
2.994282608931e-03 8.060374467294e-04 1.000000000000e-04
1.587507257239e-03 6.470746786333e-04 5.135709787018e-05
1.024468132884e-04 6.528982710428e-04 7.603818283723e-05
2.393671434051e-03 7.967991995796e-04 3.846676159657e-05
2.164096775323e-03 8.329137425787e-04 1.000000000000e-04
1.782403986264e-03 6.224256586157e-04 2.745874088351e-05
1.836594516330e-03 6.270899301492e-04 2.693214969392e-05
2.602902393015e-04 6.723836394754e-04 8.300341227462e-05
2.346214892284e-03 8.370378833163e-04 2.375280948343e-05
1.608881496210e-04 7.644904377543e-04 4.986420289726e-05
2.826643014822e-03 8.125487321749e-04 5.352420471391e-05
1.982691816027e-03 6.798654527014e-04 2.998495117635e-05
8.190861791798e-04 5.747035696192e-04 4.494245787550e-05
6.476437395600e-04 6.000466428366e-04 1.215188516254e-05
4.370293608798e-04 5.186409423592e-04 6.008977314380e-05
1.995948604944e-03 7.587168751935e-04 4.666920535304e-05
6.064577334579e-04 6.000466428366e-04 2.903412093956e-05
1.179366278219e-03 6.129685573678e-04 8.673217504821e-05
6.172001079169e-05 7.731457422776e-04 4.968083006946e-05
1.807530785871e-03 6.771762151557e-04 3.097584952858e-05
5.706112268048e-04 5.462959524982e-04 2.190722089055e-05
2.657628881273e-03 7.380128750251e-04 4.445595485247e-05
2.390597156941e-03 8.639628862417e-04 2.815808723980e-05
1.189760658030e-04 8.361785456144e-04 3.317679648582e-05
5.191242066303e-05 8.637149055315e-04 3.931998700792e-05
1.324295668205e-03 7.044041879406e-04 8.456812875029e-05
1.489217349261e-03 7.478842471952e-04 8.598883075360e-05
5.512646877367e-04 6.000466428830e-04 2.615892478170e-05
5.355397368092e-06 7.023004743063e-04 3.187538120652e-05
3.205355397368e-03 7.023004743063e-04 3.187538120652e-05
1.380269437190e-03 8.116243688946e-04 3.638322518245e-05
2.307778958629e-03 8.504944226068e-04 1.697064132320e-05
2.550132436683e-03 7.573876743938e-04 3.300630320273e-05
6.449853181568e-04 6.363042695209e-04 2.387136342173e-05
1.909513056263e-03 7.609549107340e-04 3.979531268132e-05
2.046094658195e-03 8.469041012206e-04 1.882857308569e-05
1.842330531206e-03 7.609549107340e-04 2.738721237542e-05
2.278020820402e-03 8.804102154462e-04 2.342853390538e-05
2.032549930327e-03 9.294228452195e-04 6.315201292312e-05
1.826265890759e-04 8.567581107884e-04 3.371795379900e-05
2.876487056641e-03 9.041671484337e-04 5.077518503769e-05
5.722908253837e-04 6.768519286838e-04 5.347241572747e-05
1.289641798192e-03 8.455419793284e-04 6.038336640709e-05
1.605266424652e-03 7.851759116653e-04 3.590479556857e-05
2.733525428112e-03 9.291570409320e-04 9.435414335186e-05
2.987282321269e-03 1.006429388577e-03 1.000000000000e-04
2.829053548060e-03 1.061653582562e-03 6.758895032907e-05
1.560448619425e-03 8.638326851472e-04 5.009178547330e-05
3.144293418906e-03 7.127089002923e-04 2.958800668635e-05
4.769740526010e-04 6.188878840291e-04 4.782238341282e-05
1.269758680240e-04 9.314877286596e-04 5.945671208420e-05
2.490625111708e-03 8.381651400727e-04 6.694270972395e-05
3.801565957041e-04 6.797582038733e-04 3.708959721267e-05
1.104239397761e-03 4.494950566861e-04 3.054722283448e-05
2.255931744147e-03 9.664629197474e-04 6.207727854730e-05
3.483404169211e-04 7.328617603506e-04 2.370897389818e-05
2.125207304836e-03 9.564676208550e-04 2.952973308011e-05
2.917728555180e-03 1.127243163405e-03 3.940478673787e-05
2.248124937514e-04 7.618094215798e-04 1.320283071086e-05
4.586247054356e-04 7.131141318660e-04 4.817390960805e-05
2.855879167429e-03 1.155607531116e-03 2.863846510089e-05
5.465643485401e-04 8.173517885783e-04 8.820379707463e-05
1.757791944565e-03 7.929797479494e-04 6.301390946475e-05
1.376525890748e-03 8.854564881639e-04 3.523051101081e-05
2.603941066155e-03 7.993796343511e-04 3.523021860432e-05
2.736335515627e-03 1.048607217046e-03 2.512908210466e-05
1.448253334395e-03 8.629589891483e-04 3.615963116683e-05
2.614194181812e-03 9.348087155237e-04 2.511086311055e-05
1.671900748638e-03 8.879446964087e-04 6.393876391227e-05
2.169205945580e-03 1.000739033661e-03 3.117622606225e-05
2.428224959455e-03 9.383150182034e-04 5.105634574162e-05
1.867550160813e-03 8.060719867901e-04 2.181990578268e-05
7.072098009148e-04 7.049398293360e-04 6.503991702594e-05
2.556537710942e-03 9.448919877718e-04 3.342067550266e-05
2.502633251741e-03 1.005667999617e-03 4.781610396088e-05
2.692621418866e-03 1.057317168569e-03 1.944429011641e-05
8.911308390587e-04 6.392157271006e-04 5.168554844868e-05
2.078388061578e-03 1.069332934889e-03 8.263507100566e-05
3.003528090440e-03 1.159768253944e-03 5.235272938719e-05
3.934496565428e-04 8.090523746267e-04 6.483397163116e-05
-2.019819884998e-05 7.635099347868e-04 3.239260868040e-05
3.179801801150e-03 7.635099347868e-04 3.239260868040e-05
6.568812448118e-04 8.585501500338e-04 2.955496121136e-05
1.599043099010e-03 9.208125076834e-04 1.598951723661e-05
7.125950522940e-04 8.637998078340e-04 2.640563237660e-05
2.415862645438e-03 1.032394579426e-03 4.297733295156e-05
4.400767238523e-04 9.725347729005e-04 1.000000000000e-04
1.618471384130e-03 9.549578597880e-04 2.176690134868e-05
3.120040743087e-03 1.006429388577e-03 3.275842181751e-05
1.426437664663e-03 9.294768777761e-04 3.132007033109e-05
2.210700169455e-03 1.051421300601e-03 3.417147119171e-05
3.067321946704e-03 1.188757540660e-03 1.771891139079e-05
2.286714421726e-03 1.068857037994e-03 4.381680668879e-05
2.737873193291e-03 1.115114473483e-03 3.810837203066e-05
2.607992316851e-03 1.023036029149e-03 5.896489177664e-05
2.217102043059e-03 1.192617852052e-03 9.817834238331e-05
6.797162517396e-04 9.281528069232e-04 4.369780457627e-05
2.906713869178e-03 1.270586937026e-03 9.479948418286e-05
2.808602468922e-04 8.090523747338e-04 4.775543801937e-05
5.950058698853e-04 9.325664105704e-04 3.678018573735e-05
3.041159223013e-03 1.270586937026e-03 3.964586965275e-05
2.474953798943e-03 1.091512828396e-03 4.060933933389e-05
2.563471994125e-03 1.131380716469e-03 5.647268463409e-05
1.056279701396e-03 4.927018031666e-04 3.331876811611e-05
8.208147209985e-04 8.637803233815e-04 8.181404174611e-05
6.329633552408e-04 9.936734272735e-04 3.515618326823e-05
2.684818336522e-03 1.140187644438e-03 2.057281514618e-05
1.947495603994e-03 8.294827668719e-04 3.855480537240e-05
2.641065132574e-03 1.159759801151e-03 2.614733462151e-05
3.039902486354e-03 1.410781752980e-03 9.857526640717e-05
2.881697503889e-03 1.431301383378e-03 6.095489283645e-05
2.398295583077e-03 1.115788584149e-03 3.980082406101e-05
2.462777918278e-04 1.037287038702e-03 1.000000000000e-04
2.081208888722e-03 1.189649755253e-03 3.771481195407e-05
9.740714842298e-04 6.392157271006e-04 3.125509672242e-05
2.456371251951e-03 1.242520693427e-03 9.787323676477e-05
2.715210067847e-03 1.166792450795e-03 1.832061514797e-05
2.682210441393e-03 1.231190231914e-03 5.403993735865e-05
2.943015257854e-03 1.486389621616e-03 2.147435527002e-05
2.898810647356e-03 1.542901607199e-03 5.027278476908e-05
1.871557886548e-03 8.819559327352e-04 5.374887855595e-05
1.950411955879e-03 1.232748847940e-03 1.000000000000e-04
1.129258431785e-03 8.455419794597e-04 1.000000000000e-04
1.556084024107e-03 9.585014612510e-04 4.072101589943e-05
1.778905765729e-03 9.650824949652e-04 6.797148454770e-05
5.671793178909e-04 1.018649405060e-03 3.520957639428e-05
2.101350554202e-03 1.363964470242e-03 1.000000000000e-04
9.972237014214e-04 8.569964333374e-04 3.253065507947e-05
7.547766258670e-04 9.605426295289e-04 3.527721584022e-05
1.669864202019e-03 1.003829822618e-03 4.774981002060e-05
2.222403442626e-03 1.398944505497e-03 2.600557393316e-05
2.982871694059e-03 1.528228752434e-03 3.198624764057e-05
5.310167375848e-04 1.131218171418e-03 8.289002733365e-05
1.732186977634e-03 1.053487273418e-03 3.193701938208e-05
1.245871239766e-03 9.677336119212e-04 6.890631139456e-05
1.955149949961e-03 1.382116944681e-03 4.732321272909e-05
3.773252399206e-04 1.113413179407e-03 5.155402650645e-05
4.288305050196e-04 1.181508835825e-03 3.100013450890e-05
1.805931031747e-03 1.075759829205e-03 4.509707864142e-05
1.735268926622e-03 1.135187505025e-03 4.723266604588e-05
7.060721612899e-04 1.023088219205e-03 4.364820140311e-05
3.167005779291e-03 1.429622578875e-03 2.991684928844e-05
8.161539950955e-04 1.044316447367e-03 6.846180001417e-05
3.146731753661e-03 1.484917008696e-03 2.897720885419e-05
1.387105029500e-03 1.048804040460e-03 9.394146337057e-05
2.880375802380e-04 1.211063823996e-03 7.872395204717e-05
1.996374617769e-03 1.463778260716e-03 4.415379953324e-05
3.841484095420e-04 1.213167884453e-03 1.740990556762e-05
1.887301539448e-03 1.472464979158e-03 6.526464265922e-05
1.656576467130e-03 1.149761914269e-03 3.279805671537e-05
6.202646224534e-05 1.538680323599e-03 9.823664203077e-05
3.262026462245e-03 1.538680323599e-03 9.823664203077e-05
8.987860397615e-04 1.082709802710e-03 2.265410289337e-05
3.879602241035e-04 1.267936620054e-03 3.625017412269e-05
1.806078509094e-03 1.198572926646e-03 4.780263604671e-05
1.020680695353e-03 1.096337654462e-03 1.000000000000e-04
1.972863817099e-03 1.561012223213e-03 5.588220004194e-05
3.107953469020e-03 1.593542401414e-03 6.531253963497e-05
2.759522063369e-03 1.315755257172e-03 5.916676160487e-05
2.060510429998e-03 1.478733621026e-03 2.170259888256e-05
2.582657056202e-03 1.297740382803e-03 3.995752340974e-05
7.226148622048e-04 1.112488336424e-03 4.723186979690e-05
8.208611053052e-04 1.201754779764e-03 8.551157520137e-05
7.243632268946e-04 1.228728634687e-03 1.468522956665e-05
1.886513291595e-03 1.569953155566e-03 3.092997379488e-05
2.144311382974e-04 1.538680323599e-03 5.416803402133e-05
2.969637226568e-03 1.595492742248e-03 3.656734785610e-05
1.179705874452e-03 1.171712954386e-03 7.598422501165e-05
9.534683507339e-04 1.232769875234e-03 5.067439209021e-05
8.936590123572e-04 1.306093312858e-03 4.171283409605e-05
2.794167452869e-03 1.398406118880e-03 3.045169606296e-05
1.728880820334e-03 1.213799815476e-03 3.088244064052e-05
2.312946526073e-03 1.419000858343e-03 6.673226758533e-05
2.457535917010e-03 1.442568241934e-03 7.976521888103e-05
4.396007747311e-04 1.267936620092e-03 1.539037650496e-05
2.142517250622e-03 1.543149939237e-03 8.257865868877e-05
6.478934943779e-04 1.147509233045e-03 3.511664606838e-05
1.300967195697e-03 1.158203545652e-03 4.529925678167e-05
8.246749961273e-04 1.332512880334e-03 3.215724131209e-05
1.915080608002e-03 1.628294676994e-03 3.280730238300e-05
8.855437513606e-04 1.423145673867e-03 7.562050591733e-05
9.886098152353e-04 1.423145673867e-03 2.744555795738e-05
7.297127657504e-04 1.275421078538e-03 3.168374628638e-05
6.369434265698e-04 1.313901618222e-03 6.874982492559e-05
1.381632883480e-03 1.184550209299e-03 3.956003776443e-05
7.223917430385e-04 1.443698212526e-03 8.664827892441e-05
3.157766400413e-04 1.551114920819e-03 4.793745031590e-05
1.846442314002e-03 1.629428312246e-03 3.584035258160e-05
1.614105047512e-03 1.276702400805e-03 1.000000000000e-04
1.268438299352e-03 1.233189036813e-03 3.196369560698e-05
1.750438947623e-03 1.284837397252e-03 3.657639066345e-05
4.884265435061e-04 1.244763383778e-03 3.838008391215e-05
1.343077755734e-03 1.268567575584e-03 5.063588126179e-05
2.642814979473e-03 1.406545346813e-03 8.437065491496e-05
1.494794463916e-03 1.048804040460e-03 1.374797104518e-05
8.225387588466e-04 1.533352064061e-03 4.776614690255e-05
2.749500917482e-03 1.559887319053e-03 1.000000000000e-04
5.273104710295e-04 1.313833642922e-03 4.088315168801e-05
1.739938067943e-03 1.398509987414e-03 7.513148542300e-05
2.278574330113e-03 1.568951759802e-03 5.590333589596e-05
2.362415589222e-03 1.499244695729e-03 2.753470249036e-05
2.402544144830e-03 1.528001249430e-03 2.183371206685e-05
2.566952401341e-03 1.532595513242e-03 6.192767657406e-05
2.614874631481e-04 1.655416282432e-03 6.964693964285e-05
3.027516767461e-03 1.593542401414e-03 1.512416192415e-05
1.213458452705e-03 1.274988627470e-03 3.266705847187e-05
2.215286550167e-03 1.622526811092e-03 2.510633906685e-05
1.508267786817e-03 1.097937155560e-03 3.680438459424e-05
3.851806554749e-04 1.551114920873e-03 2.146656511776e-05
4.612411581782e-04 1.581332850246e-03 6.037672005031e-05
2.459637999813e-03 1.574961947228e-03 5.209203050301e-05
2.631731273959e-03 1.583207812075e-03 2.005637979818e-05
2.046934985081e-03 1.597604294456e-03 2.673449078929e-05
1.461176965803e-03 1.276702400805e-03 5.292808170913e-05
2.006990478631e-03 1.655791177859e-03 4.384367152515e-05
1.506754555947e-03 1.355323126009e-03 3.306143870731e-05
1.563207020659e-03 1.446969324525e-03 7.457641000032e-05
2.593409970316e-03 1.655029808518e-03 6.134952592153e-05
2.693856779870e-03 1.694635791946e-03 4.578553082414e-05
2.883517982250e-03 1.660386222954e-03 6.751299452334e-05
1.578646311939e-04 1.633046134658e-03 3.626191158314e-05
5.596484279088e-04 1.396518766402e-03 4.438757452104e-05
9.829227829283e-04 1.500737439696e-03 4.889117190306e-05
2.997367083693e-03 1.675114332752e-03 4.728480649092e-05
6.125639681283e-04 1.443698122726e-03 2.317948927506e-05
-9.669534168163e-06 1.672297600313e-03 4.865390699437e-05
3.190330465832e-03 1.672297600313e-03 4.865390699437e-05
2.949330723896e-03 1.774660892698e-03 6.324577506722e-05
2.371327951905e-03 1.678941543045e-03 8.432798601799e-05
1.144743556966e-03 1.279170031316e-03 3.617337636555e-05
1.434639334406e-03 1.446969324525e-03 5.399127625200e-05
9.100736463135e-04 1.528230094665e-03 2.897308679586e-05
1.292850656126e-03 1.462327615631e-03 8.862676746659e-05
1.801284543076e-03 1.472157907565e-03 2.071947259874e-05
2.778924637599e-03 1.698526410409e-03 3.937125006038e-05
5.696863408038e-04 1.606017565956e-03 5.084240071766e-05
2.812298217981e-03 1.819138010931e-03 8.082407508838e-05
1.174861713709e-03 1.518849708921e-03 4.220188980153e-05
3.062790498328e-03 1.675114332752e-03 1.813860814320e-05
2.126852096902e-03 1.715399562483e-03 9.002180965666e-05
2.678368435129e-03 1.836191567372e-03 5.418707453205e-05
2.600090847862e-03 1.842582397859e-03 2.435096327596e-05
1.679577701283e-03 1.533440942643e-03 7.040454064110e-05
2.267265557989e-03 1.824432808278e-03 8.775386005934e-05
1.402356870505e-03 1.545336076415e-03 4.878507900010e-05
2.502459393567e-03 1.721863210546e-03 5.151637254936e-05
1.559964445590e-03 1.579263842588e-03 5.768554132031e-05
3.108596930107e-03 1.746661614179e-03 6.184666956662e-05
1.744367050961e-03 1.659646117049e-03 7.061374575165e-05
3.036636737214e-03 1.797384473062e-03 2.619353587633e-05
2.922685826787e-03 1.878862476054e-03 4.430849270467e-05
6.557508001501e-04 1.606017566041e-03 3.522205862862e-05
8.881925837051e-04 1.606864113028e-03 5.079574259723e-05
2.599569431895e-03 1.968722209271e-03 1.000000000000e-04
5.965662796275e-05 1.804759050728e-03 1.000000000000e-04
3.259656627963e-03 1.804759050728e-03 1.000000000000e-04
7.422962906277e-04 1.607988235411e-03 5.134586533728e-05
2.136920339267e-03 1.855778670845e-03 4.630746599578e-05
8.164555193104e-04 1.645266997924e-03 3.057369778234e-05
1.883177762973e-03 1.679879957603e-03 2.656847476205e-05
1.832587115808e-03 1.723891910255e-03 3.852058333995e-05
2.443617892488e-03 1.998441803822e-03 5.875810827696e-05
1.632013770202e-03 1.646035133376e-03 4.054638042955e-05
2.743192507937e-03 1.928416694786e-03 4.847182548798e-05
3.119688708323e-03 1.860013046236e-03 5.047930936797e-05
3.033350541696e-03 1.896145298452e-03 4.311459356744e-05
2.507018479987e-03 2.039282178206e-03 1.638035880424e-05
-1.488164775443e-05 1.938472006675e-03 5.168157735908e-05
3.185118352246e-03 1.938472006675e-03 5.168157735908e-05
2.754505637292e-03 2.055701047900e-03 7.768102343863e-05
1.944767380594e-03 1.730400013181e-03 5.309052984101e-05
3.092350892447e-03 1.954410062597e-03 3.980599573041e-05
1.456388958414e-03 1.654465368323e-03 7.031114229491e-05
1.343752120802e-03 1.696220569585e-03 4.981609866102e-05
6.770329232963e-04 1.730961848173e-03 8.787272735432e-05
1.234571073663e-03 1.580133097557e-03 4.280626226310e-05
1.410817837118e-03 1.741606248327e-03 2.802633816969e-05
5.069064593002e-04 1.696692942490e-03 5.944512092948e-05
5.578749017800e-04 1.791278386474e-03 4.568145222975e-05
1.141951245704e-03 1.624788486454e-03 6.001657707135e-05
1.268335406933e-03 1.722604166043e-03 3.008243006662e-05
2.969690083643e-03 1.943319378253e-03 3.546676914787e-05
8.638289646797e-04 1.681662942404e-03 2.787096451600e-05
2.639061092120e-03 2.121263529577e-03 5.508147884839e-05
2.317155751674e-03 1.998441803822e-03 6.770403253710e-05
1.657821844384e-03 1.718726919921e-03 3.417467941769e-05
1.564220455906e-03 1.711747933042e-03 5.179096281468e-05
8.238593997650e-04 1.769579627290e-03 6.394738678131e-05
2.854542735417e-03 1.946132343996e-03 5.144491994673e-05
3.019295236503e-03 2.018069364573e-03 5.424516787899e-05
1.774666822454e-03 1.751340483925e-03 2.557453799335e-05
4.281616088281e-04 1.696692942490e-03 1.929972954256e-05
1.871162309669e-03 1.807321828614e-03 5.337388747969e-05
1.052399242620e-03 1.641372317604e-03 3.105803361688e-05
2.224239836604e-04 1.781358510919e-03 6.221435242572e-05
6.339315463514e-04 1.911337951401e-03 9.644142528742e-05
3.140859922807e-03 2.005280343937e-03 2.845681858262e-05
1.188532149729e-03 1.720079842395e-03 4.605049197894e-05
7.474954256020e-04 1.943479182586e-03 2.158320524606e-05
9.718586539325e-04 1.606864064782e-03 3.287032763018e-05
2.386760267774e-03 2.062236750198e-03 2.669705348239e-05
1.799756384370e-04 1.873974891045e-03 3.880740914024e-05
1.213378475472e-04 1.998211588953e-03 9.706172027481e-05
3.109959642330e-03 2.092572679568e-03 6.310379218921e-05
9.878067865463e-04 1.755407499868e-03 1.000000000000e-04
4.325752285154e-04 1.819003336378e-03 8.264890648312e-05
4.900852015621e-04 1.940191683245e-03 5.027022643310e-05
2.179686293810e-03 2.049392212799e-03 7.890359352775e-05
2.018932861195e-03 1.748227784695e-03 2.278002370290e-05
2.560171980385e-03 2.133359988877e-03 2.472964993738e-05
1.144908381378e-03 1.827579445348e-03 6.996329082364e-05
2.570718527002e-03 2.222766409616e-03 6.529666686559e-05
2.875263097640e-03 2.060186096211e-03 4.315969771206e-05
2.852598074442e-03 2.203851039098e-03 1.000000000000e-04
1.789820948357e-03 1.807321828614e-03 2.796747383203e-05
2.321769950001e-03 2.147361148502e-03 8.040058697168e-05
2.667258268691e-03 2.249512548240e-03 3.487956613052e-05
1.704123308457e-03 1.732890863330e-03 1.295868791210e-05
2.435482682601e-03 2.250868272294e-03 7.282806607529e-05
2.213389238524e-03 2.152956909571e-03 2.812448461156e-05
1.045267407994e-03 1.906471041119e-03 5.712804428698e-05
1.309450780021e-03 1.768780417397e-03 3.044294128989e-05
2.739484447307e-03 2.294636891852e-03 4.504055882383e-05
2.083623462231e-05 2.100127070224e-03 4.607227122731e-05
3.220836234622e-03 2.100127070224e-03 4.607227122731e-05
1.949740409810e-03 1.838527703913e-03 3.117387697916e-05
2.329988874110e-03 2.262751802284e-03 3.333295273555e-05
5.450160374796e-04 1.995626446616e-03 2.607599446841e-05
1.902956948809e-03 1.912955311662e-03 5.673608274388e-05
3.280105988804e-04 1.849150967392e-03 2.617499450592e-05
1.276154507016e-03 1.861366864159e-03 6.556211330792e-05
1.121171771699e-03 1.915287465891e-03 1.928662560889e-05
2.534002211204e-03 2.347853721464e-03 6.506791205678e-05
-2.508781533978e-05 2.185390750639e-03 5.018357282807e-05
3.174912184660e-03 2.185390750639e-03 5.018357282807e-05
3.040501113679e-03 2.233720685367e-03 9.026231345809e-05
2.428595636872e-03 2.369957173169e-03 4.263120391177e-05
1.498772361160e-03 1.730820952963e-03 1.637965545205e-05
7.288261751573e-04 1.980011946230e-03 1.944341698405e-05
1.621964756054e-03 1.810643620642e-03 6.272873516620e-05
4.615925561687e-04 2.084687543424e-03 9.595415016257e-05
2.327464912233e-03 2.369957173169e-03 5.849952072750e-05
2.936891846653e-03 2.327276345060e-03 4.933547189038e-05
1.411217914269e-03 1.917245728392e-03 8.060413261344e-05
1.194737134643e-03 1.927883505463e-03 3.957233439879e-05
2.814224061636e-03 2.347506010108e-03 4.650808188264e-05
1.034841331007e-04 2.140603973596e-03 4.595519657145e-05
3.155345309312e-03 2.258593424804e-03 2.558907471633e-05
8.872382278568e-04 1.819729312296e-03 1.687257830489e-05
2.225110985858e-03 2.378279450533e-03 4.419218558274e-05
1.312698850656e-03 1.940873283007e-03 2.070858737912e-05
2.738795859572e-03 2.374173517629e-03 3.349547818753e-05
3.024671361525e-03 2.375054538584e-03 5.060450513359e-05
2.943807733487e-03 2.421031495501e-03 4.241595985569e-05
5.927984292259e-04 2.032361684951e-03 3.138141072734e-05
3.006078460178e-03 2.449800481001e-03 2.617921438688e-05
2.646732284966e-03 2.401382097931e-03 5.972534344793e-05
9.108269449267e-04 1.886249066772e-03 5.180715281528e-05
1.728615235303e-03 1.755670221460e-03 2.048908686419e-05
6.491265874122e-04 2.057136500497e-03 3.015437471501e-05
2.056746770401e-03 2.053249633166e-03 4.409643130122e-05
8.196033218447e-04 1.933537332617e-03 5.094463303221e-05
2.089136254745e-03 2.136789540257e-03 4.550264666688e-05
2.785205851364e-03 2.423763150366e-03 3.442373126821e-05
2.885554772447e-03 2.437055849147e-03 1.800082075800e-05
2.898938035472e-03 2.525975944156e-03 7.171829049712e-05
2.273065563676e-03 2.505771624144e-03 8.780445808794e-05
2.476674881709e-03 2.414808159744e-03 2.307583144834e-05
2.387989905525e-03 2.422257004722e-03 2.149139871660e-05
2.151782517179e-03 2.256077403270e-03 8.923468468301e-05
3.088273792568e-03 2.462014282906e-03 5.684652060674e-05
2.809447692732e-03 2.550551605593e-03 2.108518238376e-05
1.333351046231e-03 1.980320311585e-03 1.960391188955e-05
1.537209214825e-03 1.943265095912e-03 4.804583941131e-05
3.043449558800e-03 2.594032358641e-03 8.257366627027e-05
6.011159680322e-04 2.122405588213e-03 4.857762267890e-05
1.966111604997e-03 2.007518450960e-03 5.697714389283e-05
9.672306130149e-04 1.944427343768e-03 2.922423423948e-05
1.709274798506e-03 1.813232283094e-03 2.461967458575e-05
3.002997437664e-04 2.084687543555e-03 6.533866223974e-05
5.947861174505e-05 2.214081676575e-03 3.911732202175e-05
1.486963071326e-03 2.019470365114e-03 4.323350102629e-05
1.753598121694e-03 1.877603203243e-03 5.109936366113e-05
2.537295343554e-03 2.478383493894e-03 6.476871072725e-05
2.029976572154e-03 2.256077403270e-03 3.257126034188e-05
5.442022425400e-04 2.180191584601e-03 3.032087572742e-05
4.968498609620e-04 2.195381347969e-03 1.940815957673e-05
1.649087399146e-03 1.943265095912e-03 6.383234490899e-05
6.085983851701e-04 2.213318648791e-03 4.209642584796e-05
2.433080379746e-03 2.452185646788e-03 3.262767815499e-05
2.768615811481e-03 2.555542105285e-03 2.005053948504e-05
1.749152263054e-05 2.282300115180e-03 4.092527710609e-05
3.217491522631e-03 2.282300115180e-03 4.092527710609e-05
1.367351142497e-03 2.069569371849e-03 7.590211569043e-05
2.431368752579e-03 2.545794005141e-03 6.078855131951e-05
1.944457491489e-03 2.256077403270e-03 5.294782032315e-05
3.155643256380e-03 2.619175901508e-03 3.189564561357e-05
3.122562826068e-03 2.679590236698e-03 3.395559070594e-05
9.023421190120e-05 2.309254773054e-03 3.665083019147e-05
1.259918488594e-03 1.985298392937e-03 4.729007523002e-05
1.744989450577e-03 1.963529654326e-03 3.418732554773e-05
1.005252720282e-03 1.966833884344e-03 1.490890185597e-05
2.928569466598e-03 2.628709628916e-03 3.520332422613e-05
3.556264546119e-04 2.195983678001e-03 5.771967405907e-05
2.973538170333e-03 2.696664599398e-03 4.160758138309e-05
3.157389076434e-03 2.309269720815e-03 2.495084654165e-05
6.935744458903e-04 2.057136500497e-03 1.429348376316e-05
2.657396662558e-03 2.577473797215e-03 9.093362341429e-05
2.082251942380e-04 2.088298832078e-03 2.680667988703e-05
4.323770277165e-04 2.195899118535e-03 1.903089904551e-05
2.213596313468e-04 2.151582284664e-03 3.782542366426e-05
2.354321641354e-03 2.597272101378e-03 3.187352701240e-05
1.250571683386e-03 2.121153827903e-03 5.176306427961e-05
2.825330320689e-03 2.606112813256e-03 3.670154332230e-05
1.579468374984e-03 2.021499453177e-03 4.087238860732e-05
9.051575944588e-04 1.984839369904e-03 4.484459516315e-05
2.281868705945e-03 2.653248206354e-03 5.968390941034e-05
1.829913591548e-03 2.004573246439e-03 6.013492089103e-05
7.545116238944e-04 2.062855155198e-03 4.691143985158e-05
2.859674578242e-04 2.229616186955e-03 1.963355142007e-05
1.131253250403e-03 2.121153827903e-03 6.755536870319e-05
4.644818154842e-04 2.226668681089e-03 2.543800444186e-05
1.737789738578e-03 2.035796784227e-03 3.713641917322e-05
2.520967337492e-03 2.607113700245e-03 4.778406332937e-05
8.654626713214e-04 2.090078947952e-03 6.733071443954e-05
1.211481312758e-03 2.232971786355e-03 6.669077866408e-05
2.013075944593e-03 2.377238641731e-03 8.629490951105e-05
1.658573554646e-03 2.050955593641e-03 4.351711949480e-05
2.764461799847e-03 2.623930109669e-03 2.577598749032e-05
7.733656180491e-04 2.158388230577e-03 4.733412460937e-05
1.530236477739e-03 2.133780111989e-03 7.899295246494e-05
2.377005325684e-03 2.661430236637e-03 3.559387226329e-05
1.415399024231e-03 2.173069354964e-03 3.820680352267e-05
2.199632833411e-03 2.653873504606e-03 2.255435583916e-05
1.652125948035e-04 2.190887256146e-03 3.071114768070e-05
1.348492232826e-03 2.255555713066e-03 6.800297949753e-05
8.617385094715e-04 2.215061559646e-03 5.764984638719e-05
1.043788750257e-03 2.002919961373e-03 3.788532663166e-05
2.215725225704e-03 2.693166904328e-03 1.738598087610e-05
4.161512949919e-04 2.278927189327e-03 4.495886495560e-05
1.785137642603e-03 2.070589957813e-03 1.963406922748e-05
2.172403649672e-04 2.259247022772e-03 5.519547215662e-05
3.994307605330e-05 2.344235486798e-03 2.460966832806e-05
3.029926668100e-03 2.713648475503e-03 1.721006079798e-05
2.570203088568e-03 2.680318046876e-03 4.043745352282e-05
9.586114096312e-04 2.230246828455e-03 4.040601103163e-05
2.170508288605e-03 2.695905501489e-03 2.791381288733e-05
3.099032491231e-04 2.383742893513e-03 1.000000000000e-04
7.742740205169e-04 2.239981547643e-03 3.329542633124e-05
2.734558355871e-03 2.671242789356e-03 3.019048946313e-05
1.467636590970e-03 2.238849568870e-03 4.331132625317e-05
-1.648119743039e-06 2.625613201512e-03 1.129538800182e-05
3.198351880257e-03 2.625613201512e-03 1.129538800182e-05
1.446775361410e-03 2.358501734494e-03 7.432571294372e-05
1.684860629051e-03 2.172838770841e-03 8.048810283767e-05
6.873431535048e-04 2.289348536927e-03 6.667494563218e-05
2.102279513371e-03 2.719039801784e-03 4.413035148436e-05
1.646965606691e-04 2.340772924328e-03 4.177493896498e-05
5.925176925652e-04 2.289348536981e-03 2.815051530744e-05
3.012645618600e-03 2.757031448833e-03 2.948810495351e-05
1.827468347296e-03 2.256077403270e-03 6.404132387018e-05
2.244332226450e-03 2.781896457016e-03 7.432870506488e-05
1.027979762069e-03 2.244541099721e-03 3.041979295896e-05
1.708122997304e-03 2.330700107168e-03 7.671328707275e-05
2.367770380658e-03 2.749765481487e-03 5.322279573401e-05
1.580004627452e-03 2.380864363411e-03 6.076730872024e-05
4.890346065497e-04 2.289484157635e-03 2.868505321468e-05
2.339381859098e-03 2.835487930737e-03 3.454311958466e-05
2.810832906106e-03 2.690742047243e-03 4.853706652453e-05
2.927284507528e-03 2.788094646313e-03 6.085635593419e-05
1.310987192978e-03 2.386273834623e-03 6.427340765880e-05
1.508404407622e-03 2.494772410598e-03 7.377500690396e-05
4.491393101633e-04 2.401227829731e-03 4.032964206252e-05
1.010991344116e-05 2.695422253617e-03 5.501159112964e-05
3.210109913441e-03 2.695422253617e-03 5.501159112964e-05
1.099709440688e-03 2.337479017219e-03 8.632788911517e-05
8.171112582161e-04 2.311532156771e-03 4.864299280774e-05
3.075633306501e-03 2.719343020218e-03 2.754779760024e-05
2.288966152340e-03 2.882639609128e-03 3.448347938294e-05
3.124967742911e-03 2.739702656866e-03 2.557340296089e-05
2.461220119706e-03 2.628685811577e-03 1.570852392128e-05
1.336468577226e-04 2.698328452016e-03 6.764478093494e-05
3.020327268741e-03 2.825522274092e-03 3.943218321148e-05
5.871797400413e-04 2.426471458035e-03 1.000000000000e-04
2.849440624591e-03 2.789007070795e-03 1.699288956350e-05
1.892760081896e-03 2.294709082714e-03 1.158921412440e-05
2.668957653881e-03 2.783697720085e-03 1.000000000000e-04
2.129488027821e-03 2.800764643678e-03 4.167854828108e-05
3.081498288954e-03 2.827437234356e-03 2.120714071112e-05
2.851465995066e-03 2.837227268775e-03 2.949000603473e-05
2.321653382819e-04 2.705077957226e-03 3.110474534797e-05
3.302035646101e-04 2.712405189615e-03 6.720700267712e-05
2.784782109473e-03 2.873156162281e-03 4.625712537364e-05
2.718184346899e-03 2.898118345228e-03 2.456061481661e-05
1.386092219455e-03 2.437372224666e-03 2.518809482911e-05
1.665066626057e-03 2.449640557370e-03 4.862057206174e-05
4.528045456808e-04 2.500148277366e-03 5.315083898926e-05
2.118944129176e-03 2.404583829167e-03 2.304781673434e-05
3.167467532400e-03 2.763154629358e-03 2.100256239033e-05
7.365283083472e-04 2.426825412740e-03 4.926527780349e-05
2.166029235158e-03 2.937649778935e-03 1.000000000000e-04
5.315037688238e-04 2.577162109925e-03 5.696122742215e-05
3.072351565257e-03 2.900169566067e-03 5.155551642543e-05
4.509909511888e-04 2.732346816908e-03 5.521553030767e-05
2.851009372679e-03 2.897554224468e-03 2.284118533915e-05
5.380569986004e-05 2.828555039626e-03 8.510879922770e-05
3.253805699860e-03 2.828555039626e-03 8.510879922770e-05
9.298089856207e-04 2.337246541096e-03 6.695115636694e-05
-1.599233803981e-05 2.993404044136e-03 9.390850455353e-05
3.184007661960e-03 2.993404044136e-03 9.390850455353e-05
9.125761449500e-05 3.042185681365e-03 2.391431112007e-05
3.056583249534e-03 3.003765913647e-03 3.168901366401e-05
2.988863403022e-03 2.992474517335e-03 3.696573253573e-05
2.508409016334e-03 2.685212433942e-03 2.153579292951e-05
2.818020538800e-03 2.994892143365e-03 7.993497667894e-05
3.024932253328e-03 3.084221657932e-03 5.244570073354e-05
1.216017796500e-03 2.386273834623e-03 3.069598881932e-05
2.930756339358e-03 3.052838990810e-03 4.682152393567e-05
8.668474860543e-04 2.488331594810e-03 9.483919301922e-05
2.678518806743e-03 2.917347794219e-03 1.952029697493e-05
2.461955804953e-03 2.749756432213e-03 4.096264822605e-05
2.959057619847e-03 3.133530855652e-03 2.971471140419e-05
2.359218854638e-03 2.911229978045e-03 4.136407413727e-05
2.292460600971e-03 2.967006216391e-03 2.756163423681e-05
7.075172360579e-04 2.544951044636e-03 6.887432879571e-05
2.022175877794e-03 2.719039801784e-03 3.597328409288e-05
2.266104033532e-03 3.012640875171e-03 2.171387678329e-05
1.020890682673e-03 2.506834250691e-03 6.031123301668e-05
3.093338900123e-03 3.066668957470e-03 1.817702362962e-05
1.420714009195e-03 2.438293510768e-03 9.445950456888e-06
1.809864393816e-03 2.344901398366e-03 2.601445229696e-05
6.260898652436e-05 3.078522270830e-03 1.941171403759e-05
2.529422846269e-03 2.791406564302e-03 3.832503385256e-05
1.374336271551e-03 2.525655130073e-03 6.380408842598e-05
3.127458158847e-03 3.126410325070e-03 5.062091798065e-05
2.064679390694e-04 2.741686854935e-03 1.308749548739e-05
1.882072296647e-03 2.340672296178e-03 3.560025234269e-05
2.473364094876e-04 2.787994121050e-03 4.495650734236e-05
2.698102381764e-03 3.005314903194e-03 3.864195721943e-05
6.358153503977e-04 2.697847667792e-03 1.000000000000e-04
1.849805150962e-04 2.859019379718e-03 4.955725323904e-05
2.056399066257e-03 2.755326370935e-03 1.390598744673e-05
1.168444795760e-03 2.441551775016e-03 3.839455454360e-05
2.466853155875e-03 2.822331667105e-03 3.141586104782e-05
1.906166257891e-03 2.391554386567e-03 2.069811433737e-05
5.281878080566e-04 2.784131497308e-03 3.774152099896e-05
7.977038389980e-04 2.602127604281e-03 3.790953686692e-05
1.305504928436e-04 3.109261070954e-03 5.382270649095e-05
4.438045755385e-04 2.873000322394e-03 8.391522496954e-05
1.109886958780e-03 2.481051308900e-03 3.223995153489e-05
2.554705097301e-03 2.881472058187e-03 5.037775060333e-05
2.908210764175e-04 2.937035247874e-03 8.192936334161e-05
2.736496362843e-03 3.040733441750e-03 1.359379594888e-05
2.853026201975e-03 -5.674945516354e-05 7.241032274576e-05
2.853026201975e-03 3.143250544836e-03 7.241032274576e-05
2.404759360081e-05 3.131805791553e-03 4.611919626280e-05
3.224047593601e-03 3.131805791553e-03 4.611919626280e-05
9.125541912744e-04 2.678471687465e-03 1.000000000000e-04
1.053055628391e-03 2.694187681307e-03 4.116150835903e-05
1.867233381825e-03 2.393083170807e-03 1.826476568974e-05
1.990852852362e-03 2.941292869753e-03 7.521434415355e-05
1.798103000715e-03 2.427020413516e-03 5.509719213454e-05
2.224199707354e-03 3.075419553221e-03 4.954721575764e-05
1.167041326546e-03 2.517964799044e-03 3.579847517592e-05
2.481573222495e-03 2.874463298008e-03 2.275412420193e-05
2.440083424550e-03 2.922862749090e-03 4.033292721032e-05
8.542511290712e-05 -1.112423748684e-05 3.769124357148e-05
8.542511290712e-05 3.188875762513e-03 3.769124357148e-05
5.825567338777e-04 2.868397279159e-03 5.491327314440e-05
1.662198904894e-04 2.954684170979e-03 4.379117291294e-05
4.225008236072e-04 3.047847528659e-03 9.017219762538e-05
2.624317461446e-03 2.934671082656e-03 3.723513341692e-05
1.017155559575e-03 2.765874198921e-03 3.631090989428e-05
1.735748708453e-03 2.488296433655e-03 3.194141365886e-05
1.689366153285e-03 2.518260064267e-03 2.327779118283e-05
2.127074473499e-04 3.030645840561e-03 3.995362547326e-05
9.551872164248e-04 2.823622894611e-03 4.839443177940e-05
8.582911081203e-04 2.836495982538e-03 4.935310829988e-05
1.896801785531e-03 2.464039823451e-03 5.031574272672e-05
1.821385688011e-03 2.529957921417e-03 4.984804017235e-05
1.610078329252e-03 2.508004966482e-03 2.875638767783e-05
2.134858347703e-03 3.097928362962e-03 4.258618284376e-05
7.707424800980e-04 2.846881871234e-03 3.880946227986e-05
7.078392885144e-04 2.843289186555e-03 2.419625296214e-05
1.451929284950e-03 2.592441088112e-03 3.857286171203e-05
2.514821919325e-03 2.979281347846e-03 5.330948244861e-05
2.889953454026e-04 3.065435249718e-03 4.293882310121e-05
1.399425115547e-03 2.601254666650e-03 1.466591148333e-05
2.363024084024e-03 -6.897413659707e-05 1.000000000000e-04
2.363024084024e-03 3.131025863403e-03 1.000000000000e-04
7.017589032615e-04 2.967336470895e-03 1.000000000000e-04
5.379952944401e-04 2.940715920962e-03 2.670843406858e-05
2.602657764296e-03 3.011376586592e-03 4.020650555384e-05
2.118186261592e-04 3.098719893355e-03 2.812623068184e-05
5.468873043522e-04 3.016668742574e-03 3.806242435153e-05
2.019418646133e-03 -6.032110476717e-05 8.017158111090e-05
2.019418646133e-03 3.139678895233e-03 8.017158111090e-05
1.827289328429e-03 2.941249501020e-03 8.834922926974e-05
1.918346087281e-03 3.018620030310e-03 3.003115854819e-05
1.237558327103e-03 2.436099733999e-03 2.358674054605e-05
2.702869920129e-03 3.110894218094e-03 6.420909694651e-05
2.574057479339e-03 -3.719929105070e-05 7.466848438574e-05
2.574057479339e-03 3.162800708949e-03 7.466848438574e-05
1.268680164553e-03 2.525655130073e-03 4.185201857223e-05
1.647002266453e-03 2.577373545294e-03 4.944842518139e-05
6.045399787321e-04 -5.788247354100e-05 1.000000000000e-04
6.045399787321e-04 3.142117526459e-03 1.000000000000e-04
9.174364711401e-04 2.948807298210e-03 7.757996940788e-05
4.893178326820e-04 3.130154239135e-03 1.584156214848e-05
1.556716765196e-03 2.601255349424e-03 4.315531489222e-05
3.287918209773e-04 -4.283186996495e-05 5.381520481129e-05
3.287918209773e-04 3.157168130035e-03 5.381520481129e-05
8.193151711909e-04 2.909474910645e-03 2.621925402693e-05
1.714296486431e-03 2.609547958632e-03 2.514182160770e-05
1.495237009818e-03 2.686527698164e-03 6.196905802426e-05
2.476465511220e-03 -1.600620287002e-05 2.519842376104e-05
2.476465511220e-03 3.183993797130e-03 2.519842376104e-05
1.111359340271e-03 2.779409475756e-03 5.886036883620e-05
1.579885154887e-03 2.686527698164e-03 2.267908704461e-05
1.677015735587e-03 2.659385787852e-03 3.709694127279e-05
1.410376193339e-03 2.630231795703e-03 1.631150146425e-05
1.887097361503e-03 3.127223331713e-03 5.273472430343e-05
1.199324589287e-03 2.798288524085e-03 3.110805441371e-05
1.035730045441e-03 2.954961826292e-03 4.087360040897e-05
1.265961868784e-03 2.819461700489e-03 3.881217685301e-05
1.785192486706e-03 3.095677913652e-03 5.182555988503e-05
1.372458382629e-03 2.640377895940e-03 2.294029746328e-05
1.407204178324e-03 2.674544338796e-03 2.578973573963e-05
1.133088172206e-03 2.982603435881e-03 5.903071578595e-05
1.220361371291e-03 3.006788019800e-03 3.148866648886e-05
1.630221440607e-03 3.091358957977e-03 1.000000000000e-04
1.038229559272e-03 3.057751168685e-03 6.194612772698e-05
1.499472377107e-03 3.137185786054e-03 3.005671333457e-05
8.325124382489e-04 3.050719118419e-03 5.507790200749e-05
1.184506566115e-03 3.113211629151e-03 8.081249860528e-05
1.340195121792e-03 2.702149898881e-03 4.668288395135e-05
1.421725612554e-03 2.711776306621e-03 1.417389122524e-05
1.400686080969e-03 2.762969369394e-03 3.909685803723e-05
1.280483811027e-03 2.721628588383e-03 1.612523636764e-05
1.342293838175e-03 2.820244869238e-03 3.752384928673e-05
1.067200100478e-03 -3.803122868322e-05 4.622318847706e-05
1.067200100478e-03 3.161968771317e-03 4.622318847706e-05
1.427459319951e-03 2.856535113889e-03 5.505122656366e-05
1.349542157498e-03 2.888064706331e-03 2.869930642508e-05
1.296577592934e-03 3.137655817721e-03 3.389335742251e-05
1.385722486330e-03 2.915572296582e-03 1.675048692781e-05
4.687500000000e-05 1.246875000000e-03 4.183386507323e-05
1.621875000000e-03 2.846875000000e-03 3.441482739747e-05
1.846875000000e-03 2.715625000000e-03 3.768203143672e-05
7.812500000000e-05 2.503125000000e-03 4.100280030378e-05
2.940625000000e-03 4.593750000000e-04 5.120340207150e-05
1.303125000000e-03 1.781250000000e-04 5.995421456793e-05
4.062500000000e-05 1.090625000000e-03 5.008135783242e-05
3.240625000000e-03 1.090625000000e-03 5.008135783242e-05
4.031250000000e-04 1.415625000000e-03 9.048440859481e-05
2.078125000000e-03 2.565625000000e-03 3.175058912938e-05
1.593750000000e-04 1.353125000000e-03 2.846316060157e-05
1.403125000000e-03 3.040625000000e-03 5.005179719498e-05
1.128125000000e-03 1.468750000000e-04 4.482126285558e-05
2.406250000000e-04 2.571875000000e-03 5.689843740045e-05
1.953125000000e-03 2.603125000000e-03 4.257315738531e-05
1.196875000000e-03 2.646875000000e-03 7.685257518467e-05
1.734375000000e-03 2.784375000000e-03 6.420635249708e-05
1.109375000000e-03 1.403125000000e-03 3.621148934766e-05
9.906250000000e-04 1.531250000000e-04 4.432225814960e-05
2.440625000000e-03 1.846875000000e-03 2.866088937573e-05
1.921875000000e-03 1.021875000000e-03 8.338540040079e-05
1.896875000000e-03 2.128125000000e-03 4.323683507274e-05
1.540625000000e-03 2.928125000000e-03 1.906443353114e-05
9.718750000000e-04 7.468750000000e-04 2.969365122524e-05
1.934375000000e-03 2.796875000000e-03 3.206975741550e-05
2.984375000000e-03 3.406250000000e-04 7.730823048033e-05
2.843750000000e-04 1.940625000000e-03 3.720710917374e-05
5.937500000000e-05 1.593750000000e-04 3.277460198609e-05
3.140625000000e-03 9.031250000000e-04 4.581856970655e-05
1.343750000000e-04 1.171875000000e-03 4.313578872481e-05
4.687500000000e-05 1.365625000000e-03 4.786725062062e-05
3.246875000000e-03 1.365625000000e-03 4.786725062062e-05
2.406250000000e-04 1.415625000000e-03 7.500000000000e-05
3.121875000000e-03 1.115625000000e-03 6.250405181833e-05
