# 2D packing, generated 2026-10-01T15:39:44.292434+00:00
# generator = preprocess/generate_packing_gravity.py
# periodic axes = xy
# porosity_achieved = 0.374782  (target 0.375000)
# 289 distinct grains; 319 rows including 30 periodic edge images.
# Centres span [-R, L+R]: a grain need only be PARTLY inside.
# Do NOT drop the out-of-box rows -- they carry the conduction
# paths that cross the domain edge, and k_eff depends on them.
# header row is 'Lx Ly'; grain rows are 'x y r', all in metres
2.000000000000e-03 2.000000000000e-03
2.542234272208e-04 5.269927400641e-05 8.832237078880e-05
2.542234272208e-04 2.052699274006e-03 8.832237078880e-05
1.583207910492e-03 3.020359935019e-05 6.799581952198e-05
1.583207910492e-03 2.030203599350e-03 6.799581952198e-05
8.653159731316e-05 5.731810075130e-05 7.252164693101e-05
8.653159731316e-05 2.057318100751e-03 7.252164693101e-05
1.605141354994e-04 1.617561939139e-04 5.546613532463e-05
6.209867968331e-04 3.221089508723e-05 5.411634452192e-05
6.209867968331e-04 2.032210895087e-03 5.411634452192e-05
1.406499123685e-03 7.240343311390e-05 9.676435252109e-05
1.406499123685e-03 2.072403433114e-03 9.676435252109e-05
1.523955272481e-03 1.192874105076e-04 2.970326587076e-05
1.490018961698e-03 1.729757611547e-04 3.327295355370e-05
3.964699835395e-04 9.276230954746e-05 4.167210850848e-05
3.372933772430e-04 1.792959262622e-04 6.309576016160e-05
2.385717304491e-04 2.293114157986e-04 4.757276327843e-05
4.370554819965e-04 2.379873933601e-04 5.265070708799e-05
1.254259608737e-03 2.155634547599e-05 3.407390956182e-05
1.254259608737e-03 2.021556345476e-03 3.407390956182e-05
3.065609489534e-04 2.677090336109e-04 3.050645647670e-05
1.259190388644e-03 1.164071342001e-04 5.697631355492e-05
5.578013252422e-04 2.943501869382e-04 8.060243035301e-05
3.702609878333e-04 3.170617308684e-04 5.007510246034e-05
7.022062705021e-04 3.221089508723e-05 2.710312914712e-05
4.510926477580e-04 3.181127749100e-04 2.797664937913e-05
7.489003598515e-04 3.221089508723e-05 1.959096020218e-05
1.419274619940e-03 2.200779933251e-04 5.117056119666e-05
1.327161349037e-03 2.241893351394e-04 4.082731571659e-05
8.029996227405e-04 6.027580610400e-05 4.135466700371e-05
1.878296154452e-03 3.272069512839e-05 5.657922431157e-05
1.878296154452e-03 2.032720695128e-03 5.657922431157e-05
6.948571759401e-04 3.589935357283e-04 7.093347117676e-05
1.366374019613e-03 2.769523150143e-04 2.491130344273e-05
1.801611115875e-03 3.272069512839e-05 2.010581426484e-05
1.407106770409e-03 2.872613196593e-04 1.710575950650e-05
1.316098490086e-03 2.927435173514e-04 2.778586731965e-05
1.464465345481e-03 3.061548978590e-04 4.328442990632e-05
1.329797170619e-04 2.801290092525e-04 6.606816761329e-05
4.413314827449e-04 4.268330668727e-04 8.069479933248e-05
1.738037256890e-03 1.253572033362e-04 8.444751162663e-05
2.944937879764e-04 3.238160481006e-04 2.533528800261e-05
2.312975045958e-04 3.148137502632e-04 3.818835160804e-05
8.779060756610e-04 9.678034012447e-05 4.197334565215e-05
5.598717017550e-04 4.265295986533e-04 3.784581127879e-05
5.370856401820e-04 5.045800242094e-04 4.264801158052e-05
1.230258346622e-05 2.372843761046e-06 1.983074090330e-05
1.230258346622e-05 2.002372843761e-03 1.983074090330e-05
2.012302583466e-03 2.372843761046e-06 1.983074090330e-05
2.012302583466e-03 2.002372843761e-03 1.983074090330e-05
-9.275676514380e-05 1.863555838692e-04 9.541771487029e-05
1.907243234856e-03 1.863555838692e-04 9.541771487029e-05
1.173342289715e-03 1.153311297065e-04 2.887853369604e-05
1.581928963868e-03 1.269679485877e-04 2.877700445661e-05
1.737474102119e-04 3.796694959386e-04 4.149825408167e-05
1.780104588856e-06 3.254041790951e-04 7.272441644903e-05
2.001780104589e-03 3.254041790951e-04 7.272441644903e-05
7.999800464467e-04 3.780794405706e-04 3.590805342563e-05
3.248908609749e-04 4.265225646544e-04 3.558381663728e-05
4.652819055694e-04 5.411211331326e-04 3.607586554278e-05
1.628442580604e-03 1.676739189410e-04 3.303316024174e-05
1.768372475513e-03 2.680826837965e-04 6.146612880817e-05
1.260516208653e-03 2.925893779197e-04 2.779663434512e-05
2.357519050979e-04 4.592198703534e-04 5.936303087671e-05
9.060204532884e-05 3.613973280036e-04 2.181184825134e-05
1.890057679600e-03 3.726259128475e-04 4.856826752398e-05
1.161559678665e-03 3.437413255936e-04 8.359868716346e-05
1.668637037046e-03 2.243519709764e-04 3.645062757365e-05
1.293817771106e-03 4.057926572903e-04 6.243961724578e-05
1.063817423368e-03 3.940208069219e-04 2.631753148757e-05
1.564108087459e-03 3.280730373260e-04 5.874048457730e-05
5.213336112755e-04 5.793830055821e-04 3.178993171704e-05
5.896187274540e-04 6.196165619320e-04 4.746660184581e-05
3.487786750867e-04 4.901647932827e-04 3.144469013086e-05
3.808477622132e-04 5.676711863640e-04 5.243419491975e-05
2.627991535695e-04 5.816531891998e-04 6.602296570923e-05
3.410304168874e-04 6.469951338633e-04 3.590706058863e-05
1.368528982565e-03 4.478786149419e-04 2.330997720878e-05
6.436583658779e-05 4.079906449386e-04 3.062096101468e-05
1.471010372806e-03 4.210069615391e-04 7.175397331890e-05
1.388489916229e-03 5.711555161604e-04 9.957674351500e-05
2.718605995924e-04 6.951118106134e-04 4.779732852009e-05
1.515126757771e-04 4.554419415948e-04 1.975657358984e-05
6.975066169294e-04 6.810472041948e-04 7.668460839309e-05
1.637409319163e-03 3.559193772863e-04 1.967182695683e-05
-3.404944364112e-05 4.545370906760e-04 6.128715128948e-05
1.965950556359e-03 4.545370906760e-04 6.128715128948e-05
7.939098050767e-04 7.160353529633e-04 2.587145749849e-05
5.658268824900e-04 7.303840910534e-04 6.390244948386e-05
1.101653750040e-03 4.869831842117e-04 7.166544551926e-05
1.270092412254e-03 5.878834754744e-04 1.999663845955e-05
1.447794494060e-04 7.099254161206e-04 7.991002393486e-05
2.406239544661e-04 7.648191205958e-04 2.858896089189e-05
9.197812517480e-04 7.159921011090e-04 1.000000000000e-04
1.569940171497e-03 4.209961762832e-04 2.717582624377e-05
1.511261862649e-03 6.024787167334e-04 2.712485562516e-05
1.708042082980e-03 3.634220406328e-04 5.135829377933e-05
3.084425197436e-04 7.966144706831e-04 4.631299056662e-05
1.503367546627e-03 7.266882367779e-04 9.378120787124e-05
1.801045121721e-03 3.708097979640e-04 4.046302219714e-05
7.670660440569e-04 8.452060733694e-04 1.000000000000e-04
7.595288784600e-05 4.925428535031e-04 5.472150045670e-05
1.653217959153e-03 4.651993521227e-04 6.424579798086e-05
1.215669060933e-03 4.336624497729e-04 2.052993280002e-05
2.057278090239e-04 8.696725576405e-04 7.973043088201e-05
3.379248279865e-04 8.994740751371e-04 5.578407855403e-05
1.143718375264e-05 5.163078184994e-04 1.403204225884e-05
2.011437183753e-03 5.163078184994e-04 1.403204225884e-05
1.337432839637e-03 7.604953403946e-04 7.556169035343e-05
1.758837485943e-03 4.375119443914e-04 3.847159081525e-05
1.428768707479e-03 8.363182228325e-04 3.882241464924e-05
6.548145162593e-04 8.991383072751e-04 2.453550235565e-05
8.821643373065e-04 9.054660970861e-04 2.991877295956e-05
1.840975441465e-03 4.282610672938e-04 2.562311826758e-05
1.015832837504e-03 5.313494305299e-04 2.494507662849e-05
1.249190182015e-03 7.863483291420e-04 1.639016471910e-05
8.424614385265e-04 9.376852326543e-04 1.931831548119e-05
9.871468192808e-04 9.054660970861e-04 7.506370901474e-05
1.254387710403e-03 8.410520565757e-04 3.855992260100e-05
-3.164710103314e-05 5.700949034121e-04 5.429569585298e-05
1.968352898967e-03 5.700949034121e-04 5.429569585298e-05
5.659324560091e-04 9.253990977087e-04 6.814486098255e-05
1.191364607519e-03 4.872472467529e-04 1.803530309404e-05
8.098794791639e-04 9.576144033299e-04 1.887534786402e-05
1.859331174242e-03 5.807523169604e-04 5.524570141367e-05
1.609968580261e-03 7.368708826427e-04 1.330505021887e-05
1.732783857539e-03 4.874086360348e-04 1.781762648636e-05
1.176382797877e-03 5.315549178407e-04 1.534613616923e-05
1.359725898456e-03 8.766582514305e-04 4.114149855465e-05
4.902283354808e-05 8.923519069353e-04 7.860719011603e-05
2.049022833548e-03 8.923519069353e-04 7.860719011603e-05
2.650946446230e-04 9.995719858321e-04 6.309212550727e-05
1.404937501012e-04 9.568716599548e-04 2.916936658317e-05
6.848721535309e-04 9.259314126013e-04 1.520597221461e-05
8.567260968137e-04 9.997588952945e-04 4.413864890006e-05
1.678917330938e-04 1.015678253835e-03 3.543613378272e-05
1.156271559925e-03 5.732372612142e-04 3.042701804346e-05
1.738423558656e-03 6.214471278655e-04 7.232670787959e-05
1.625329292914e-03 7.965328671856e-04 4.676394516490e-05
4.330810194996e-04 1.028467958633e-03 1.000000000000e-04
1.213714547312e-03 6.180041483087e-04 4.239997583818e-05
1.922876999310e-03 6.835509594307e-04 6.558952096116e-05
9.414613078502e-04 1.008931376229e-03 3.803903163612e-05
2.039308967454e-04 1.108141195772e-03 6.152038350144e-05
7.179466105338e-04 9.876580402317e-04 5.068271836074e-05
1.301995718938e-03 9.026492084684e-04 2.216966548920e-05
5.755616849649e-04 1.038267215594e-03 4.281724499660e-05
8.159117658494e-06 7.293544238093e-04 3.121438938939e-05
2.008159117658e-03 7.293544238093e-04 3.121438938939e-05
1.947168225448e-03 9.082211920364e-04 2.447624890718e-05
6.743453853878e-04 1.105537848925e-03 7.500226933398e-05
1.422696437412e-03 9.029350999341e-04 2.709143142782e-05
1.120123223197e-03 6.541166532003e-04 5.791269490158e-05
1.824799755187e-03 6.803323191091e-04 3.219511879102e-05
8.995088638005e-04 1.074881080983e-03 4.012343454094e-05
1.014400602260e-03 1.099110152333e-03 7.729530103718e-05
8.088948169087e-04 1.140399417073e-03 6.399009900440e-05
1.253337857190e-03 9.258568876501e-04 3.173936799305e-05
8.938041044667e-05 1.007927534261e-03 4.307518886441e-05
3.120058717219e-04 1.109542020401e-03 4.571190904769e-05
3.968437824118e-04 1.223879582612e-03 9.666277304107e-05
5.705853206027e-04 1.137678517735e-03 3.362173186148e-05
1.685007097812e-03 8.047041180717e-04 1.347067742419e-05
1.899004865834e-03 9.205493467629e-04 2.523987129797e-05
2.271597086158e-04 1.295603144795e-03 8.755709672677e-05
1.966119303646e-03 9.618705413324e-04 2.958632077397e-05
3.453728677762e-04 1.346823725725e-03 3.656704930549e-05
5.508797495345e-04 1.229284534220e-03 5.746800749394e-05
1.544716310533e-03 9.116575492077e-04 9.377838066934e-05
6.904244064188e-04 1.273874399929e-03 8.902762819206e-05
7.769961147514e-05 1.368085914137e-03 7.855153859536e-05
2.077699611475e-03 1.368085914137e-03 7.855153859536e-05
1.211445163290e-03 7.161828265652e-04 5.250427217579e-05
2.944347435780e-04 1.397502767129e-03 3.454721993740e-05
1.419670491861e-03 9.858268817631e-04 5.160919329977e-05
1.111392108434e-03 1.099110152333e-03 1.969620513656e-05
1.304495281042e-03 9.498980499743e-04 2.478519311854e-05
9.129456663562e-04 1.157599776457e-03 3.981208621678e-05
9.742137640953e-04 1.198146735532e-03 2.958419546947e-05
1.243837425171e-03 1.058948354617e-03 1.000000000000e-04
-8.361541607883e-05 1.444624186787e-03 1.000000000000e-04
1.916384583921e-03 1.444624186787e-03 1.000000000000e-04
1.108018030320e-03 1.152756734522e-03 3.060362674794e-05
1.501139547631e-03 1.049430886399e-03 5.072223078155e-05
8.239985376764e-04 1.349903215035e-03 6.466828034176e-05
1.375602809297e-03 1.056603747028e-03 3.176541497430e-05
5.503246034496e-04 1.372731467187e-03 8.241225080985e-05
4.214570882837e-05 1.470291919556e-03 2.768401667597e-05
1.649662013969e-03 1.075087697345e-03 1.000000000000e-04
1.059094494802e-03 1.230688987775e-03 6.132090134189e-05
1.380256764027e-03 1.166315556631e-03 7.360285735671e-05
1.266484936213e-03 1.232203559093e-03 5.787055315900e-05
3.549581322293e-04 1.419939985370e-03 3.000129514700e-05
1.350518836609e-03 1.284709214771e-03 4.121794341757e-05
1.163234639343e-03 1.296592198905e-03 6.192033746327e-05
2.262722623572e-04 1.434596740860e-03 4.305491406531e-05
1.279623732854e-03 1.379920448139e-03 7.748881589510e-05
1.811309709445e-03 1.489579914990e-03 1.428800359498e-05
7.405871112276e-04 1.369428026524e-03 1.889267869594e-05
2.366635062381e-05 1.537366300969e-03 4.075177119066e-05
2.023666350624e-03 1.537366300969e-03 4.075177119066e-05
1.518749344832e-03 1.154195306295e-03 5.295797048398e-05
6.945493663880e-04 1.484416054168e-03 1.000000000000e-04
1.520274286414e-04 1.541886627758e-03 8.741894939722e-05
9.864098201128e-04 1.377073356808e-03 1.000000000000e-04
1.737216482776e-03 1.526515463082e-03 6.816594051407e-05
1.107707233022e-03 1.359546226522e-03 2.202311044004e-05
1.589388844648e-03 1.178862625149e-03 2.000871043740e-05
1.822699809963e-03 1.527190617133e-03 1.660750248813e-05
1.384162432829e-03 1.379922160168e-03 2.704863641281e-05
3.186554246072e-04 1.545788549960e-03 7.925476148224e-05
1.144750755040e-03 1.372576847918e-03 1.628017957194e-05
1.167463998778e-03 1.436214543820e-03 4.800553128951e-05
1.470056663830e-03 1.217091324739e-03 2.658375642144e-05
1.397547652998e-03 1.494397243860e-03 8.686138260760e-05
1.087972234585e-03 1.478596762791e-03 4.207883510800e-05
4.245403145781e-04 1.372731745485e-03 4.337203809821e-05
1.947009697219e-03 1.588653331428e-03 4.724913387818e-05
5.852702785647e-04 1.546899264968e-03 2.587928382849e-05
6.229073285915e-04 1.581749965460e-03 2.085723791661e-05
1.885706326818e-03 1.589469399396e-03 1.405974386163e-05
1.524793779389e-03 1.494406366434e-03 4.038474442571e-05
1.241841910388e-03 1.512473675009e-03 5.851912763618e-05
1.011674490228e-03 1.519367923485e-03 4.442916072686e-05
5.732787621998e-04 1.606453583512e-03 3.457978397865e-05
1.151219978959e-03 1.520574049333e-03 3.246411543661e-05
1.853653339090e-03 1.548528428964e-03 2.098801899040e-05
1.308896093974e-03 1.589855409006e-03 4.341279135112e-05
4.564496225450e-04 1.441030847731e-03 3.201337054433e-05
4.635139538317e-04 1.545602371758e-03 6.560390722527e-05
1.419862425445e-03 1.680705288527e-03 1.000000000000e-04
1.219708151257e-03 1.621746545214e-03 5.130539068978e-05
1.818801851273e-03 1.602910906774e-03 4.360366427430e-05
8.675881216262e-04 1.435361907373e-03 3.126524103295e-05
9.110725086749e-04 1.480028062946e-03 2.756622388011e-05
1.741269183475e-03 1.647203111891e-03 4.547736212193e-05
3.992137986114e-04 1.629071310155e-03 3.561191288563e-05
4.121091712122e-05 1.637082321276e-03 5.867193994287e-05
2.041210917121e-03 1.637082321276e-03 5.867193994287e-05
1.825224800008e-03 1.700003946062e-03 5.370169835683e-05
3.281846628358e-04 1.669474117641e-03 4.479738956741e-05
1.268283234035e-03 1.719357600764e-03 5.642971155704e-05
2.393051987152e-04 1.614370171318e-03 2.513385954852e-05
1.160758192092e-03 1.748980783120e-03 5.510130827091e-05
1.930209619632e-04 1.676062209245e-03 5.199036592127e-05
1.235709516715e-03 1.815975771843e-03 4.538658918141e-05
1.615796878620e-03 1.720826161349e-03 1.000000000000e-04
1.076460978498e-03 1.548639843894e-03 2.666306356099e-05
1.007799744322e-04 1.740004700257e-03 6.024628296085e-05
4.790467822081e-04 1.657794050173e-03 4.765795801719e-05
1.499336581200e-03 1.777582373967e-03 2.521061487359e-05
1.748573067090e-03 1.741955651103e-03 3.327993637333e-05
5.675693308769e-04 1.691918070081e-03 4.721405337758e-05
1.533876103560e-03 1.862171756908e-03 6.336952293314e-05
1.915785612544e-03 1.711857132964e-03 3.573664159685e-05
8.436124940949e-04 1.531132324437e-03 5.621211858251e-05
4.061464951949e-04 1.719337465395e-03 4.774676552675e-05
1.614165064290e-03 1.903893013639e-03 2.711245137679e-05
4.816142774838e-04 1.752789846432e-03 3.184285309358e-05
1.878378172990e-03 1.808807422152e-03 6.739134367445e-05
1.338852828839e-03 1.810803513687e-03 5.325828875498e-05
1.764035419087e-03 1.822568400229e-03 4.777661888201e-05
2.207208090115e-05 1.767039215928e-03 2.113792234459e-05
-1.273101035610e-05 1.830327392704e-03 4.360592384919e-05
1.987268989644e-03 1.830327392704e-03 4.360592384919e-05
1.284993272110e-03 1.868717275598e-03 2.582935706146e-05
6.693593701872e-04 1.628803895431e-03 4.526284007878e-05
2.658967657716e-04 1.690823147669e-03 2.104764753076e-05
2.539314367448e-04 1.770104679813e-03 5.913172771989e-05
1.086988761107e-04 1.893166426369e-03 9.312033963156e-05
1.441124951566e-03 1.863168769067e-03 2.938700116403e-05
1.843875450978e-03 1.911596493978e-03 4.103397122603e-05
1.144513482058e-03 1.860587046718e-03 5.613622886098e-05
1.463304660954e-03 1.914048800454e-03 2.421792816872e-05
1.935944302845e-03 1.900377566597e-03 3.807911881641e-05
1.027547187508e-03 1.860587046718e-03 6.083006568841e-05
3.433491575795e-04 1.800762213010e-03 3.343659240331e-05
4.193113993271e-04 1.809106447973e-03 4.298261010546e-05
1.398788180634e-03 1.932865410630e-03 4.298657079456e-05
3.009361168481e-04 1.835403880089e-03 2.132587439143e-05
5.330552887136e-04 1.840241250297e-03 6.375055718794e-05
9.412853953635e-04 1.632687091049e-03 8.468985543281e-05
4.133380619195e-04 -4.803602813676e-05 1.000000000000e-04
4.133380619195e-04 1.951963971863e-03 1.000000000000e-04
1.330400774896e-03 1.940398908101e-03 2.581453926155e-05
1.720038896888e-03 -4.752965185483e-05 8.937376154358e-05
1.720038896888e-03 1.952470348145e-03 8.937376154358e-05
5.220082373748e-04 -6.273888622046e-06 1.641877429922e-05
5.220082373748e-04 1.993726111378e-03 1.641877429922e-05
8.920419040980e-04 -8.032805951434e-05 8.699654390412e-05
8.920419040980e-04 1.919671940486e-03 8.699654390412e-05
7.722576255534e-04 1.596836516405e-03 3.666262290540e-05
1.230343000789e-03 1.909735454441e-03 4.250177181693e-05
1.505342082611e-03 1.959135617112e-03 3.742594993292e-05
7.439295165315e-04 1.666544049790e-03 3.831362943643e-05
7.731518831823e-04 -3.740764058150e-05 3.940361208750e-05
7.731518831823e-04 1.962592359419e-03 3.940361208750e-05
6.314903544269e-04 1.679385612183e-03 1.792397492173e-05
1.153216093209e-03 -2.836326249895e-05 5.525393795750e-05
1.153216093209e-03 1.971636737501e-03 5.525393795750e-05
2.468189133409e-04 1.875635510669e-03 4.610773065788e-05
1.006486193960e-03 1.952199294797e-03 3.198044656242e-05
2.181312855453e-04 1.943027397537e-03 2.713641614505e-05
6.929901598130e-04 1.689453922773e-03 1.753252890816e-05
6.920740843086e-04 -3.740764058150e-05 4.167418678623e-05
6.920740843086e-04 1.962592359419e-03 4.167418678623e-05
1.916015625000e-03 1.166015625000e-03 4.670226056440e-05
1.705078125000e-03 1.314453125000e-03 4.939441423375e-05
9.433593750000e-04 2.714843750000e-04 4.280815823763e-05
1.029296875000e-03 1.386718750000e-04 5.289631828110e-05
8.144531250000e-04 5.292968750000e-04 2.573379068428e-05
1.541015625000e-03 1.337890625000e-03 5.282253936902e-05
7.246093750000e-04 1.814453125000e-03 3.838485530380e-05
7.089843750000e-04 1.777343750000e-04 7.733697265907e-05
1.806640625000e-03 8.222656250000e-04 5.163940090039e-05
9.355468750000e-04 4.238281250000e-04 3.277641050205e-05
6.054687500000e-05 1.185546875000e-03 7.138989670392e-05
2.060546875000e-03 1.185546875000e-03 7.138989670392e-05
1.845703125000e-03 1.037109375000e-03 1.742399742491e-05
6.816406250000e-04 5.175781250000e-04 6.702590095555e-05
