# 2D packing, generated 2026-09-28T19:12:55.927561+00:00
# generator = preprocess/generate_packing_gravity.py
# periodic axes = xy
# porosity_achieved = 0.475250  (target 0.475000)
# 231 distinct grains; 252 rows including 21 periodic edge images.
# Centres span [-R, L+R]: a grain need only be PARTLY inside.
# Do NOT drop the out-of-box rows -- they carry the conduction
# paths that cross the domain edge, and k_eff depends on them.
# header row is 'Lx Ly'; grain rows are 'x y r', all in metres
2.000000000000e-03 2.000000000000e-03
7.970333729075e-04 1.918357879597e-05 3.290866835265e-05
7.970333729075e-04 2.019183578796e-03 3.290866835265e-05
1.210137283306e-03 2.496507492884e-05 9.761819529451e-05
1.210137283306e-03 2.024965074929e-03 9.761819529451e-05
9.604307280810e-04 6.472243937723e-05 4.849849521813e-05
4.258670514307e-04 2.204978319036e-05 5.753533618421e-05
4.258670514307e-04 2.022049783190e-03 5.753533618421e-05
9.987565590672e-05 1.041588864873e-04 7.841645051001e-05
1.076634429278e-03 5.861869774024e-05 3.708226629837e-05
1.118558159474e-03 1.757461752858e-04 7.879521054462e-05
8.243515540073e-04 1.014204799172e-04 5.374698702408e-05
5.958872977583e-04 1.860892635352e-05 4.823467365674e-05
5.958872977583e-04 2.018608926354e-03 4.823467365674e-05
1.239360759261e-03 2.427592629749e-04 5.934973808145e-05
7.213376282274e-04 5.248691048739e-05 1.866854261270e-05
2.195974917770e-04 1.724966545419e-04 5.943645186059e-05
1.285485381365e-03 3.119785480678e-04 2.382954061891e-05
1.003263824942e-03 2.633341251368e-04 6.599583519339e-05
1.346469754947e-03 3.648310696307e-04 5.687042323261e-05
3.862032210893e-04 1.093741171706e-04 3.837485072928e-05
6.619749415552e-04 1.031721052420e-04 5.682137739881e-05
3.427306826124e-04 2.069174878883e-04 6.841738304201e-05
9.084231781787e-04 3.995686790705e-04 1.000000000000e-04
2.354791227458e-04 2.855877122731e-04 5.476436765802e-05
5.629560407682e-04 1.325685459602e-04 4.639144495330e-05
1.245026698669e-04 3.634597903300e-04 8.080790055425e-05
1.552448289218e-03 4.744415466214e-05 5.108826342295e-05
1.552448289218e-03 2.047444154662e-03 5.108826342295e-05
1.946896563540e-03 2.946194815936e-05 2.472395592064e-05
1.094613301033e-03 4.725976645471e-04 1.000000000000e-04
4.949914005396e-04 2.164904597462e-04 6.159966549055e-05
6.260549013411e-04 1.965404418752e-04 4.321809314452e-05
3.429315632298e-04 3.418708789414e-04 6.653620707315e-05
9.922203208922e-04 5.790730144633e-04 4.703235220813e-05
1.250323998878e-03 3.641915786083e-04 3.791086713952e-05
1.068709141165e-03 6.048312616145e-04 3.367716967745e-05
6.883101651930e-04 2.895789773598e-04 6.872781912825e-05
7.488795822450e-04 4.026838163857e-04 5.957401037173e-05
1.906036738786e-03 8.475546819389e-05 4.402848866698e-05
2.299740768077e-04 3.790138596730e-04 2.265399696271e-05
2.258755501308e-04 4.653228257371e-04 6.227515518781e-05
4.055230358614e-04 4.285444595398e-04 4.037501848939e-05
1.687957339248e-03 4.481194097925e-05 6.946201579094e-05
1.687957339248e-03 2.044811940979e-03 6.946201579094e-05
8.038714008122e-04 4.644109636207e-04 2.302684660206e-05
1.833115673747e-03 1.249089948591e-04 3.921685612810e-05
9.566018686371e-04 6.502771229111e-04 3.258359594863e-05
1.025086372837e-03 6.435318085072e-04 2.463816489538e-05
1.582701997437e-04 5.367982236190e-04 3.610785098370e-05
1.909959435383e-03 1.919601191918e-04 6.276753962242e-05
2.784482338042e-04 5.499811565158e-04 3.737884643213e-05
3.459614433243e-04 4.626422671354e-04 2.794695041142e-05
5.583529622229e-04 3.057778347910e-04 4.788514095003e-05
1.287267647282e-03 5.038570484087e-04 9.423587597026e-05
1.809423577789e-03 2.628928577961e-04 6.027274673899e-05
1.183724469527e-03 5.544848068874e-04 2.102192541648e-05
1.754647370139e-03 3.479250506855e-04 4.087519813479e-05
7.646834470523e-04 5.195106695710e-04 4.458732289384e-05
4.741198934039e-04 3.293437638273e-04 3.957934754653e-05
3.907235708005e-04 5.218968123425e-04 4.631440686076e-05
1.657595565979e-03 4.151254542631e-04 7.717117805517e-05
1.375306068982e-03 6.453148474914e-04 7.238066994649e-05
1.473056657608e-03 6.908442924507e-04 3.545303614608e-05
8.727632489009e-05 5.575393948600e-04 3.785380429237e-05
1.540836874465e-03 4.329998265845e-04 4.094776720727e-05
1.815240707555e-03 3.553991160683e-04 2.017735457703e-05
1.419613798272e-03 7.799752682343e-04 6.846452703438e-05
1.475770987383e-04 6.277365182767e-04 5.468710267675e-05
1.296266778646e-03 8.713481955729e-04 8.503954164473e-05
1.580560304300e-03 4.968502086363e-04 3.425078441419e-05
1.152112701303e-03 5.862232029988e-04 2.377349746984e-05
8.672029187165e-04 5.724068483126e-04 7.016309528889e-05
6.175726523736e-04 3.973351996107e-04 6.002004400920e-05
2.262387389727e-04 6.560075848454e-04 2.890061681183e-05
1.131522983476e-03 6.515208398777e-04 4.458837513148e-05
3.374699845256e-04 5.705784449912e-04 2.513367511957e-05
1.500990988885e-03 8.531290721593e-04 4.095999572307e-05
1.236234780128e-03 9.867777844162e-04 4.506745596353e-05
1.015101746416e-03 7.580454671897e-04 9.003879894197e-05
1.720261289683e-03 5.422478483622e-04 6.455777455803e-05
1.158981677786e-03 1.012250644678e-03 3.627692571919e-05
1.399595204189e-03 9.476361428579e-04 4.339960513776e-05
1.770782762285e-03 6.080538573000e-04 1.840516901460e-05
1.566986685511e-03 8.583814029518e-04 2.524437688094e-05
1.526854997767e-03 1.013729952645e-03 1.000000000000e-04
1.863404218290e-03 3.813219136944e-04 3.451921938377e-05
8.626564434600e-04 7.771662747009e-04 6.360096047356e-05
5.140751999324e-04 4.013419407614e-04 4.276240371988e-05
1.885961515712e-04 7.128937667522e-04 3.931230042694e-05
7.293912614172e-04 8.633841720138e-04 9.512249262002e-05
1.268641513870e-03 1.036097212908e-03 1.394612229260e-05
1.914870071303e-03 4.313787057521e-04 3.727504541114e-05
8.317917430804e-04 1.007478609197e-03 8.165155941229e-05
1.815899503487e-03 6.096868879064e-04 2.674111683055e-05
3.784641835794e-04 5.974552470877e-04 2.388557464010e-05
6.444325224478e-04 9.747550544642e-04 4.495413207175e-05
1.688335823139e-03 1.047750118933e-03 6.502553946938e-05
-4.990842729143e-05 5.711046123952e-04 1.000000000000e-04
1.950091572709e-03 5.711046123952e-04 1.000000000000e-04
1.830704858448e-03 1.131328249341e-03 1.000000000000e-04
1.725040603252e-03 1.167739885241e-03 1.152561953645e-05
7.289789467649e-04 1.117850459564e-03 6.918748208486e-05
1.462436995276e-03 1.137022129387e-03 3.910657745251e-05
9.298727969906e-04 8.703191728844e-04 5.091991419985e-05
9.477752263527e-04 1.022285237846e-03 3.527322257989e-05
1.087454391783e-03 8.716146075972e-04 4.461949060805e-05
8.343535008873e-04 1.146057925287e-03 3.989715376729e-05
2.359685403868e-04 7.608008725841e-04 2.806153730912e-05
5.032768398685e-04 5.558256256671e-04 7.124154897093e-05
5.555855336425e-04 1.047234191811e-03 6.970629165991e-05
1.691140245225e-03 1.274582247790e-03 1.000000000000e-04
3.001522394740e-04 7.851366003194e-04 4.058083206228e-05
5.517552880910e-05 7.529793560833e-04 1.000000000000e-04
2.055175528809e-03 7.529793560833e-04 1.000000000000e-04
4.568279656635e-04 1.110163013974e-03 4.739662842276e-05
1.803424303965e-03 1.326727571599e-03 2.379261000854e-05
1.663146054575e-04 8.607171634617e-04 5.478801470710e-05
2.156703598485e-04 9.322425541896e-04 3.211349281884e-05
1.614780539520e-03 1.388329507367e-03 3.700093818325e-05
3.523431202574e-04 8.445318209540e-04 3.848673569585e-05
-1.359583879587e-05 9.026186739797e-04 6.468584171920e-05
1.986404161204e-03 9.026186739797e-04 6.468584171920e-05
1.835146136854e-03 1.379311457818e-03 3.761862489033e-05
3.792623668778e-04 1.144769089041e-03 3.753865603859e-05
6.323615858965e-04 1.123847415121e-03 2.761581278228e-05
2.959923965178e-04 1.187473115286e-03 5.604297582016e-05
1.750852761461e-03 1.390339827267e-03 3.007075828836e-05
2.124374827868e-04 1.211584300048e-03 3.092122853539e-05
1.571456069198e-03 1.437093984911e-03 2.822931386622e-05
6.616128546473e-04 1.191678016830e-03 3.074873771492e-05
1.242040168687e-03 1.066347718813e-03 2.633693460536e-05
1.686038202680e-03 1.470620233409e-03 7.185427630810e-05
3.726864305995e-04 1.252229633984e-03 4.433322443457e-05
1.617631077665e-03 1.547853750104e-03 3.131824102749e-05
2.505074372739e-04 1.296296768485e-03 6.190391482528e-05
4.915972722867e-04 1.165526442125e-03 1.797931409195e-05
1.561181781513e-03 1.631119727999e-03 6.927876589885e-05
1.312174593023e-03 1.085640316405e-03 4.640261308906e-05
9.187157687871e-04 1.072276743562e-03 2.255067142383e-05
-2.262424588753e-05 1.135843216326e-03 4.672660498417e-05
1.977375754112e-03 1.135843216326e-03 4.672660498417e-05
1.943118898019e-03 1.210411818719e-03 3.533444205804e-05
1.794104650109e-03 1.438647947913e-03 3.452860437711e-05
5.848985133656e-04 1.131548123737e-03 1.955786630401e-05
6.814711116389e-05 1.162104883286e-03 4.776738984733e-05
7.383009352258e-04 1.258416570379e-03 7.091294948607e-05
6.623995261857e-04 1.330155796671e-03 3.352622431317e-05
8.384005037707e-04 1.355236707274e-03 6.834963899929e-05
1.504721714680e-05 1.213986679478e-03 2.644782531937e-05
2.015047217147e-03 1.213986679478e-03 2.644782531937e-05
6.961403835289e-04 1.367978153815e-03 1.715901273999e-05
1.132561393142e-03 1.073567950067e-03 3.049015734482e-05
3.655191402580e-04 1.373398479745e-03 7.656039719267e-05
7.166246952328e-04 1.400968776622e-03 2.167412017389e-05
7.218496538370e-05 1.252593313121e-03 4.251009253517e-05
1.212379492577e-03 1.110559885454e-03 2.690281921129e-05
1.359713912144e-03 1.167070456361e-03 4.788871501507e-05
1.309092333370e-03 1.223125790005e-03 2.764104512997e-05
1.900617023694e-03 1.286155121688e-03 5.151871054233e-05
1.643570979046e-03 1.693376816463e-03 3.398753183879e-05
1.286039809176e-04 1.357418505747e-03 7.446440788055e-05
4.960053765214e-04 1.377919328544e-03 5.400413063953e-05
1.234623504503e-03 1.160631532125e-03 2.788737942764e-05
1.793220687091e-03 1.529914797255e-03 5.063657932272e-05
1.157585446477e-03 1.128380507718e-03 2.976446672274e-05
1.728239641701e-04 1.460742142299e-03 3.792411817540e-05
6.116689047840e-04 1.436867947676e-03 7.581494140959e-05
7.692859903389e-04 1.463296144179e-03 5.992230912785e-05
-9.700690018961e-07 1.302448826268e-03 4.601804563059e-05
1.999029930998e-03 1.302448826268e-03 4.601804563059e-05
1.025220916695e-03 9.042066063857e-04 2.563179981894e-05
1.940306705189e-03 1.382961025163e-03 5.310769435168e-05
6.847446130410e-04 1.573025232584e-03 7.859791756882e-05
9.065316437915e-04 1.498544022153e-03 8.177773313350e-05
9.862903070091e-05 1.464157609919e-03 3.634938700349e-05
1.722316852928e-03 1.562923933983e-03 2.526814729444e-05
4.191818976826e-06 1.471706099605e-03 5.624058020316e-05
2.004191818977e-03 1.471706099605e-03 5.624058020316e-05
6.256961610064e-04 1.680444061630e-03 4.398123326894e-05
1.840457585807e-03 1.614470338546e-03 4.621926175038e-05
6.636640997399e-05 1.546442514802e-03 4.097700378432e-05
2.632989537500e-04 1.460742142299e-03 5.255087140459e-05
-4.895854614426e-05 1.584418747310e-03 6.837527635277e-05
1.951041453856e-03 1.584418747310e-03 6.837527635277e-05
1.062568073633e-03 1.102741990699e-03 4.533984610158e-05
3.509518615916e-04 1.487411104946e-03 3.837908389593e-05
7.601530795505e-05 1.667996725034e-03 8.095984447801e-05
2.076015307955e-03 1.667996725034e-03 8.095984447801e-05
8.227784553352e-04 1.624269559510e-03 6.748456866151e-05
1.405179297256e-03 1.243891490463e-03 4.137814627150e-05
1.964089636535e-03 1.678555858100e-03 2.666183738754e-05
9.910989030800e-04 1.596501077629e-03 4.763361496269e-05
1.244786310581e-03 1.227132035018e-03 3.678965070756e-05
1.337454496163e-03 1.288558230912e-03 3.974994002082e-05
1.603247907380e-03 1.735416244622e-03 2.414191478870e-05
1.104373130155e-03 1.200384432106e-03 5.976829675255e-05
1.872404443028e-03 1.738401028979e-03 8.176339406852e-05
5.159189086395e-04 1.699532154364e-03 6.410735848978e-05
1.600791920319e-04 1.745447789342e-03 3.334421665691e-05
1.679064431626e-03 1.790771613230e-03 6.967313171100e-05
1.460306001076e-03 1.647910616494e-03 3.298492673534e-05
1.540341076865e-03 1.895846311183e-03 1.000000000000e-04
1.799065464061e-03 1.859682284271e-03 5.996821628618e-05
2.252973807119e-05 1.840871419793e-03 1.000000000000e-04
2.022529738071e-03 1.840871419793e-03 1.000000000000e-04
6.084452813902e-04 1.784559182836e-03 6.155381408604e-05
1.696625103177e-03 1.917823634696e-03 5.782183303501e-05
1.177177497819e-03 1.306129311119e-03 6.718881434397e-05
6.967528409082e-04 1.835977685619e-03 3.196455728923e-05
1.822228221145e-03 -1.999235252438e-05 6.256640225791e-05
1.822228221145e-03 1.980007647476e-03 6.256640225791e-05
6.230466865304e-04 1.881638272375e-03 3.661757605446e-05
1.915357120600e-03 1.931372423725e-03 3.785686796219e-05
1.334816146099e-04 1.925073846745e-03 2.896863322033e-05
1.244855211681e-03 1.391134248020e-03 4.146712084233e-05
7.758658109581e-05 -2.099236589488e-05 4.870445379772e-05
7.758658109581e-05 1.979007634105e-03 4.870445379772e-05
2.974064921863e-04 1.559168582817e-03 5.115438590810e-05
2.566172823029e-04 1.654600748063e-03 5.262932093665e-05
2.406796662618e-04 1.754034209736e-03 4.771235958274e-05
4.569004431284e-04 1.784755066198e-03 3.875704410093e-05
2.924966749171e-04 1.814427985850e-03 3.186409918449e-05
1.169665634014e-03 1.459166966087e-03 5.993269827657e-05
1.059458577148e-03 1.684112217997e-03 6.349163362121e-05
1.150044630936e-03 1.820213746432e-03 1.000000000000e-04
2.505782298957e-04 1.867056839693e-03 3.541853219743e-05
7.059544575574e-04 -4.142119201511e-05 7.649124368104e-05
7.059544575574e-04 1.958578807985e-03 7.649124368104e-05
9.341944189251e-04 1.735506179861e-03 7.165012204568e-05
1.753895501760e-03 1.985753590066e-03 5.838583964782e-06
1.351942668911e-03 1.419863021133e-03 6.940697847928e-05
8.163146781059e-04 1.820600268293e-03 7.373432410193e-05
1.018931903123e-03 1.823158479641e-03 3.062434955987e-05
9.752099382081e-04 1.811254146103e-03 1.448945777596e-05
1.311834734023e-03 1.889774350198e-03 7.155305217201e-05
1.072343773390e-03 -5.004954546892e-05 5.122515933585e-05
1.072343773390e-03 1.949950454531e-03 5.122515933585e-05
8.821083699069e-04 1.922520861157e-03 4.757774096399e-05
1.763671875000e-03 8.066406250000e-04 4.248579343318e-05
1.509765625000e-03 2.402343750000e-04 6.961509791341e-05
5.136718750000e-04 7.675781250000e-04 3.343459808599e-05
1.287109375000e-03 1.623046875000e-03 7.555116125631e-05
1.630859375000e-03 7.089843750000e-04 9.801294444699e-05
6.699218750000e-04 6.542968750000e-04 2.546564095853e-05
3.457031250000e-04 9.941406250000e-04 3.002836040995e-05
2.597656250000e-04 9.765625000000e-06 6.152145287567e-05
2.597656250000e-04 2.009765625000e-03 6.152145287567e-05
1.400390625000e-03 9.960937500000e-05 1.241859093337e-05
1.894531250000e-04 1.068359375000e-03 3.756015175942e-05
1.009765625000e-03 1.341796875000e-03 2.476418856894e-05
4.824218750000e-04 8.964843750000e-04 4.246252276190e-05
9.472656250000e-04 1.228515625000e-03 4.709264155798e-05
