# 2D packing, generated 2026-10-01T15:39:43.011632+00:00
# generator = preprocess/generate_packing_gravity.py
# periodic axes = xy
# porosity_achieved = 0.474990  (target 0.475000)
# 217 distinct grains; 244 rows including 27 periodic edge images.
# Centres span [-R, L+R]: a grain need only be PARTLY inside.
# Do NOT drop the out-of-box rows -- they carry the conduction
# paths that cross the domain edge, and k_eff depends on them.
# header row is 'Lx Ly'; grain rows are 'x y r', all in metres
2.000000000000e-03 2.000000000000e-03
1.240458643428e-03 4.305981588684e-06 6.129627674137e-05
1.240458643428e-03 2.004305981589e-03 6.129627674137e-05
1.332209270596e-03 2.366302069504e-05 3.247404131706e-05
1.332209270596e-03 2.023663020695e-03 3.247404131706e-05
5.026858866715e-04 7.916434630296e-05 1.000000000000e-04
5.026858866715e-04 2.079164346303e-03 1.000000000000e-04
1.164126993054e-03 8.978358604322e-05 5.330277086386e-05
-9.790000265337e-05 6.013329309330e-05 1.000000000000e-04
-9.790000265337e-05 2.060133293093e-03 1.000000000000e-04
1.902099997347e-03 6.013329309330e-05 1.000000000000e-04
1.902099997347e-03 2.060133293093e-03 1.000000000000e-04
1.442128877032e-03 3.857557302459e-05 6.833137343538e-05
1.442128877032e-03 2.038575573025e-03 6.833137343538e-05
1.059179581715e-03 9.268226121511e-05 5.168278246809e-05
6.539541940521e-04 9.473256833852e-05 3.753831231840e-05
1.392454226145e-03 1.595575849167e-04 6.245172704051e-05
1.012030603306e-03 1.531013432659e-04 2.495314727196e-05
1.783803702503e-03 1.597687120540e-04 5.466489609849e-05
8.246177053240e-05 1.452956491459e-04 8.574142441335e-05
2.082461770532e-03 1.452956491459e-04 8.574142441335e-05
1.711227746086e-03 1.554506671946e-04 1.803940199462e-05
7.235501279316e-04 1.199849899175e-05 3.392656438955e-05
7.235501279316e-04 2.011998498992e-03 3.392656438955e-05
6.136493192655e-04 1.430691510420e-04 2.539743395527e-05
3.884120332660e-04 1.489359958948e-04 3.389035368580e-05
1.597615115054e-03 5.439847706556e-05 4.320723190163e-05
1.814105314744e-04 1.891755875740e-04 2.154345022264e-05
8.147984533671e-04 1.100294234885e-04 1.000000000000e-04
1.610510929710e-04 2.695057890566e-04 6.124307034472e-05
5.544456562590e-04 2.412178076901e-04 7.011982543302e-05
1.697846060396e-03 1.120318944692e-05 2.758269348573e-05
1.697846060396e-03 2.011203189447e-03 2.758269348573e-05
1.098232109544e-03 1.911930903691e-04 5.428647434962e-05
1.451676611267e-03 2.369471441682e-04 3.499793766907e-05
1.883618390512e-03 2.381548076963e-04 7.224984667153e-05
1.829236471030e-03 4.015947554195e-04 1.000000000000e-04
2.248861406359e-04 3.851864409320e-04 7.088159999924e-05
1.698985498323e-03 4.562378761472e-04 4.124866914040e-05
7.175374390171e-04 2.896066152760e-04 1.000000000000e-04
9.216988150034e-04 2.443866605146e-04 7.169614863134e-05
2.640082634035e-04 4.844897501453e-04 3.585025875917e-05
6.435150227067e-04 4.356854431204e-04 5.224467123267e-05
1.775593845283e-03 5.100240436508e-04 2.097288803732e-05
2.181152372460e-04 5.402457506876e-04 3.636402051058e-05
8.147993775670e-04 4.044896365495e-04 5.052679071168e-05
4.744991016821e-04 2.722486079098e-04 1.563805610932e-05
1.268156585366e-03 2.025078341308e-04 6.905731600821e-05
1.900967606180e-03 5.203581353663e-04 3.874471581432e-05
1.499099004117e-03 3.329388401809e-04 7.206883187830e-05
1.604877697537e-04 5.819909042045e-04 3.479483982006e-05
3.690150797652e-04 5.665227184963e-04 9.740078782454e-05
1.415949236878e-04 6.779430429892e-04 6.299960371022e-05
9.784495370592e-04 3.713597716557e-04 6.738235096451e-05
1.309814555664e-03 3.243257113935e-04 5.968654486397e-05
4.968240206228e-04 3.233296897216e-04 3.019314898389e-05
1.467004303863e-03 4.279696879413e-04 2.823524595026e-05
4.890494189392e-04 5.803000575699e-04 2.342163631164e-05
1.132514998749e-03 3.010686110068e-04 6.081324992286e-05
1.385318876609e-03 3.861840571669e-04 3.792163831720e-05
-2.895096228319e-05 6.074295360783e-04 7.302663949705e-05
1.971049037717e-03 6.074295360783e-04 7.302663949705e-05
7.194736033298e-04 4.639904479911e-04 2.881567403497e-05
9.025348204354e-04 4.804566038342e-04 6.552810653294e-05
1.873835726231e-03 6.419355154295e-04 3.007424295191e-05
4.465812519811e-05 7.301896826948e-04 4.712057991844e-05
2.044658125198e-03 7.301896826948e-04 4.712057991844e-05
-4.368893736658e-05 7.758979405841e-04 5.235026394543e-05
1.956311062633e-03 7.758979405841e-04 5.235026394543e-05
2.730095803309e-04 6.730358777690e-04 4.599415304441e-05
1.562915799469e-03 4.157251006739e-04 3.245940934951e-05
6.796115066882e-04 5.285021685123e-04 4.701801790517e-05
1.205757907561e-03 3.309119986783e-04 1.827142499588e-05
1.912655932904e-03 8.745829240577e-04 5.555940554663e-05
1.855582395914e-03 9.931746139725e-04 7.605130084881e-05
3.064335108650e-04 7.616613329363e-04 4.872453805699e-05
6.928278535751e-05 8.252032705011e-04 5.103213669268e-05
9.928537849266e-04 5.953472131235e-04 8.061441876002e-05
6.536415356888e-04 6.180134697258e-04 4.618451660240e-05
4.761705578348e-04 6.889316708697e-04 6.528372073565e-05
4.453418145474e-04 7.952652768555e-04 4.542873338956e-05
6.794627653606e-04 6.937408699156e-04 3.382407694398e-05
8.732251386376e-05 9.026439174805e-04 2.848192260375e-05
2.095377294141e-04 7.660113582950e-04 4.823102774961e-05
1.167606852667e-03 3.828074949673e-04 2.814001512416e-05
6.808675870762e-05 9.758334646153e-04 4.719319945430e-05
1.542927816123e-03 5.029774133143e-04 5.705311693187e-05
4.836303880516e-04 8.573523865258e-04 2.751524629086e-05
6.240476670648e-04 7.800416322980e-04 6.873641597087e-05
1.738190043734e-04 8.701767996794e-04 6.188830143734e-05
1.335933983414e-03 4.452558677628e-04 3.907411794737e-05
1.354986140304e-04 9.327286436331e-04 1.146826308104e-05
1.430042584940e-03 5.715749280700e-04 7.504039263790e-05
1.564437481314e-03 6.294928863833e-04 7.127788141985e-05
1.121585633427e-03 4.668499897095e-04 6.767800793410e-05
1.468123774820e-03 7.530985783708e-04 8.542158004500e-05
1.522138560464e-03 8.757652447456e-04 4.861097201052e-05
1.665493870634e-03 6.975945625173e-04 5.058367142050e-05
2.554503293209e-04 9.175768436763e-04 3.250681178435e-05
1.505479366962e-03 9.356493627897e-04 1.354721827471e-05
5.105184147760e-04 9.024888586833e-04 2.502299839466e-05
1.238973270201e-03 4.928052863812e-04 5.223312155254e-05
1.170587864052e-03 6.082580646977e-04 8.195316272195e-05
7.925115963711e-04 5.434095350550e-04 5.799829905815e-05
1.525559604540e-03 9.864704545555e-04 4.109709714419e-05
1.195659277214e-04 1.057387519181e-03 4.924936720889e-05
4.714184316124e-04 9.710519892517e-04 5.390552358389e-05
1.620608941432e-03 7.492108423613e-04 1.781808516863e-05
1.885149787813e-03 1.115766075082e-03 5.005538886594e-05
-1.780662359484e-05 1.034360654215e-03 5.674478712393e-05
1.982193376405e-03 1.034360654215e-03 5.674478712393e-05
-2.855537064959e-05 1.127454907916e-03 3.696794220443e-05
1.971444629350e-03 1.127454907916e-03 3.696794220443e-05
5.676998145869e-05 1.130184178972e-03 4.688951434024e-05
8.743495799248e-04 6.611367263837e-04 5.492728627564e-05
6.159777385413e-04 1.018252975249e-03 9.816450780375e-05
1.452381974574e-03 1.081908839024e-03 7.916699802736e-05
1.284885852946e-03 7.471388587347e-04 9.791335260997e-05
8.805597099099e-06 1.204439642868e-03 4.150989791181e-05
2.008805597099e-03 1.204439642868e-03 4.150989791181e-05
6.769037299285e-05 1.226123816981e-03 2.124056215886e-05
8.559983990128e-04 7.564873605844e-04 4.217331936146e-05
4.896445713537e-04 1.070167241289e-03 3.841938654124e-05
1.691247090312e-03 1.056324970601e-03 1.000000000000e-04
2.295113055557e-04 9.931080501062e-04 4.735429326794e-05
1.924403705958e-03 1.250087831921e-03 5.444548960124e-05
1.333439830692e-03 1.174411709656e-03 7.151151987167e-05
4.144805558782e-05 1.328034698885e-03 8.399482672349e-05
2.041448055588e-03 1.328034698885e-03 8.399482672349e-05
7.210559943872e-04 1.090342410530e-03 2.926518474570e-05
1.501503117744e-03 1.223557510713e-03 7.075709491074e-05
1.444066095525e-03 1.302779300988e-03 2.709536412771e-05
1.609848370559e-03 1.175114106030e-03 4.400211941191e-05
1.792805767704e-03 1.189507087238e-03 6.748216489776e-05
8.277957715561e-04 8.589488871851e-04 6.409880851837e-05
1.584097328418e-03 1.298310273721e-03 4.064209481067e-05
1.930221184095e-03 1.412391053035e-03 5.560249211814e-05
9.487904382425e-04 9.698032992653e-04 1.000000000000e-04
4.511001296710e-04 1.115015807146e-03 2.071662515327e-05
1.425722159168e-04 1.449131790562e-03 7.377272829013e-05
1.836935382303e-03 1.269134935557e-03 2.355638250120e-05
6.050026374363e-05 1.588955618179e-03 8.835841647502e-05
2.060500263744e-03 1.588955618179e-03 8.835841647502e-05
6.706483016095e-04 1.144062210406e-03 3.900985741190e-05
1.686701402199e-03 1.262687025227e-03 6.141096798079e-05
1.000859916754e-03 1.113159022812e-03 5.251918462158e-05
1.078591676827e-03 6.350122085228e-04 1.385476235421e-05
9.112404118931e-04 1.228585977290e-03 9.361448340962e-05
1.156767686763e-03 8.193487529290e-04 4.915311239137e-05
3.939189308253e-04 9.718652295655e-04 2.359824399956e-05
1.708927786120e-03 1.367737677884e-03 4.596524803505e-05
3.726201639248e-04 1.009762824086e-03 1.987433520943e-05
8.248967446570e-04 1.342091727816e-03 4.899968356860e-05
2.480758490968e-04 1.606235331644e-03 1.000000000000e-04
1.026240714175e-03 1.341532653269e-03 6.752974490629e-05
4.102107702307e-04 1.157321095167e-03 3.811939405200e-05
4.622046931083e-04 1.256567801762e-03 7.392201380896e-05
1.114980517723e-03 1.455754930501e-03 7.711285376291e-05
3.325930480118e-04 1.710060577029e-03 3.387620584595e-05
1.027517043447e-03 1.563549464488e-03 6.170184607071e-05
1.821379758020e-04 1.716576034843e-03 2.854133155172e-05
3.583432161128e-04 1.772757209211e-03 3.390239582265e-05
1.081015888200e-03 1.658274195584e-03 4.708648543253e-05
1.478746055592e-03 1.425051668516e-03 1.000000000000e-04
7.294649536547e-04 1.368450582128e-03 5.000547280666e-05
3.345099076841e-04 1.878029122514e-03 7.403370713295e-05
8.606840143840e-04 1.469180820302e-03 8.303207498608e-05
1.205953665637e-03 1.735894978665e-03 1.000000000000e-04
1.395384878290e-03 1.556219053504e-03 5.541547165439e-05
1.796208799922e-03 1.313639228750e-03 3.677011768828e-05
1.848723761520e-03 1.361992681657e-03 3.461529818705e-05
5.684991665253e-04 1.331404742121e-03 5.607446062188e-05
5.336776110810e-04 1.422690846416e-03 4.162761806824e-05
1.342965902058e-03 1.615130355268e-03 2.344066671763e-05
7.704705830960e-04 1.540402851800e-03 3.190746777912e-05
1.615834864968e-03 1.524612308935e-03 6.942734358370e-05
8.855292576178e-04 1.597216301970e-03 4.629343033642e-05
1.103733841883e-04 1.710369687076e-03 4.289974239194e-05
2.827378261547e-04 -7.602393621562e-06 5.150711701316e-05
2.827378261547e-04 1.992397606378e-03 5.150711701316e-05
1.771037488688e-03 1.375955096655e-03 1.668569868005e-05
1.888121297758e-03 1.481487633201e-03 2.530942183921e-05
6.827226774261e-04 1.571605282998e-03 6.122346059365e-05
1.508195240469e-03 1.618253540328e-03 7.324349779318e-05
4.338931839262e-04 1.895985311978e-03 2.695867048367e-05
3.735023417175e-05 1.757047941035e-03 4.376766688644e-05
2.037350234172e-03 1.757047941035e-03 4.376766688644e-05
-4.632447344291e-05 1.828379180027e-03 6.618506091277e-05
1.953675526557e-03 1.828379180027e-03 6.618506091277e-05
7.810206704954e-04 1.632319266492e-03 4.995956963394e-05
1.087961466878e-03 1.793738045408e-03 3.140768371069e-05
1.619254398531e-03 1.749331064484e-03 9.855712481454e-05
5.506655771942e-04 1.538094123399e-03 7.501934340309e-05
1.694273306009e-03 1.883188320045e-03 5.488863545768e-05
1.638905744102e-03 -3.262932148148e-05 4.586967134408e-05
1.638905744102e-03 1.967370678519e-03 4.586967134408e-05
6.194976949403e-04 1.663389000183e-03 5.022959318820e-05
7.201807251632e-04 1.734306595361e-03 6.879612158923e-05
1.110052924238e-03 1.872499994330e-03 5.039376545909e-05
1.804007318676e-03 1.412013336894e-03 3.217334734648e-05
1.451657937475e-03 1.697066694078e-03 2.370614611209e-05
5.989540572753e-04 1.747449550820e-03 3.630569988197e-05
1.136869019360e-03 1.952403255616e-03 3.388929405897e-05
5.297982923982e-04 1.837378514735e-03 7.714014475041e-05
1.406055747339e-03 1.642276464144e-03 3.130099380738e-05
6.920085349628e-05 -4.976349427582e-05 1.000000000000e-04
6.920085349628e-05 1.950236505724e-03 1.000000000000e-04
2.069200853496e-03 -4.976349427582e-05 1.000000000000e-04
2.069200853496e-03 1.950236505724e-03 1.000000000000e-04
1.281781022291e-03 1.823556484813e-03 1.590654717222e-05
9.852148952505e-04 1.700879171090e-03 5.776109054275e-05
1.828549447779e-03 1.474053025575e-03 3.454425956855e-05
1.536577989790e-03 1.838518674840e-03 2.295926111905e-05
8.118412784671e-04 1.804907911363e-03 4.215910206492e-05
9.991721274756e-04 1.818290411235e-03 6.047682065251e-05
9.099949734250e-04 -6.535566036711e-05 8.612059221073e-05
9.099949734250e-04 1.934644339633e-03 8.612059221073e-05
4.853060672663e-04 1.942895064298e-03 3.737422782397e-05
1.345133790860e-03 1.678593716322e-03 3.962451351343e-05
1.415736910251e-03 1.727641691163e-03 2.346535634067e-05
1.858075210745e-03 1.532578115734e-03 3.100691781966e-05
1.768708534104e-03 1.940544714271e-03 3.908135517814e-05
1.503080750959e-03 1.919328998363e-03 6.451858406037e-05
1.368314765763e-03 1.738920904902e-03 2.500309111192e-05
6.878795249425e-04 1.869292946241e-03 7.000114949170e-05
6.280427920530e-04 -1.778145093680e-05 5.779801472981e-05
6.280427920530e-04 1.982218549063e-03 5.779801472981e-05
1.193359375000e-03 1.009765625000e-03 6.254967520691e-05
2.363281250000e-04 1.212890625000e-03 3.362058395253e-05
1.830078125000e-03 1.685546875000e-03 2.044799600429e-05
3.339843750000e-04 1.404296875000e-03 2.888551581569e-05
1.146484375000e-03 1.201171875000e-03 4.908623792960e-05
4.492187500000e-05 4.316406250000e-04 3.126808693433e-05
1.736328125000e-03 8.457031250000e-04 5.401581914226e-05
1.275390625000e-03 1.353515625000e-03 2.862673030275e-05
1.666015625000e-03 2.714843750000e-04 3.643154580997e-05
1.341796875000e-03 9.394531250000e-04 6.795155983135e-05
1.001953125000e-03 7.753906250000e-04 2.623465447793e-05
3.574218750000e-04 2.792968750000e-04 6.732335459007e-05
4.589843750000e-04 1.681640625000e-03 5.013584070136e-05
1.572265625000e-03 1.855468750000e-04 4.478645494061e-05
1.755859375000e-03 1.603515625000e-03 2.622077912326e-05
1.279296875000e-03 1.470703125000e-03 2.216383445515e-05
5.019531250000e-04 4.394531250000e-04 4.681090994270e-05
1.802734375000e-03 1.791015625000e-03 2.603921020320e-05
