# 2D packing, generated 2026-09-28T18:45:24.176552+00:00
# generator = preprocess/generate_packing_gravity.py
# periodic axes = xy
# porosity_achieved = 0.350189  (target 0.350000)
# 286 distinct grains; 315 rows including 29 periodic edge images.
# Centres span [-R, L+R]: a grain need only be PARTLY inside.
# Do NOT drop the out-of-box rows -- they carry the conduction
# paths that cross the domain edge, and k_eff depends on them.
# header row is 'Lx Ly'; grain rows are 'x y r', all in metres
2.000000000000e-03 2.000000000000e-03
1.650415547852e-03 2.614675929036e-05 5.411196076971e-05
1.650415547852e-03 2.026146759290e-03 5.411196076971e-05
1.145312714361e-03 5.919006321208e-05 3.734210891687e-05
5.870951942501e-04 7.610011516431e-05 5.593148449195e-05
1.414747985564e-03 1.836755825312e-05 4.355863587150e-05
1.414747985564e-03 2.018367558253e-03 4.355863587150e-05
1.217197058155e-03 8.987278747163e-05 4.004703853257e-05
1.496073139273e-03 9.651913958220e-05 6.923088293917e-05
1.600965480160e-03 1.011984065580e-04 3.576615133543e-05
8.531013163102e-04 1.081518188990e-05 5.778257118149e-05
8.531013163102e-04 2.010815181890e-03 5.778257118149e-05
7.400492141275e-04 2.735509343837e-05 5.487962977680e-05
7.400492141275e-04 2.027355093438e-03 5.487962977680e-05
1.274526608814e-03 1.038148335169e-04 1.895345321650e-05
8.203067606827e-05 1.837150089349e-05 3.338618452116e-05
8.203067606827e-05 2.018371500893e-03 3.338618452116e-05
9.440037080779e-04 3.212352127517e-05 3.558385831250e-05
9.440037080779e-04 2.032123521275e-03 3.558385831250e-05
8.083486858591e-04 1.108659742573e-04 5.182107376536e-05
1.369742942103e-03 9.973214149493e-05 4.942343857250e-05
1.299452198962e-03 1.785907118286e-04 5.621494417510e-05
1.186868302367e-03 1.880798045511e-04 5.676818040911e-05
1.418114403524e-03 1.857197294533e-04 4.923614603747e-05
1.111682522879e-03 2.176240014648e-04 2.401402156248e-05
1.506927497740e-03 1.904721331174e-04 1.577980701226e-05
1.654032201425e-03 1.290003077522e-04 2.414261927014e-05
6.608345249863e-04 1.209300997373e-04 3.036577163028e-05
1.719330787299e-03 2.916722835421e-05 1.486946250238e-05
1.495871066934e-03 2.452536453850e-04 3.730617547326e-05
4.837565289224e-04 1.175997341274e-04 5.542873338586e-05
1.017597076590e-03 9.108330284102e-05 5.817275053684e-05
5.942045733949e-04 2.329822481491e-04 1.000000000000e-04
1.732791719455e-03 1.530473722381e-04 5.820645725233e-05
1.144670642399e-03 2.586181628871e-04 2.542855521211e-05
9.062354447477e-04 1.604934093412e-04 5.784724036255e-05
3.466736756117e-04 3.901307833776e-05 4.035308464070e-05
3.466736756117e-04 2.039013078338e-03 4.035308464070e-05
8.222232035196e-04 1.899090372730e-04 2.843045613419e-05
1.641487500704e-04 5.078878724325e-05 5.489891402617e-05
1.641487500704e-04 2.050788787243e-03 5.489891402617e-05
4.750464005807e-04 3.122330072372e-04 4.310608989300e-05
1.570127660043e-03 2.910534656531e-04 4.993868200685e-05
1.877313312755e-03 2.040706303476e-04 9.505781610243e-05
7.539779028523e-04 2.826467985215e-04 6.731432804635e-05
1.405476604811e-03 2.827892526431e-04 4.865338175298e-05
1.661047260977e-03 2.902185529662e-04 4.076999052786e-05
5.473871771473e-04 3.747957412434e-04 4.928451987380e-05
6.413012132839e-04 3.747937816103e-04 4.462942985398e-05
1.485026447742e-03 3.252808196106e-04 4.153381652098e-05
1.350370248198e-03 2.382376674011e-04 2.220966161273e-05
1.951266535201e-03 3.945371982216e-05 3.218591496520e-05
1.193312595808e-03 2.710095424540e-04 2.427441124089e-05
1.253481498494e-03 2.464603024829e-04 2.564034712549e-05
8.560653397166e-04 3.059362443051e-04 3.721294759280e-05
1.624443057640e-03 3.547893892277e-04 3.345449389545e-05
1.548420221860e-03 3.944524506415e-04 5.229320413192e-05
9.450979011196e-04 3.053400673039e-04 5.177042281940e-05
2.541145794140e-05 8.835578638361e-05 5.663346197772e-05
2.025411457941e-03 8.835578638361e-05 5.663346197772e-05
1.672893049196e-03 3.764175421027e-04 1.960386767162e-05
1.387957293424e-03 4.089858682218e-04 7.875437244580e-05
2.952205170701e-04 4.185857724368e-05 1.111846125443e-05
8.907793559738e-04 3.384724726903e-04 1.036508391589e-05
1.734056157433e-03 3.933991725398e-04 4.387298534586e-05
8.119883226942e-04 3.777222872682e-04 4.406142052871e-05
1.247989561501e-03 5.072437837033e-04 9.225993577164e-05
1.495804027796e-03 4.876580728213e-04 5.473863759682e-05
9.325434779200e-04 4.565903489582e-04 1.000000000000e-04
1.035011501801e-03 5.325549222678e-04 2.755513442047e-05
4.019193071894e-04 1.477210195606e-05 9.770034302113e-06
1.791948517643e-03 4.164704370384e-04 1.844726282370e-05
1.394373289203e-03 5.458657922000e-04 5.301253395568e-05
4.532279239293e-04 4.036160062310e-04 4.918665682546e-05
-1.485368308898e-06 2.543350728151e-04 3.615311903421e-05
1.998514631691e-03 2.543350728151e-04 3.615311903421e-05
7.916669600055e-04 4.614175550108e-04 4.095919700293e-05
7.171142086773e-04 4.651356889746e-04 3.368621311708e-05
2.716082740721e-04 1.205237927022e-04 7.045671214863e-05
8.151709680136e-04 5.509357946710e-04 5.039738233622e-05
6.504830983847e-04 4.649697419287e-04 3.294510383183e-05
1.328873802864e-03 5.953864301855e-04 2.669309009359e-05
5.561246092779e-04 4.889449963638e-04 6.441164885132e-05
1.110621895023e-03 5.973883346380e-04 7.204536264122e-05
1.678239102742e-04 1.495301413746e-04 3.730488784058e-05
9.153281323028e-05 1.724150126142e-04 4.234464963342e-05
1.949825866105e-03 3.251603040186e-04 4.608322587874e-05
1.650746031727e-03 5.107999087728e-04 1.000000000000e-04
1.281555575690e-03 6.160998164098e-04 2.165369205888e-05
3.766690346182e-04 1.500611656090e-04 3.867724134323e-05
7.241424288553e-04 5.601080217031e-04 4.109209623934e-05
4.452998304397e-04 5.410633995236e-04 5.805654927935e-05
8.806614880497e-04 5.621754865665e-04 1.604801172145e-05
2.100662616825e-04 2.407311814414e-04 6.320404689549e-05
5.876210490251e-05 2.557211801256e-04 2.411036290486e-05
7.668980778176e-05 3.697165313751e-04 8.837763998000e-05
2.076689807782e-03 3.697165313751e-04 8.837763998000e-05
6.374220209877e-04 5.162110010492e-04 1.989045795455e-05
-6.924503851179e-05 4.902940384750e-04 1.000000000000e-04
1.930754961488e-03 4.902940384750e-04 1.000000000000e-04
9.708398860604e-04 6.838542356868e-04 9.231906957727e-05
1.716708435545e-04 4.312059763047e-04 2.476983979484e-05
1.097281534312e-03 7.012055934856e-04 3.262551777901e-05
1.340335835000e-04 5.362006278527e-04 8.676688356959e-05
2.780696979821e-04 5.719950837429e-04 6.165024957858e-05
5.337482178712e-04 5.989434896886e-04 4.752810911691e-05
1.382604840266e-03 6.386286279211e-04 4.049382989951e-05
1.518190108683e-03 5.924702972974e-04 5.243811266334e-05
2.079736214320e-04 6.216410094559e-04 2.423466688914e-05
1.859422816037e-05 6.173296112648e-04 5.432938491213e-05
2.018594228160e-03 6.173296112648e-04 5.432938491213e-05
1.076829138621e-04 6.738804542311e-04 5.116168557803e-05
1.796507693917e-03 5.614517808156e-04 5.193996559646e-05
1.895585300983e-04 6.726805607673e-04 3.002536800670e-05
1.601476561963e-03 6.578398176452e-04 5.343850786477e-05
8.591913470519e-04 6.852120573951e-04 1.933781254130e-05
4.540710200089e-04 6.439643680225e-04 4.398874913954e-05
1.144589853804e-03 7.384183571048e-04 2.756474387780e-05
1.865684233767e-04 8.028259139240e-04 1.000000000000e-04
1.450095309635e-03 6.529731633018e-04 2.850420739830e-05
1.074193251096e-03 8.421322252429e-04 9.670924508919e-05
1.511116631206e-03 6.802373851292e-04 3.561378422748e-05
8.300957424846e-04 7.841886135532e-04 8.052816115859e-05
1.442317994282e-03 7.353956214817e-04 5.256613440476e-05
1.203855967932e-03 8.886458971045e-04 4.104394655138e-05
9.338663561873e-04 8.522529038015e-04 4.141980692114e-05
1.302549519379e-03 6.908581356260e-04 5.509265385917e-05
1.528260930482e-03 7.732318354719e-04 4.042187379388e-05
6.496045479850e-04 7.878319157826e-04 1.000000000000e-04
1.279056026852e-03 9.444561628442e-04 5.260344862656e-05
1.746894266490e-03 7.067992197706e-04 1.000000000000e-04
1.833545016049e-03 7.850286304397e-04 1.673990625808e-05
3.438141743120e-04 6.952910111231e-04 7.762949091931e-05
7.634302739161e-04 9.075036889637e-04 5.965398041738e-05
1.353708959194e-03 9.673203262723e-04 2.547234964986e-05
6.494150021149e-04 9.567115706072e-04 6.452711660134e-05
1.806085845397e-03 8.141046434581e-04 2.254837416273e-05
1.155150932970e-03 9.371995973195e-04 2.758061998778e-05
1.612205571579e-03 7.493471818320e-04 3.869574124334e-05
5.396006428189e-04 9.716297177910e-04 4.629601119821e-05
7.444159095593e-05 8.452002916721e-04 1.986665273650e-05
8.494257329551e-05 9.318543110497e-04 6.424414957487e-05
7.511668678762e-04 1.022069921922e-03 5.556697783363e-05
3.515285146238e-04 8.498328429806e-04 7.152691649887e-05
8.646391416257e-04 9.037336939974e-04 4.129692976733e-05
-2.570611647402e-05 9.942162005782e-04 6.276820341993e-05
1.974293883526e-03 9.942162005782e-04 6.276820341993e-05
2.013673949667e-04 9.601962406034e-04 5.558073962600e-05
6.555780219054e-05 1.031707437269e-03 3.589635799204e-05
1.742378729561e-03 8.683729215663e-04 6.113939949090e-05
9.585187240688e-04 9.631009399952e-04 6.977892673205e-05
1.649586454349e-03 9.014365807993e-04 3.736751639027e-05
4.627796741644e-04 8.498328429806e-04 3.972424304171e-05
1.201864348355e-03 9.760259930872e-04 3.073859544049e-05
1.323152974950e-03 1.002449190049e-03 2.025073475346e-05
1.247758418654e-03 1.051477804733e-03 5.757471935010e-05
1.591986533900e-03 8.333443521913e-04 4.718216262771e-05
1.051871070497e-03 9.603662140385e-04 2.361346754987e-05
5.150468618630e-04 8.862715905719e-04 2.399107094119e-05
1.701999719838e-03 9.568226069180e-04 3.609131335401e-05
5.884520407257e-04 1.065224789863e-03 5.876068221971e-05
1.143595489771e-05 1.099948477486e-03 4.929806200340e-05
2.011435954898e-03 1.099948477486e-03 4.929806200340e-05
1.044858803093e-03 1.017300669042e-03 3.216103275071e-05
4.587738568149e-04 1.135166384398e-03 8.857653942508e-05
6.913735681631e-04 1.121893381005e-03 5.873046651963e-05
1.572808194306e-03 9.209776564767e-04 4.185845819865e-05
1.188385398611e-03 1.084989575585e-03 1.060294777506e-05
3.033569715716e-04 9.574820157054e-04 4.640883697890e-05
8.620055658443e-04 1.052838046132e-03 5.943569123317e-05
3.232769979695e-04 1.242177695719e-03 8.408156060967e-05
1.626274845346e-03 9.555915121490e-04 2.159168821146e-05
9.783419275641e-04 1.098095283086e-03 6.539365850023e-05
1.122537394766e-03 1.174551583302e-03 9.781755007413e-05
5.956946846676e-04 1.191625172506e-03 5.952784219301e-05
1.350604570332e-03 1.093972458760e-03 5.370477802413e-05
5.172037222031e-04 1.250183636635e-03 3.840031961523e-05
1.450082973897e-03 1.104023686306e-03 4.628012059066e-05
1.412179235641e-04 1.125857392781e-03 8.304479304615e-05
1.576039596317e-03 1.044153883147e-03 8.022615842740e-05
1.830218087650e-04 1.279704866383e-03 6.110730479283e-05
9.766175720753e-04 1.218877004724e-03 5.466855783504e-05
1.884670238289e-03 1.018451506504e-03 3.007439369423e-05
7.841358880531e-04 1.106538401335e-03 3.510771976373e-05
7.301512946231e-04 1.277477094290e-03 1.000000000000e-04
1.918169899100e-03 1.061290291991e-03 2.430748579195e-05
2.268985270573e-05 1.295491807944e-03 1.000000000000e-04
2.022689852706e-03 1.295491807944e-03 1.000000000000e-04
1.276260030443e-03 1.261251356430e-03 7.866899156542e-05
1.537715954525e-03 1.221148979844e-03 1.000000000000e-04
1.039816304428e-03 1.270432579376e-03 2.689158591589e-05
4.253401053678e-04 1.293241685248e-03 3.004297136768e-05
8.739851427771e-04 1.286619127940e-03 4.412408169838e-05
1.903463072510e-03 1.382198133724e-03 4.742120622981e-05
1.178869705705e-03 1.277141587545e-03 1.922106845166e-05
1.694640085967e-03 1.221148979844e-03 5.692413144186e-05
1.802097045479e-03 1.380016843876e-03 5.328225810117e-05
1.747372298050e-03 1.412115110251e-03 9.668355156347e-06
6.145006443024e-04 1.364985820327e-03 4.502705891182e-05
8.536729609840e-04 1.419949486519e-03 8.856294601049e-05
1.757019304696e-03 1.447466908400e-03 2.639551350476e-05
6.769490145881e-04 1.407928569054e-03 3.076132159030e-05
2.615512285348e-04 1.364271704193e-03 5.272859075933e-05
4.924521895788e-04 1.336380412699e-03 4.973786375713e-05
1.326524303999e-04 1.349964059270e-03 2.271509425141e-05
-1.714816612240e-05 1.450288046922e-03 5.716756788792e-05
1.982851833878e-03 1.450288046922e-03 5.716756788792e-05
5.548841337252e-04 1.411896339585e-03 3.083284584991e-05
4.997380050320e-04 1.413593939708e-03 2.433940583531e-05
6.231447923784e-05 1.512281412795e-03 4.361680302289e-05
7.357534735845e-04 1.454705128145e-03 3.437183391264e-05
9.967241046641e-04 1.507649977566e-03 7.923158857838e-05
1.802371281299e-04 1.372242516680e-03 2.897524499123e-05
1.410872737096e-03 1.342380902174e-03 7.546048215904e-05
2.001727422753e-04 1.463803548257e-03 6.420688956347e-05
8.901572028798e-04 1.547224367475e-03 3.444388070301e-05
9.336951516618e-04 1.616374507412e-03 4.644060410488e-05
1.644738656883e-03 1.297635523458e-03 3.154485993084e-05
3.293888468409e-04 1.515333360345e-03 7.490501917341e-05
1.708307097260e-03 1.312873972425e-03 3.382452846260e-05
1.191974571708e-03 1.325097164827e-03 2.705596389422e-05
4.285886170476e-04 1.545460072677e-03 2.876857054439e-05
1.060679958656e-03 1.689310844871e-03 1.000000000000e-04
9.501664770220e-04 1.770776869199e-03 3.710543190932e-05
6.171104174128e-04 1.478004150053e-03 5.995455958946e-05
1.838520889851e-03 1.496399804610e-03 6.866729145724e-05
1.934520234490e-03 1.569137895638e-03 4.917542926674e-05
1.298708827706e-03 1.379517271704e-03 4.170864429065e-05
7.309702426743e-04 1.590349160289e-03 1.000000000000e-04
5.400927700183e-04 1.650063400069e-03 1.000000000000e-04
1.471493049928e-04 1.600111203449e-03 7.849388359909e-05
2.808791477781e-04 1.650435749119e-03 6.432911763371e-05
8.535357590501e-04 1.628219315653e-03 2.828271306670e-05
1.566269781292e-03 1.423855680201e-03 1.000000000000e-04
3.881488151829e-04 1.683223608130e-03 4.783961870111e-05
1.756226175621e-03 1.551322040003e-03 2.635328529156e-05
1.820642154179e-03 1.661642099864e-03 9.753942666463e-05
4.194681881558e-05 1.658007464121e-03 4.158750587357e-05
1.957859732709e-04 1.704439550789e-03 3.645411205459e-05
1.445783743435e-03 1.527253765092e-03 5.877042948175e-05
1.118026142070e-04 1.724167288771e-03 4.981516944356e-05
2.502112317948e-04 1.734922399455e-03 2.537675639359e-05
3.253383458230e-04 1.754830914515e-03 4.738116676890e-05
1.670396249154e-03 1.761313721203e-03 8.276110979748e-05
1.762118171187e-04 1.765392346013e-03 2.644923565193e-05
8.258986400771e-04 1.703634073771e-03 4.780010912037e-05
2.481188853191e-04 1.806273037996e-03 4.540426931229e-05
1.544681780455e-03 1.795837095457e-03 4.760761382651e-05
-3.453194447391e-05 1.738379219279e-03 6.636034815745e-05
1.965468055526e-03 1.738379219279e-03 6.636034815745e-05
1.287013313953e-03 1.527253765199e-03 1.000000000000e-04
3.443467109055e-04 1.871594403064e-03 7.089996599930e-05
6.533805165185e-04 1.745757877311e-03 4.829547019943e-05
4.528407797010e-04 1.902978582853e-03 4.204218602917e-05
1.787997143825e-03 1.805259487975e-03 4.218337880328e-05
1.237131684769e-03 1.697333856312e-03 7.578879545491e-05
7.385632100953e-04 1.775263143697e-03 4.185247503245e-05
1.395083177824e-03 1.593260109914e-03 2.446048370558e-05
5.440414830093e-05 1.785886270150e-03 3.446897898866e-05
8.042737140055e-04 1.771224013250e-03 2.316493400934e-05
6.699272794250e-04 1.872034383370e-03 7.678800628261e-05
8.681945318212e-04 1.813288048495e-03 5.335469753282e-05
7.887123148787e-04 1.825120417668e-03 2.700342446066e-05
1.876428916729e-03 1.851914891034e-03 5.780114546646e-05
1.329001378528e-04 1.895066309959e-03 1.000000000000e-04
1.649708936769e-03 1.883722356576e-03 4.138333821739e-05
1.158384367154e-03 1.791181193449e-03 4.115140580880e-05
1.524916406321e-03 -6.404197347883e-05 9.390063290793e-05
1.524916406321e-03 1.935958026521e-03 9.390063290793e-05
5.873265471308e-04 1.912824421614e-03 1.533532515711e-05
1.950221799393e-03 1.823374728961e-03 1.999175137568e-05
1.230864884983e-03 1.831829433274e-03 4.194916499490e-05
1.366561110031e-03 1.928117867248e-03 5.874971540828e-05
1.223736943626e-03 -3.849141754512e-05 8.792573362190e-05
1.223736943626e-03 1.961508582455e-03 8.792573362190e-05
4.453931910488e-04 1.729486708751e-03 2.359640860034e-05
7.607981188073e-04 1.924883396192e-03 2.833348346319e-05
2.600573479950e-04 1.933010831407e-03 3.269794871890e-05
4.030086688596e-04 1.957992000632e-03 3.218527119964e-05
1.011485987740e-03 1.833500489931e-03 5.060955978035e-05
4.840833032945e-04 1.766691384672e-03 2.937985606408e-05
1.075353597733e-03 -1.470198526143e-05 6.235253121081e-05
1.075353597733e-03 1.985298014739e-03 6.235253121081e-05
5.364677111544e-04 -4.302833058058e-05 5.199217668237e-05
5.364677111544e-04 1.956971669419e-03 5.199217668237e-05
6.188037769630e-04 -1.068788371463e-05 3.646760082315e-05
6.188037769630e-04 1.989312116285e-03 3.646760082315e-05
-8.413861212827e-06 1.823006491928e-03 2.131180492979e-05
1.991586138787e-03 1.823006491928e-03 2.131180492979e-05
1.416939093530e-05 -1.953250082007e-05 4.419985161979e-05
1.416939093530e-05 1.980467499180e-03 4.419985161979e-05
2.014169390935e-03 -1.953250082007e-05 4.419985161979e-05
2.014169390935e-03 1.980467499180e-03 4.419985161979e-05
9.362374172688e-04 1.867303104005e-03 3.188264637414e-05
3.098047449233e-04 1.959969772729e-03 2.388463362952e-05
1.943160127445e-03 -1.898341261483e-05 2.681079937468e-05
1.943160127445e-03 1.981016587385e-03 2.681079937468e-05
8.136562778939e-04 1.882419188709e-03 3.468805892854e-05
8.817179382394e-04 1.916035687350e-03 4.122280057077e-05
1.962890625000e-03 7.753906250000e-04 3.175862473266e-05
2.988281250000e-04 3.847656250000e-04 4.928035936779e-05
1.853515625000e-03 1.173828125000e-03 8.045343212730e-05
1.416015625000e-03 1.716796875000e-03 4.625002955727e-05
1.111328125000e-03 3.769531250000e-04 5.916954739088e-05
1.822265625000e-03 -5.859375000000e-06 9.230253232724e-05
1.822265625000e-03 1.994140625000e-03 9.230253232724e-05
1.439453125000e-03 8.847656250000e-04 1.868812530241e-05
1.572265625000e-03 1.615234375000e-03 3.894001316856e-05
1.091796875000e-03 1.373046875000e-03 5.144919105922e-05
1.896484375000e-03 8.691406250000e-04 2.367861518191e-05
3.574218750000e-04 2.675781250000e-04 8.212420328761e-05
1.341796875000e-03 8.261718750000e-04 2.496118376388e-05
1.732421875000e-03 1.068359375000e-03 1.681958180629e-05
2.988281250000e-04 1.080078125000e-03 4.646317587962e-05
4.199218750000e-04 9.785156250000e-04 1.978354557140e-05
1.251953125000e-03 3.457031250000e-04 6.704968954513e-05
