# 2D packing, generated 2026-09-30T17:09:22.275455+00:00
# generator = preprocess/generate_packing_gravity.py
# periodic axes = xy
# porosity_achieved = 0.325303  (target 0.325000)
# 553 distinct grains; 593 rows including 40 periodic edge images.
# Centres span [-R, L+R]: a grain need only be PARTLY inside.
# Do NOT drop the out-of-box rows -- they carry the conduction
# paths that cross the domain edge, and k_eff depends on them.
# header row is 'Lx Ly'; grain rows are 'x y r', all in metres
2.800000000000e-03 2.800000000000e-03
2.769841038094e-05 2.689794536059e-05 6.397089244394e-05
2.769841038094e-05 2.826897945361e-03 6.397089244394e-05
2.827698410381e-03 2.689794536059e-05 6.397089244394e-05
2.827698410381e-03 2.826897945361e-03 6.397089244394e-05
9.900112958713e-04 5.409571123391e-05 5.966101761935e-05
9.900112958713e-04 2.854095711234e-03 5.966101761935e-05
1.169824745740e-03 7.163274847503e-05 8.001736682101e-05
1.169824745740e-03 2.871632748475e-03 8.001736682101e-05
1.324860537097e-04 4.434546347915e-05 3.589410436615e-05
2.738326843795e-04 8.914903552233e-05 1.000000000000e-04
2.738326843795e-04 2.889149035522e-03 1.000000000000e-04
8.147176526828e-05 1.184276268887e-04 4.218589049304e-05
2.352873370240e-03 3.984233385548e-06 6.539264179290e-05
2.352873370240e-03 2.803984233386e-03 6.539264179290e-05
2.018433988105e-03 2.597590476241e-05 5.536646790366e-05
2.018433988105e-03 2.825975904762e-03 5.536646790366e-05
1.524386869709e-04 1.557587770116e-04 3.800088634048e-05
2.740768010567e-03 4.078763881109e-05 2.028600724387e-05
1.054669333186e-03 1.382686609428e-04 4.638109746625e-05
2.123307279799e-03 6.977444045047e-05 5.828532135893e-05
1.281917059593e-03 9.527120879156e-05 3.434071881423e-05
7.960688237015e-05 2.110611302672e-04 5.046642725798e-05
1.255157733305e-03 1.853530542525e-04 5.963161982241e-05
1.931377847649e-03 7.629107547854e-05 4.493420686307e-05
9.784717878730e-04 1.429674958259e-04 2.995683456308e-05
4.382509662470e-04 1.454958099193e-04 7.380543895065e-05
9.191440603262e-04 1.427110907967e-04 2.937144708440e-05
1.720143575638e-03 4.161147486481e-05 5.097135497390e-05
1.720143575638e-03 2.841611474865e-03 5.097135497390e-05
2.020787271177e-03 1.900028465562e-04 9.971857290818e-05
3.393657370600e-04 2.100537611346e-04 3.694123986450e-05
6.021607390039e-06 2.009343669928e-04 2.381247230153e-05
2.806021607390e-03 2.009343669928e-04 2.381247230153e-05
1.821245577127e-03 8.976871114086e-05 6.101406483838e-05
1.481061107478e-03 3.004959355306e-05 3.329807969891e-05
1.481061107478e-03 2.830049593553e-03 3.329807969891e-05
2.531125045335e-04 2.382357627352e-04 5.051986182940e-05
1.121935000275e-03 1.920448356321e-04 3.973827860995e-05
1.475910644154e-04 3.441894048541e-04 9.901604701168e-05
2.630148960973e-03 1.045100532795e-04 1.000000000000e-04
2.138932876169e-03 1.867959359626e-04 1.847061201796e-05
2.471158838107e-03 8.944104169989e-05 4.487462049087e-05
1.891826729543e-03 1.251865711848e-04 1.795506833950e-05
9.497324463952e-04 2.624444317551e-04 9.292803709774e-05
1.834519429831e-03 2.430279898975e-04 9.281896728388e-05
1.532028558904e-03 5.653067812657e-05 2.244155426473e-05
5.824810833264e-04 4.435548153587e-05 5.305107221683e-05
5.824810833264e-04 2.844355481536e-03 5.305107221683e-05
-2.987460599094e-05 1.117449124122e-04 3.844670248309e-05
2.770125394009e-03 1.117449124122e-04 3.844670248309e-05
1.635101320932e-03 9.499592100828e-05 4.943822750918e-05
5.000787713943e-04 3.552676616054e-05 2.982288578109e-05
7.761229161985e-04 6.155410628768e-05 2.673610620630e-05
3.497754224411e-04 3.536154860458e-04 1.000000000000e-04
7.023896432091e-04 7.832837615262e-05 2.007822831776e-05
5.490870556726e-04 3.701942968739e-04 1.000000000000e-04
1.706610405268e-03 2.426837257071e-04 3.492234577894e-05
2.730395584046e-03 2.225047939401e-04 5.482973003440e-05
2.245191675729e-03 7.522249868125e-05 6.372087453679e-05
2.423304887091e-04 4.297040472401e-04 2.838179903432e-05
2.328966903559e-03 8.665179226297e-05 2.055056417589e-05
1.418198022779e-03 5.051958834435e-05 3.281385648388e-05
6.549252193273e-04 6.720389752011e-05 2.062577936161e-05
1.830871200328e-04 4.782678896775e-04 3.968152991356e-05
2.637681827681e-03 2.446179148021e-04 4.031034050301e-05
2.191137384915e-03 1.626343162187e-04 3.905420998830e-05
8.349689354479e-04 2.617845974813e-04 2.183737312287e-05
1.179086146726e-03 2.028262811102e-04 1.842092626005e-05
1.951450487093e-03 3.145309219488e-04 4.281158723487e-05
-3.662276161515e-05 3.548571147891e-04 8.157039705091e-05
2.763377238385e-03 3.548571147891e-04 8.157039705091e-05
6.910395479204e-04 3.947166628521e-04 4.405506284967e-05
4.853511979924e-05 4.076162488116e-04 1.860644852062e-05
7.856299896023e-04 2.765096473267e-04 2.965203157058e-05
7.697166089576e-05 4.523107403336e-04 3.012471277835e-05
1.512129004040e-03 1.799052433472e-04 1.000000000000e-04
1.725471810147e-03 3.172628699990e-04 3.909843520820e-05
8.199395953800e-04 3.785896131452e-04 7.803785081161e-05
2.269025180322e-03 1.766763730202e-04 4.008926998041e-05
1.877190860275e-03 4.365171859823e-04 1.000000000000e-04
6.500694950766e-04 5.181415200421e-04 7.912520350148e-05
8.222813629324e-04 5.549749588733e-04 9.698167754139e-05
9.707210422263e-04 6.080375755557e-04 6.065709345532e-05
2.027226852907e-03 3.216876579140e-04 3.212360468847e-05
1.169446130309e-03 2.959214011867e-04 7.448750747419e-05
2.506348983673e-03 1.683074291948e-04 3.927175143317e-05
1.626223896913e-03 3.401841377602e-04 6.276192508840e-05
2.615351430858e-03 3.518895673309e-04 6.648516680633e-05
2.162130491222e-03 2.729836845691e-04 6.415755262004e-05
4.300450155605e-04 4.931090822013e-04 6.094000153171e-05
1.362947820670e-03 2.348236515543e-04 5.896872988692e-05
1.749160614969e-03 3.890885742083e-04 3.653285375737e-05
1.436349154334e-03 2.865524997002e-04 3.082898352640e-05
5.195127459889e-04 5.859377400484e-04 6.798493826595e-05
6.293450852099e-04 6.531675569145e-04 5.748201821542e-05
1.683081505895e-03 4.171881289314e-04 3.292819644491e-05
2.007098334160e-03 4.347945822921e-04 2.854457039021e-05
7.307802058833e-04 6.601447058610e-04 4.209435008041e-05
1.524767189619e-03 3.170676607314e-04 3.774342991945e-05
2.408723040692e-03 1.768580781758e-04 5.872807455672e-05
1.115547937108e-03 6.134200344579e-04 8.426978974395e-05
1.010429381287e-03 7.650289804720e-04 1.000000000000e-04
1.158627490979e-03 7.650289804720e-04 4.819810969192e-05
2.920736140584e-04 4.864013040549e-04 4.478114213646e-05
1.544677272949e-03 3.805126057921e-04 2.821190249663e-05
2.031619928738e-03 5.636063543377e-04 1.000000000000e-04
2.502572452644e-03 3.886770748336e-04 5.214206481678e-05
6.918277962796e-04 7.977237596706e-04 1.000000000000e-04
1.252137096002e-04 4.597455280734e-04 1.868688606162e-05
5.679869294094e-04 7.975499752155e-04 2.373315519275e-05
1.108720720367e-04 5.148420715020e-04 3.824568627963e-05
8.588455546371e-04 8.463166028707e-04 7.200387802950e-05
7.679804092661e-04 9.144107938817e-04 3.933802473943e-05
1.257955314519e-03 7.870970152054e-04 5.355165535047e-05
1.735320110469e-03 4.609978563426e-04 3.524924867890e-05
2.261737050574e-03 2.679637795521e-04 3.557542142677e-05
8.385312703750e-04 9.725197401118e-04 5.206259843723e-05
1.184230859583e-03 8.735436263806e-04 6.006309650573e-05
2.082760222058e-03 2.867132711357e-04 1.513929304260e-05
2.676054812534e-03 4.336957734609e-04 3.504287461805e-05
3.495125753087e-04 5.278867875279e-04 2.607279284296e-05
1.864224132877e-03 6.128810934369e-04 7.448739813142e-05
2.581374755468e-03 4.884349858998e-04 7.422398822538e-05
5.480645719329e-04 8.942604611300e-04 7.316812493098e-05
2.273770649021e-04 5.594663969559e-04 5.281063090005e-05
1.468143187118e-03 3.258320575805e-04 1.955484502366e-05
1.584969395804e-03 4.801919411293e-04 7.930286421891e-05
6.573218721572e-04 9.283687067915e-04 3.512498337775e-05
6.105810744836e-04 9.813779102839e-04 3.405949764544e-05
1.473324825776e-03 4.801905478095e-04 3.234064132250e-05
1.724419656973e-03 6.128810935441e-04 6.531707777306e-05
1.605279761363e-03 6.128810935441e-04 5.382281783640e-05
9.504259158036e-04 8.750023070801e-04 2.396399251784e-05
4.368698165306e-04 8.942506586877e-04 3.802663102967e-05
1.321140884383e-04 6.002449237802e-04 4.975929531111e-05
2.326468906969e-03 2.688767418845e-04 2.916287274751e-05
1.657673537361e-03 6.579821949558e-04 1.523820654622e-05
-2.375855646872e-07 4.852733979198e-04 5.382653688228e-05
2.799762414435e-03 4.852733979198e-04 5.382653688228e-05
1.115231168293e-03 8.105992400316e-04 1.428063316210e-05
3.098397227009e-04 5.673281072784e-04 2.984522189907e-05
2.483438389363e-03 5.142255764564e-04 2.705131547235e-05
1.074760750725e-03 9.090523871194e-04 5.502198863812e-05
2.296679022570e-03 3.120182372677e-04 2.065390056490e-05
1.167435961771e-03 1.033322746493e-03 1.000000000000e-04
2.169385343248e-03 5.662275467696e-04 3.779034895167e-05
2.703263539951e-03 5.496305840106e-04 6.216435196642e-05
3.130009570069e-04 9.399809557562e-04 9.401409926186e-05
1.406986066055e-03 4.801905478095e-04 3.399811839883e-05
2.153129034517e-03 6.580028004579e-04 5.386733227093e-05
4.571071475572e-04 9.876419142662e-04 5.719041475530e-05
1.953636854718e-03 6.710084644462e-04 3.215886803582e-05
1.480891251495e-03 5.781215620701e-04 6.360434617289e-05
2.074047050665e-04 6.513953973595e-04 4.126294947412e-05
9.197816387625e-04 9.723027969414e-04 2.918806028565e-05
2.231563440017e-03 6.904017552074e-04 3.099520191544e-05
2.351648517847e-03 3.327149742062e-04 3.808280287392e-05
2.342814728604e-03 6.903362836798e-04 8.025611227360e-05
1.620171416801e-03 7.669474885198e-04 1.000000000000e-04
-5.331035223628e-06 5.695841914705e-04 3.063804980874e-05
2.794668964776e-03 5.695841914705e-04 3.063804980874e-05
1.789582500252e-03 6.639069611260e-04 1.592837756317e-05
1.047433557613e-03 1.057969419774e-03 2.250728756966e-05
3.869432065473e-04 1.068463759848e-03 4.983831668825e-05
1.789043452835e-03 7.695984395071e-04 6.889284204844e-05
4.780192041251e-04 1.102467441659e-03 4.737562669331e-05
7.211309493744e-04 9.996083567405e-04 5.789106918158e-05
5.471544314915e-04 1.009334276316e-03 3.525451784914e-05
2.448261060213e-03 7.195164563315e-04 2.915326699496e-05
1.720908817733e-03 8.413349881587e-04 2.522589208682e-05
9.738663293197e-04 1.034780181792e-03 5.344714656296e-05
1.390775625789e-04 6.840965108467e-04 3.438095327885e-05
1.409203806616e-03 6.042905491750e-04 1.271017171023e-05
1.050126008253e-03 1.147659322838e-03 6.381232519168e-05
3.963515975790e-04 1.199602548852e-03 7.952916836319e-05
3.277648054608e-05 6.974423229487e-04 7.275461915061e-05
2.832776480546e-03 6.974423229487e-04 7.275461915061e-05
1.896941534061e-03 8.099243124798e-04 4.629470920273e-05
1.671795311525e-03 9.420750145912e-04 8.257786529139e-05
1.874194699898e-04 9.602108161304e-04 3.318636119783e-05
7.919599861980e-04 1.025348776721e-03 1.745537835523e-05
2.183812388433e-03 7.528166836052e-04 4.578777935593e-05
2.043236243263e-03 8.099243124798e-04 1.000000000000e-04
1.184683494000e-04 7.361596608415e-04 2.126216114144e-05
6.016706277676e-04 1.050240739400e-03 3.290231877404e-05
2.087373368584e-04 1.061602326258e-03 6.618159438245e-05
1.402839493389e-03 6.919567631202e-04 7.441931101011e-05
2.685791510326e-03 7.241845198206e-04 7.664326142148e-05
1.473678381094e-03 7.979693619042e-04 4.974166467247e-05
1.827756018135e-03 9.710088683824e-04 7.604404335066e-05
2.247540350011e-03 7.767254131358e-04 2.227748765689e-05
-2.102958296831e-05 8.144129726442e-04 5.304648016298e-05
2.778970417032e-03 8.144129726442e-04 5.304648016298e-05
2.194253221404e-03 8.575764019945e-04 5.835671543002e-05
6.839677623513e-04 1.149779306500e-03 9.625163858312e-05
1.136487657808e-03 1.153398808489e-03 2.273983370294e-05
1.740298061162e-03 1.035042186407e-03 3.234949914643e-05
2.927444085245e-04 1.132614836206e-03 4.381824498597e-05
5.565501616302e-04 1.149779306608e-03 3.116596213805e-05
1.688250309476e-03 1.046137720344e-03 2.086778497164e-05
9.296942959842e-05 7.785012150207e-04 2.816457374323e-05
1.385661049755e-03 8.065168495917e-04 3.868972207431e-05
5.174570278828e-05 8.144129726442e-04 1.972880559360e-05
4.514597291214e-05 8.669781571720e-04 3.146566583110e-05
2.504029053833e-03 7.275816289439e-04 2.719490398589e-05
2.699945320989e-03 8.317710545836e-04 2.786253548482e-05
1.929544691386e-03 8.935062233501e-04 4.110884023704e-05
9.533911994308e-04 1.147659322931e-03 3.292248363091e-05
7.994247506471e-04 1.162776655887e-03 1.993462238349e-05
1.324237017041e-03 8.643138393135e-04 4.565127516737e-05
9.618061870373e-04 1.258193985899e-03 7.767372556097e-05
1.526876271771e-03 8.577651342876e-04 3.019918920288e-05
1.425873196422e-03 9.059616758498e-04 6.418703894615e-05
2.731565771590e-03 9.174189743617e-04 6.034415789527e-05
5.658286886494e-04 1.226341386392e-03 4.452688539131e-05
2.274848816531e-03 8.664533085071e-04 2.272626319724e-05
4.924407048123e-04 1.261972175663e-03 3.502687415491e-05
1.407548636385e-04 7.925681429977e-04 2.164833792740e-05
2.123614789839e-03 9.848993151682e-04 8.724861494283e-05
1.071750268513e-03 1.258193985899e-03 3.227035591459e-05
1.943794387413e-03 9.812136397409e-04 4.044218117060e-05
7.933883528338e-04 1.313345321618e-03 9.954432292566e-05
1.331497755829e-03 9.533748217769e-04 4.142891720513e-05
1.390002782704e-03 9.946165536069e-04 3.015123796323e-05
1.907298003648e-03 1.030956435872e-03 2.125329512053e-05
9.486518055431e-04 1.438689635668e-03 1.000000000000e-04
2.360125849463e-03 8.702997830050e-04 6.263747448920e-05
1.524820070727e-03 1.019479757323e-03 8.353419208267e-05
1.634869336520e-03 1.091791049278e-03 4.814634499803e-05
1.334394563135e-03 1.031612210809e-03 3.663912612736e-05
1.953448684072e-03 1.052426067585e-03 2.964690516857e-05
1.403324931028e-03 1.150996725111e-03 9.551267827980e-05
2.854058103228e-04 1.207827109396e-03 3.172105009073e-05
4.326078499894e-05 1.064802662029e-03 9.932590204145e-05
2.843260784999e-03 1.064802662029e-03 9.932590204145e-05
1.484637823137e-04 1.134919634580e-03 2.710124912182e-05
6.409637594863e-04 1.292576302341e-03 5.288027042189e-05
4.340825949089e-04 1.321547552297e-03 4.811961551181e-05
8.183604722575e-04 1.442381884721e-03 3.034363901776e-05
2.513284338778e-03 5.761491254915e-04 3.677699467915e-05
1.215080315125e-03 1.191960992166e-03 6.480357149723e-05
2.567157529172e-03 7.792011746621e-04 5.412697176454e-05
1.085522591809e-04 1.158152539325e-03 1.459080622728e-05
2.279128994764e-03 9.731351943037e-04 6.826558998239e-05
6.693099502622e-04 1.392535281131e-03 4.765112426065e-05
2.471279766019e-03 7.927778330879e-04 4.270727401616e-05
1.138768251704e-03 1.500784215938e-03 1.000000000000e-04
2.462102409435e-03 8.760306988565e-04 3.949999258444e-05
3.064254195913e-04 1.275085864950e-03 3.787802262904e-05
7.352315781544e-04 1.425307464488e-03 2.596733148201e-05
2.424588880675e-03 9.475503307474e-04 3.797628957709e-05
1.315340130009e-03 1.540931864640e-03 8.107860697582e-05
1.223611330866e-03 1.610640292745e-03 3.413048708118e-05
2.029558338545e-03 1.091534245011e-03 5.494007761903e-05
2.213154149522e-03 1.018638136452e-03 8.436310694333e-06
1.957336384476e-03 1.105829911632e-03 1.868313022854e-05
1.587092788068e-03 1.232022076353e-03 1.000000000000e-04
2.214929514055e-03 1.063021646264e-03 3.292408359769e-05
1.283625501790e-03 1.669282777593e-03 4.977804641014e-05
5.406904850464e-04 1.288744280953e-03 2.015271368629e-05
8.394158296807e-04 1.489717947389e-03 2.056693999484e-05
2.389114871253e-03 1.030653353717e-03 5.238143157201e-05
1.730418289140e-03 1.113986906155e-03 4.721103548784e-05
1.808492860237e-04 1.233813611321e-03 7.601643203968e-05
1.023050912107e-03 1.534402628451e-03 2.050186863045e-05
3.389873141792e-04 1.371283897008e-03 5.919681567304e-05
4.381020559557e-04 1.426996252667e-03 5.450278243753e-05
2.484416996500e-04 1.326217041697e-03 3.846993538041e-05
5.227112975685e-04 1.426996252667e-03 3.010645917525e-05
1.721710259607e-03 1.232022076353e-03 3.461747153873e-05
1.882621214322e-04 1.332064066698e-03 2.199302299765e-05
2.633278212904e-03 8.427812674811e-04 3.760107098862e-05
3.620946584482e-04 1.455713456590e-03 2.674869310000e-05
1.909100282285e-03 1.070695066264e-03 1.831700891035e-05
1.854618538673e-03 1.075347666335e-03 3.169721971874e-05
2.582201995950e-03 9.757345940323e-04 1.000000000000e-04
2.476336659800e-03 1.083892176305e-03 4.980473494750e-05
2.707745844409e-03 1.000268030421e-03 2.586114948690e-05
1.816735412476e-03 1.139971703689e-03 4.293249164458e-05
2.691678735683e-03 1.091584771791e-03 5.460394913097e-05
8.555877828079e-04 1.587858908094e-03 7.581918030700e-05
1.459033652127e-03 1.261415379662e-03 2.816327281555e-05
2.577835032348e-03 1.145750727415e-03 6.905821123546e-05
1.036725650440e-03 1.592633128950e-03 3.729135185496e-05
5.695632960604e-04 1.426996252705e-03 1.674553931671e-05
9.735228910887e-04 1.682112548218e-03 7.225843254582e-05
1.426495414279e-03 1.675502290623e-03 9.322717921882e-05
2.303901102419e-03 1.100847940564e-03 5.802086197933e-05
2.209474664943e-03 1.144479191233e-03 4.599855029284e-05
1.552394797805e-03 1.685349958864e-03 3.305675280712e-05
1.706286292166e-03 1.317319421660e-03 4.656987594842e-05
6.855087340300e-04 1.520579760665e-03 8.141393427478e-05
3.117592282141e-04 1.455713456636e-03 2.358673713414e-05
1.932113169706e-03 1.224337990227e-03 1.000000000000e-04
7.484433595676e-05 1.190201215923e-03 2.998851802728e-05
-4.281891142436e-05 1.244234451146e-03 9.948823777436e-05
2.757181088576e-03 1.244234451146e-03 9.948823777436e-05
1.095202395245e-03 1.682112548218e-03 4.942107161078e-05
1.538656943262e-03 1.763192370004e-03 4.598831277927e-05
1.190409175911e-03 1.719083469961e-03 5.271207746060e-05
1.117692754520e-03 1.764560707982e-03 3.305421614031e-05
8.140294133030e-05 1.265124512890e-03 2.647788220016e-05
2.614301833452e-03 1.256556162125e-03 4.392133689302e-05
8.353392362304e-04 1.747064023773e-03 8.042862133664e-05
7.392032534756e-04 1.635212851424e-03 4.517140024497e-05
1.173451173450e-03 1.816930288018e-03 4.344136670416e-05
2.297614398009e-03 1.260870617647e-03 1.000000000000e-04
1.456200548279e-03 1.814532027039e-03 4.894054782015e-05
6.898388418862e-05 1.339577657728e-03 4.744777601458e-05
2.423004183770e-03 1.172133365799e-03 5.330132948641e-05
1.645650568958e-03 1.334126630705e-03 1.635208527925e-05
2.006108385047e-04 1.411104204417e-03 5.800594064546e-05
1.270338776423e-03 1.750037360565e-03 3.206228790017e-05
-1.439867809454e-05 1.381158371704e-03 4.035406513608e-05
2.785601321905e-03 1.381158371704e-03 4.035406513608e-05
2.118904896596e-03 1.135348518154e-03 4.457121805403e-05
1.650618392914e-03 1.415497139367e-03 6.516992987461e-05
2.146135436502e-03 1.318005640312e-03 6.189591283913e-05
2.238679374849e-03 1.451990117032e-03 1.000000000000e-04
1.607898819494e-03 1.766480448946e-03 2.333158975391e-05
6.744438016899e-04 1.790915397480e-03 8.629144490571e-05
1.032712881999e-03 1.791275269017e-03 5.191867740648e-05
2.552992701863e-03 1.270400843351e-03 1.893154541453e-05
2.474257020085e-03 1.270504392002e-03 5.762076942380e-05
2.649015534612e-03 1.413462958215e-03 1.000000000000e-04
2.474714591266e-03 1.402425311226e-03 7.430094334651e-05
1.325392480585e-03 1.855346864736e-03 8.676954165779e-05
5.091229107898e-04 1.564208307384e-03 1.000000000000e-04
2.063774223145e-03 1.150822719711e-03 1.268995613015e-05
1.451170178066e-03 1.919148360681e-03 5.426471187043e-05
1.102610100047e-03 1.832661061753e-03 2.912525732692e-05
9.319394962583e-04 1.845646883351e-03 5.759380597147e-05
1.369119877458e-03 1.973228181691e-03 3.892057702750e-05
2.365428708804e-03 1.499066082326e-03 3.520924586166e-05
7.803321120905e-04 1.853345048136e-03 3.663048576189e-05
-1.378005569855e-05 1.473785792894e-03 4.987959975223e-05
2.786219944301e-03 1.473785792894e-03 4.987959975223e-05
1.529230847052e-03 1.833016007449e-03 2.446870699779e-05
2.536462613235e-03 1.496649584006e-03 3.835353636000e-05
2.323143263246e-03 1.565741245730e-03 4.168086576266e-05
2.427020683277e-04 1.563400644465e-03 1.000000000000e-04
2.243162135499e-03 1.598405242505e-03 4.471310093140e-05
2.602979637743e-03 1.561675800758e-03 5.466755487484e-05
2.308365276180e-03 1.640148915896e-03 3.270772199628e-05
2.074100884285e-03 1.176991041590e-03 1.544224961800e-05
2.243969875718e-03 1.693944997081e-03 5.083006810026e-05
3.766278195378e-04 1.586252194044e-03 3.431635099639e-05
2.108799987055e-03 1.451990117139e-03 2.987938779368e-05
2.324867663334e-03 1.718740267790e-03 3.378232750913e-05
2.043175595562e-03 1.176991041590e-03 1.548303910551e-05
1.004791833313e-04 1.423535227834e-03 4.222288499635e-05
8.423172871781e-04 1.972838276304e-03 9.798305213045e-05
1.280388089667e-03 1.984805738370e-03 5.028883573624e-05
1.431636174417e-03 2.000754766674e-03 2.926335853731e-05
8.284468814526e-05 1.525803709445e-03 5.985738018240e-05
-1.209057808420e-05 1.574344482644e-03 4.676771741132e-05
2.787909421916e-03 1.574344482644e-03 4.676771741132e-05
9.894010635346e-04 1.973039451220e-03 4.883243994746e-05
1.386537234186e-03 2.044245908258e-03 3.338964629791e-05
5.210739160228e-04 1.806916166343e-03 6.791085512940e-05
1.818982541263e-03 1.343509270514e-03 6.431778095231e-05
1.142357840849e-03 1.906666543852e-03 5.152910735653e-05
2.024925064248e-03 1.472157710344e-03 5.638610062217e-05
9.483574187492e-04 2.050349399449e-03 3.336572979732e-05
2.163480644044e-03 1.693944997081e-03 2.965916357352e-05
2.422860423519e-03 1.731489909754e-03 6.503636717404e-05
1.758626726081e-03 1.434637873370e-03 4.452130829686e-05
1.321325522962e-03 2.057523310775e-03 3.316009480636e-05
1.079161958359e-03 1.970859814322e-03 3.855138740953e-05
1.040836291289e-03 2.016714720004e-03 1.864430980753e-05
1.931585643815e-03 1.380647166794e-03 5.425153229737e-05
1.863952663043e-03 1.425399772526e-03 2.684727045558e-05
3.447527642648e-04 1.639770147687e-03 2.746232997913e-05
2.335789248865e-03 1.801035299186e-03 4.639949171737e-05
4.109628416519e-04 1.627241874946e-03 1.665603204631e-05
2.959235837752e-04 1.727779740850e-03 7.278025649580e-05
2.212203320671e-03 1.824757706132e-03 7.944260870591e-05
1.039229010329e-03 2.117834017499e-03 7.982366688858e-05
5.970914190081e-04 1.904186875859e-03 5.084334407509e-05
4.318090358223e-04 1.668920561024e-03 2.994521991750e-05
1.219338028056e-03 2.143139466194e-03 1.000000000000e-04
2.696316225653e-03 1.648951161723e-03 7.136555548377e-05
2.396832552432e-03 1.807672714816e-03 1.500360426774e-05
3.892973522194e-04 1.701961555479e-03 2.389668344135e-05
2.504042528200e-03 1.574851878835e-03 4.514306920027e-05
1.444007932703e-04 1.753821571788e-03 8.096411901434e-05
1.770859080754e-05 1.668595665123e-03 5.160603811301e-05
2.817708590808e-03 1.668595665123e-03 5.160603811301e-05
4.761417399115e-04 1.947425557565e-03 7.760278653710e-05
1.832727088843e-03 1.499709988862e-03 5.375697717430e-05
3.456483329788e-04 1.950543231393e-03 5.292785792233e-05
2.757135022253e-03 1.744996856855e-03 4.231690390728e-05
1.707820490934e-03 1.482651263420e-03 2.304433425067e-05
2.687734990280e-03 1.747756062171e-03 2.713795662731e-05
2.709224407876e-03 1.833595500243e-03 5.840621449258e-05
2.110704021223e-03 1.564904410116e-03 6.994671292339e-05
1.096433107487e-03 2.245044109021e-03 5.965660474583e-05
2.100805943812e-03 1.826284203642e-03 3.196522659194e-05
6.910679717372e-04 1.922866047696e-03 4.497160216695e-05
1.536664127258e-03 2.020672674649e-03 7.763657893507e-05
1.968840717220e-03 1.826284203642e-03 1.000000000000e-04
2.551340933829e-03 1.830367070810e-03 9.708684062709e-05
3.543774687305e-05 1.853496785057e-03 6.671042212531e-05
2.835437746873e-03 1.853496785057e-03 6.671042212531e-05
1.731666602137e-03 1.583943536993e-03 7.780484329084e-05
2.414067734803e-04 1.848453253871e-03 5.455457139500e-05
2.109933183471e-03 1.925338420838e-03 6.399957872024e-05
1.449462357026e-04 1.950821528256e-03 7.979628856523e-05
1.364375409642e-03 2.104661024992e-03 3.011499379119e-05
5.888932950615e-04 2.011419386191e-03 5.204332208619e-05
2.207032320490e-03 1.943589204717e-03 3.479988242207e-05
1.198959451285e-03 2.290320472287e-03 4.857871449060e-05
1.809614602650e-03 1.826284203642e-03 5.922611457022e-05
1.691298500681e-03 1.932840552942e-03 1.000000000000e-04
9.781699529376e-04 2.244652280164e-03 5.860731804836e-05
2.025149372933e-03 1.934002696691e-03 2.122579429409e-05
2.316963430669e-03 1.891889705311e-03 4.498160903539e-05
7.105870674499e-04 2.004131839936e-03 3.741319264633e-05
7.457135773979e-04 2.066263994309e-03 3.390153276276e-05
1.864538041677e-03 1.970961138457e-03 7.738409625553e-05
6.576689490176e-04 2.104649765851e-03 6.202334215579e-05
2.423593631603e-03 1.935124605355e-03 6.812064791393e-05
1.352651727369e-03 2.172106842283e-03 3.472395364357e-05
1.108926246244e-03 2.389626690897e-03 8.546496724254e-05
2.256226885449e-03 1.914788814390e-03 1.992830639983e-05
1.296152904731e-03 2.294042997106e-03 4.868600646131e-05
2.525085002085e-03 1.961833621652e-03 3.682633791221e-05
7.502314294687e-04 2.138651222150e-03 3.658658336479e-05
1.231709206203e-03 2.392844140359e-03 3.736015805789e-05
8.466219156872e-04 2.203079373915e-03 7.935359719971e-05
2.573265743373e-03 1.971408176547e-03 1.229652776603e-05
2.334502081427e-03 1.958612647314e-03 2.400792103918e-05
2.358904941112e-03 1.987059118083e-03 1.347142340514e-05
1.468470669602e-03 2.159439829066e-03 7.691649452377e-05
9.939365182468e-04 2.401120686239e-03 2.780027096680e-05
2.566152931676e-03 2.015926382432e-03 3.108979868037e-05
1.229868946743e-03 2.530232699028e-03 1.000000000000e-04
2.481824268909e-03 2.014525950094e-03 3.034447620337e-05
2.622211708540e-04 1.930921012377e-03 3.049935462332e-05
1.655046422792e-03 2.074627011663e-03 4.634757609223e-05
3.930417864911e-04 2.056536122308e-03 5.954938295731e-05
1.597059471979e-03 2.153690040922e-03 5.170062154640e-05
7.365138378540e-04 2.236320954149e-03 3.411852038894e-05
1.385469190856e-03 2.241130370164e-03 3.954203877778e-05
1.771201056079e-03 2.060488150545e-03 5.059325195044e-05
5.134720327777e-04 2.118223454669e-03 7.547058850638e-05
2.173633370498e-03 2.040665115361e-03 6.775003341195e-05
2.658561765049e-03 1.931342815672e-03 5.019658579350e-05
2.273680945558e-03 1.982617289571e-03 4.137887746273e-05
3.676731051774e-05 1.980883121416e-03 3.239056898534e-05
2.273577973139e-03 2.058622885915e-03 3.379505568832e-05
2.520124871550e-03 2.077157838844e-03 4.307002952277e-05
7.335410440274e-05 2.069051532779e-03 5.842014447844e-05
1.557891359709e-03 2.244856952064e-03 4.674491708249e-05
1.459026093041e-03 2.359710987160e-03 1.000000000000e-04
7.754209848933e-04 2.332352812196e-03 6.823097814700e-05
1.428029483289e-03 2.557294689482e-03 1.000000000000e-04
1.715463672861e-03 2.174629195144e-03 6.854081459826e-05
2.430425753264e-03 2.077157838844e-03 4.662908876323e-05
1.822102992688e-03 2.174629195220e-03 3.809850522844e-05
2.338690533651e-03 2.119919243535e-03 5.458300660409e-05
9.023304944112e-04 2.323723002602e-03 5.095460940623e-05
1.325712873410e-03 2.667842174791e-03 5.062924747822e-05
6.719890613522e-04 2.364961209538e-03 4.021940305264e-05
2.754309413016e-03 1.909498350410e-03 2.987685496047e-05
3.686378474720e-04 2.217283721349e-03 1.000000000000e-04
1.518202701217e-04 2.093924707823e-03 2.389397391596e-05
1.626635899613e-03 2.580862697487e-03 1.000000000000e-04
1.516474022926e-03 2.657679939608e-03 2.659899251623e-05
1.826437329394e-03 2.589771236978e-03 1.000000000000e-04
2.223658446465e-03 2.178845038669e-03 7.466338759926e-05
2.634908732685e-03 2.104438819800e-03 7.491126856744e-05
1.986183186588e-03 1.988799091245e-03 4.556196443856e-05
1.568041551073e-03 -4.627016803311e-05 8.241839959682e-05
1.568041551073e-03 2.753729831967e-03 8.241839959682e-05
5.976607366614e-04 2.165386074937e-03 2.102841120208e-05
-4.019171057825e-05 2.110455782108e-03 5.013313597941e-05
2.759808289422e-03 2.110455782108e-03 5.013313597941e-05
7.253055177535e-04 2.440681726715e-03 4.924861263186e-05
5.419992763842e-04 2.277820569161e-03 8.362715500014e-05
3.447504343617e-05 2.151646437057e-03 3.286796391647e-05
2.352675978235e-03 2.250470737255e-03 7.290274741099e-05
2.484057094092e-03 2.276870335470e-03 6.110447772945e-05
6.002545893899e-04 2.378632446139e-03 3.280624917970e-05
1.280262510714e-04 2.185716296726e-03 6.667728178524e-05
1.698313350133e-03 2.744923160877e-03 4.815073570788e-05
1.201229209067e-03 2.708164531617e-03 8.022210668848e-05
4.341382269127e-04 2.357224501252e-03 4.833581608360e-05
2.538650862764e-03 2.154930259026e-03 3.378538711663e-05
2.245187414585e-03 2.300880342972e-03 4.581927945820e-05
1.015376113962e-03 2.466412951812e-03 3.556313904621e-05
2.219673594943e-04 2.189293002055e-03 2.712784287921e-05
2.114492178045e-04 2.308416282235e-03 8.169624280949e-05
1.313634784732e-03 -1.539245538985e-05 5.571377941764e-05
1.313634784732e-03 2.784607544610e-03 5.571377941764e-05
4.099216619996e-05 2.206297221115e-03 2.217020589321e-05
8.562417920891e-04 2.395449064582e-03 3.430269704091e-05
1.398410232688e-03 -9.447881211292e-06 2.926986307596e-05
1.398410232688e-03 2.790552118789e-03 2.926986307596e-05
6.025516594535e-04 2.496529041768e-03 8.511281480972e-05
2.584652116783e-03 2.191412752513e-03 2.492651714712e-05
3.663248590308e-04 2.361050892008e-03 1.958541866443e-05
3.178169683599e-04 2.337094156074e-03 2.817893638829e-05
8.929534409458e-04 2.524636668772e-03 1.000000000000e-04
4.551070328745e-05 2.312667994201e-03 8.429673969563e-05
2.845510703287e-03 2.312667994201e-03 8.429673969563e-05
1.370199374122e-04 2.410028279654e-03 4.425939756985e-05
7.325356117751e-04 2.566008597546e-03 6.227527743403e-05
8.091938626677e-04 2.657808839854e-03 5.732313258387e-05
1.071277344106e-03 2.518539974891e-03 4.087100117234e-05
2.717388698661e-03 2.334146706263e-03 4.495292656832e-05
2.167332822112e-03 2.300880342972e-03 3.203531301523e-05
4.420451277904e-04 2.545626493633e-03 8.273508645598e-05
2.408144568498e-03 2.354879746311e-03 4.532586874396e-05
9.336929383628e-04 2.704632050218e-03 7.568985005193e-05
3.118486879746e-04 2.572650248684e-03 5.023636808260e-05
5.626144370625e-04 2.661016251712e-03 8.415337540281e-05
2.191202817738e-03 2.371139215019e-03 4.216769091726e-05
4.275187673819e-04 -5.652395488155e-05 7.412003296893e-05
4.275187673819e-04 2.743476045118e-03 7.412003296893e-05
2.818421874821e-05 2.482683854162e-03 8.660001815703e-05
2.828184218748e-03 2.482683854162e-03 8.660001815703e-05
1.013325068900e-03 2.540760082834e-03 2.018123143595e-05
1.939849097756e-03 2.043898433292e-03 2.642959952575e-05
2.099474911758e-03 2.371139215019e-03 4.956021506276e-05
2.154460513854e-03 2.444459366746e-03 3.984353723982e-05
2.270495215010e-03 2.381444798118e-03 3.779160690452e-05
2.610949037699e-03 2.334146706263e-03 6.148673439394e-05
2.003030965605e-03 2.587359880927e-03 7.656731609980e-05
2.871674400125e-04 2.390282680294e-03 2.879253092513e-05
2.123841907372e-04 2.599076119908e-03 5.107125549181e-05
2.344689679890e-03 2.420768212021e-03 4.614988105787e-05
2.699605698978e-03 2.506066568411e-03 3.859539015199e-05
2.771024789747e-04 2.639865446580e-03 2.542862809306e-05
2.913949749887e-04 2.727114609710e-03 6.298355277741e-05
2.619349581193e-03 2.527536442859e-03 4.448288619732e-05
2.175189363272e-03 2.624950049833e-03 9.964714359960e-05
2.063822129387e-03 2.665669829097e-03 1.682396402016e-05
7.050600184042e-04 -3.432507617309e-05 9.260691732942e-05
7.050600184042e-04 2.765674923827e-03 9.260691732942e-05
2.739385746737e-03 2.578461995239e-03 4.400948040798e-05
1.931300892734e-03 2.664480267759e-03 2.875485287113e-05
2.662477797065e-03 2.593541098631e-03 3.436296324876e-05
8.517536305919e-04 -3.286822800148e-06 4.732730172922e-05
8.517536305919e-04 2.796713177200e-03 4.732730172922e-05
2.705966852705e-03 2.657704750554e-03 4.199268485476e-05
1.881450496860e-03 -3.854316728558e-05 8.028421759350e-05
1.881450496860e-03 2.761456832714e-03 8.028421759350e-05
2.312800892378e-05 2.619501769954e-03 4.537975295290e-05
2.823128008924e-03 2.619501769954e-03 4.537975295290e-05
2.621032425182e-03 2.657547924242e-03 4.189066024954e-05
2.319120129615e-03 2.623945226538e-03 4.428713181122e-05
1.261093076280e-04 2.709601909230e-03 8.914039478942e-05
1.064410166052e-03 -4.512139819719e-05 6.435203733116e-05
1.064410166052e-03 2.754878601803e-03 6.435203733116e-05
2.663679916963e-03 -5.075420720875e-05 5.884432198889e-05
2.663679916963e-03 2.749245792791e-03 5.884432198889e-05
2.505140363984e-03 -6.058664471818e-05 1.000000000000e-04
2.505140363984e-03 2.739413355282e-03 1.000000000000e-04
-2.788511710689e-05 2.724885185044e-03 5.220197516914e-05
2.772114882893e-03 2.724885185044e-03 5.220197516914e-05
1.900390625000e-03 2.348828125000e-03 4.356726711526e-05
2.009765625000e-03 2.195703125000e-03 5.757949742418e-05
3.691406250000e-04 7.191406250000e-04 4.177448751296e-05
1.730859375000e-03 2.376171875000e-03 4.889346267600e-05
2.310546875000e-03 4.894531250000e-04 2.368714108715e-05
1.468359375000e-03 1.413671875000e-03 3.751222320939e-05
1.255078125000e-03 4.675781250000e-04 5.555216750785e-05
1.315234375000e-03 1.342578125000e-03 2.867953663026e-05
2.463671875000e-03 2.529296875000e-03 4.000230497021e-05
1.938671875000e-03 1.621484375000e-03 3.509814048265e-05
6.699218750000e-04 1.996093750000e-04 5.642203191729e-05
1.052734375000e-03 4.347656250000e-04 7.675186055716e-05
2.201171875000e-03 4.347656250000e-04 2.849134253425e-05
1.561328125000e-03 1.544921875000e-03 3.164606009670e-05
2.488281250000e-04 7.738281250000e-04 4.531456392395e-05
2.542968750000e-04 2.075390625000e-03 2.981453667920e-05
1.358984375000e-03 3.746093750000e-04 3.871673099174e-05
4.894531250000e-04 7.300781250000e-04 6.525166108719e-05
1.276953125000e-03 6.042968750000e-04 2.788956752139e-05
8.066406250000e-04 1.613281250000e-04 3.982828258594e-05
1.845703125000e-03 1.692578125000e-03 5.565146637617e-05
1.173046875000e-03 1.326171875000e-03 3.245503612443e-05
1.703515625000e-03 1.741796875000e-03 7.772554126942e-05
1.987890625000e-03 2.430859375000e-03 6.025131955872e-05
2.102734375000e-03 4.019531250000e-04 5.125269990658e-05
2.507421875000e-03 2.419921875000e-03 3.687211405833e-05
8.613281250000e-04 1.096484375000e-03 3.296838197968e-05
2.398046875000e-03 4.511718750000e-04 2.464676094434e-05
1.807421875000e-03 2.283203125000e-03 5.430934234532e-05
2.324218750000e-04 2.474609375000e-03 2.489645351040e-05
2.387109375000e-03 5.441406250000e-04 4.181048549531e-05
1.462890625000e-03 1.517578125000e-03 6.294542525538e-05
