# 2D packing, generated 2026-09-30T17:09:03.061904+00:00
# generator = preprocess/generate_packing_gravity.py
# periodic axes = xy
# porosity_achieved = 0.323976  (target 0.325000)
# 144 distinct grains; 162 rows including 18 periodic edge images.
# Centres span [-R, L+R]: a grain need only be PARTLY inside.
# Do NOT drop the out-of-box rows -- they carry the conduction
# paths that cross the domain edge, and k_eff depends on them.
# header row is 'Lx Ly'; grain rows are 'x y r', all in metres
1.500000000000e-03 1.500000000000e-03
6.592057404276e-04 6.511029845509e-05 9.172676631365e-05
6.592057404276e-04 1.565110298455e-03 9.172676631365e-05
8.203862661760e-04 7.192998948691e-05 6.817517435031e-05
5.132149139709e-04 4.105087844842e-05 3.363775503399e-05
7.239377072790e-04 2.387086007212e-04 9.354842250741e-05
1.402576145003e-03 1.423591744927e-05 2.609867453114e-05
1.402576145003e-03 1.514235917449e-03 2.609867453114e-05
3.628813408604e-04 1.046038523066e-04 9.648172893679e-05
5.262003994545e-04 9.782557688027e-05 2.460303149291e-05
-2.246495837418e-05 4.866463211892e-05 5.638873406362e-05
-2.246495837418e-05 1.548664632119e-03 5.638873406362e-05
1.477535041626e-03 4.866463211892e-05 5.638873406362e-05
1.477535041626e-03 1.548664632119e-03 5.638873406362e-05
5.644566102843e-04 1.693970271933e-04 4.917463210781e-05
4.692086013865e-04 2.137491734859e-04 5.589357490754e-05
6.956867677761e-05 7.644963837953e-05 3.848094228192e-05
1.758595838664e-05 1.447205905751e-04 4.732771651776e-05
1.517585958387e-03 1.447205905751e-04 4.732771651776e-05
5.601813387716e-04 3.375077529608e-04 9.770419210881e-05
3.786519976692e-04 3.269458290492e-04 8.413269353826e-05
6.836122316109e-04 3.549414758118e-04 2.513517085490e-05
1.426599073230e-03 1.785582258160e-04 4.974748562843e-05
4.584420482230e-04 4.175182368901e-04 3.172752717912e-05
2.011667033214e-04 2.116258960936e-05 1.327437963149e-05
9.633193223083e-04 7.551494114195e-05 7.310712918288e-05
1.827339611560e-04 1.125917475044e-04 7.938576942899e-05
9.098228034716e-05 1.677331204747e-04 2.766067817347e-05
2.348763527342e-04 3.693113322393e-04 6.575532663414e-05
1.067876169047e-03 6.620730054594e-05 3.178802702988e-05
8.780501035246e-04 1.937446975408e-04 6.659856058827e-05
8.236949658408e-04 3.277105205457e-04 4.014176000631e-05
1.257068569099e-04 3.726718967162e-04 4.346626043179e-05
1.681042038055e-04 4.186562128822e-04 1.727148151148e-05
1.067392551828e-03 1.974400725894e-04 8.719579753362e-05
8.854395009609e-04 2.902540014290e-04 3.019325367648e-05
6.606313227597e-04 4.088241751423e-04 2.548815196056e-05
5.544033165789e-07 2.349534655201e-04 4.325689012584e-05
1.500554403317e-03 2.349534655201e-04 4.325689012584e-05
1.395103528306e-03 3.236328366073e-04 9.452524912631e-05
8.825762388623e-05 2.429949981471e-04 4.481422401087e-05
1.203489080854e-03 1.884174696378e-04 4.919958374550e-05
7.601052938140e-04 4.238346043391e-04 7.511242823210e-05
6.594195195048e-04 4.639331364906e-04 2.963429551407e-05
5.251299414593e-04 4.636767368423e-04 3.324322400587e-05
3.204054776945e-04 5.112957890828e-04 1.000000000000e-04
4.704643041979e-04 5.277151277191e-04 5.095448627150e-05
1.266944163426e-03 3.236358318757e-04 3.363410079632e-05
1.710120838281e-04 4.871915075741e-04 5.132550254999e-05
6.025475938755e-04 5.611418191075e-04 8.298883411562e-05
5.034246600938e-04 5.912245115780e-04 2.059850157199e-05
1.295367500033e-03 3.669436926327e-04 1.420885585167e-05
7.437761387305e-04 5.705291356449e-04 5.759244691811e-05
6.863315425226e-04 6.851738978492e-04 6.668992048450e-05
9.657648779976e-05 5.125942252177e-04 2.732536141388e-05
4.221907208708e-04 5.899655334495e-04 2.782021161162e-05
3.845107393923e-05 2.854541665674e-04 1.988147210622e-05
5.718093719821e-04 7.118606190869e-04 5.064405410356e-05
9.806965778163e-04 3.295830131704e-04 7.084849503236e-05
4.641803265509e-04 6.718321314560e-04 6.418667485857e-05
5.036049233433e-04 7.615268234166e-04 3.372762655748e-05
2.427463623684e-05 4.365588779148e-04 7.640921078310e-05
1.524274636237e-03 4.365588779148e-04 7.640921078310e-05
6.321800638040e-04 7.768017646072e-04 3.802371393749e-05
1.175847090357e-03 2.948777881588e-04 5.839402303021e-05
1.415511750513e-03 4.547859086305e-04 3.387079325038e-05
1.894512816134e-05 6.135155697115e-04 1.000000000000e-04
1.518945128161e-03 6.135155697115e-04 1.000000000000e-04
2.059367229179e-04 6.753776896791e-04 9.695882633327e-05
3.633902661131e-04 6.703135060817e-04 3.622094099631e-05
1.088466980645e-03 3.330982749443e-04 3.697951116430e-05
1.255497970625e-03 3.877385808492e-04 3.075787352847e-05
3.923796758212e-04 7.318103548772e-04 2.936930178271e-05
3.248078924468e-04 7.402507899177e-04 3.825924998735e-05
4.253134770782e-04 8.295926566461e-04 7.001490350584e-05
2.955421498044e-04 8.345002057608e-04 5.984918899218e-05
5.449650021282e-04 8.363559672918e-04 4.982762471429e-05
4.943727766077e-04 9.099577197599e-04 3.551507176780e-05
2.275814442698e-04 7.908292246703e-04 2.050415738411e-05
1.822565516459e-04 8.507010056018e-04 5.458897704044e-05
1.144102013855e-03 4.079986465344e-04 5.632297932086e-05
1.141241981393e-04 8.741243229699e-04 1.679094134278e-05
1.359922235066e-03 4.569570266622e-04 2.176155440527e-05
7.085208326060e-04 7.887454786848e-04 3.923201254069e-05
3.835352145048e-05 8.786697971138e-04 5.911596040713e-05
1.538353521450e-03 8.786697971138e-04 5.911596040713e-05
1.292018308910e-03 4.560147934376e-04 4.614938127777e-05
8.853615998523e-04 3.584440195934e-04 2.875976681106e-05
3.567445562528e-04 9.192896799082e-04 4.288886149662e-05
9.132039145815e-04 4.225984609919e-04 4.117617168653e-05
8.571594649716e-04 4.745083432992e-04 3.437469977605e-05
6.230133271373e-04 8.426660076429e-04 2.847536826962e-05
1.379085035310e-03 4.987714054768e-04 2.323988778939e-05
7.194554137069e-04 9.275473505769e-04 1.000000000000e-04
1.390610209016e-03 5.590063840308e-04 3.808777646656e-05
2.492104373130e-04 9.353678418356e-04 5.094913645912e-05
1.204175598529e-03 4.963365107233e-04 5.050610016962e-05
1.395243841431e-03 6.228224185847e-04 2.405090355310e-05
5.613485962344e-04 9.844339017614e-04 6.464710722300e-05
9.193745764230e-04 4.944768813294e-04 3.096681970821e-05
1.384191933275e-04 9.504024043490e-04 5.432424859874e-05
9.981651413219e-04 4.924560749841e-04 4.785001557639e-05
3.209150028099e-04 9.953872334808e-04 4.122178889389e-05
1.275757843851e-03 5.293597330275e-04 2.832637072653e-05
1.097756468799e-03 5.827285163955e-04 8.656603744116e-05
8.500655949423e-04 9.487071235620e-04 3.231310804113e-05
8.206388541643e-04 9.858623828089e-04 1.508359027088e-05
9.361030975324e-04 5.627789615477e-04 3.935416143906e-05
2.124419878182e-04 1.085815014520e-03 1.000000000000e-04
3.558350232656e-04 1.081551533740e-03 3.633635142320e-05
8.076596374200e-04 1.035951468955e-03 3.665979743422e-05
3.627793887520e-04 1.217718737663e-03 1.000000000000e-04
1.310167782700e-03 5.966102247852e-04 4.721616630728e-05
7.095107767011e-04 1.119567423208e-03 9.227752778403e-05
1.224049992910e-03 5.971701417716e-04 3.890345854575e-05
9.367683981711e-04 9.472456037441e-04 5.440202077398e-05
8.756880706659e-04 1.000013217877e-03 2.458331621905e-05
1.200989355229e-03 6.954463988905e-04 6.204230168022e-05
1.099078387763e-03 6.994471497509e-04 3.016093372634e-05
1.748627304915e-04 1.289313990418e-03 1.000000000000e-04
1.398957310840e-03 8.871718571225e-04 8.040499711877e-05
9.957225101246e-04 7.138048865052e-04 7.321868791654e-05
4.473718839133e-04 1.023847601442e-03 5.595191111765e-05
2.939721490903e-04 1.337033341320e-03 2.384263605717e-05
1.115480409833e-03 8.063746715057e-04 7.801822476568e-05
1.087875353649e-03 9.822382080099e-04 1.000000000000e-04
5.268137842969e-04 1.101170625181e-03 5.490775484217e-05
4.967719159684e-04 1.202704753193e-03 3.483126414625e-05
9.402810840145e-04 1.056964829190e-03 5.537342434164e-05
1.043088328885e-03 1.177157658002e-03 1.000000000000e-04
8.528339225002e-04 1.117634302701e-03 5.105868699071e-05
1.283141807157e-03 1.025492969375e-03 1.000000000000e-04
2.642540527802e-04 1.415320403349e-03 5.449409244447e-05
1.470396072012e-04 -4.207622942296e-05 6.996557932455e-05
1.470396072012e-04 1.457923770577e-03 6.996557932455e-05
-9.471344742305e-06 9.658668705592e-04 4.033529386487e-05
1.490528655258e-03 9.658668705592e-04 4.033529386487e-05
-4.420217169993e-05 1.083222494458e-03 8.205172895736e-05
1.455797828300e-03 1.083222494458e-03 8.205172895736e-05
8.123287031921e-04 1.207408325336e-03 4.295395537755e-05
6.030105121872e-04 1.266152514459e-03 8.891173807324e-05
1.170233488034e-03 1.108476447495e-03 4.008537201638e-05
4.879694862430e-04 1.265207432328e-03 2.613329133342e-05
1.194946969329e-03 1.208117499702e-03 5.498283178672e-05
4.713169474011e-04 1.361986225673e-03 7.206783707017e-05
7.442429386119e-05 1.120772853106e-03 4.237615325582e-05
9.144226795380e-04 1.314549769974e-03 8.823373709833e-05
7.448908673663e-04 1.246240000561e-03 3.480970366023e-05
7.432106458328e-04 1.392767571812e-03 1.000000000000e-04
3.586891744560e-04 1.358280085916e-03 4.062098628431e-05
1.126134204538e-03 1.299515159174e-03 4.787842980890e-05
1.350738484559e-03 1.166113683215e-03 5.177066939091e-05
1.061213963994e-03 -6.761881842492e-05 1.000000000000e-04
1.061213963994e-03 1.432381181575e-03 1.000000000000e-04
8.900803422593e-04 -3.757768054584e-05 6.162946102459e-05
8.900803422593e-04 1.462422319454e-03 6.162946102459e-05
5.558684999385e-04 -4.115791925810e-05 5.650155208224e-05
5.558684999385e-04 1.458842080742e-03 5.650155208224e-05
3.680556068794e-04 -4.667437480723e-05 5.488508003320e-05
3.680556068794e-04 1.453325625193e-03 5.488508003320e-05
4.678442636105e-04 -1.345921374496e-05 3.577786749927e-05
4.678442636105e-04 1.486540786255e-03 3.577786749927e-05
1.287725634100e-03 1.235051189780e-03 4.162641509429e-05
