# 2D packing, generated 2026-09-28T18:43:59.311833+00:00
# generator = preprocess/generate_packing_gravity.py
# periodic axes = xy
# porosity_achieved = 0.299909  (target 0.300000)
# 315 distinct grains; 348 rows including 33 periodic edge images.
# Centres span [-R, L+R]: a grain need only be PARTLY inside.
# Do NOT drop the out-of-box rows -- they carry the conduction
# paths that cross the domain edge, and k_eff depends on them.
# header row is 'Lx Ly'; grain rows are 'x y r', all in metres
2.000000000000e-03 2.000000000000e-03
1.319246552171e-03 4.496956782326e-05 8.514370305753e-05
1.319246552171e-03 2.044969567823e-03 8.514370305753e-05
1.204477597541e-03 2.308960562057e-05 2.646339595931e-05
1.204477597541e-03 2.023089605621e-03 2.646339595931e-05
1.040444999279e-03 3.954980791955e-05 3.568842134575e-05
3.701258397471e-04 5.818213178012e-05 6.332752478747e-05
3.701258397471e-04 2.058182131780e-03 6.332752478747e-05
1.136059634182e-03 7.833149724355e-05 5.877217382149e-05
1.456498796476e-03 7.039380681471e-05 5.444353281526e-05
1.021220477352e-03 1.503808561398e-04 7.679762687037e-05
2.245700382719e-04 1.322721051203e-04 1.000000000000e-04
1.218218132111e-03 8.545410412925e-05 2.369462625416e-05
9.015009943801e-04 1.454981601776e-04 4.302142014889e-05
1.239263403856e-03 2.119451199172e-04 1.000000000000e-04
1.421083581937e-03 2.044869279887e-04 7.224917290041e-05
1.112643238355e-03 2.009432892839e-04 2.709727181878e-05
9.341075016067e-04 2.136338518570e-04 3.085745070375e-05
8.130877999544e-05 1.272687286668e-04 4.334875718933e-05
1.543835656524e-03 5.847950346812e-05 3.370238752092e-05
3.705870064559e-04 1.616114927385e-04 4.010299316655e-05
3.299244226176e-04 2.411800182250e-04 4.925370819648e-05
1.668790327554e-03 8.843105673519e-05 8.387920168904e-05
9.985182368579e-04 3.045059959951e-04 7.899063073732e-05
2.423851647632e-04 2.762068426714e-04 4.503314348525e-05
1.350874523217e-03 3.052424228481e-04 4.433072789335e-05
1.260254500615e-03 3.710778040872e-04 6.051128622141e-05
4.763723215235e-04 1.531119797537e-04 6.602327313544e-05
6.300941853578e-04 3.135273419069e-05 6.437083529304e-05
6.300941853578e-04 2.031352734191e-03 6.437083529304e-05
1.542478296517e-03 1.437200250373e-04 5.154919794249e-05
1.131819986713e-03 3.675062388686e-04 6.797293095910e-05
1.447446306995e-03 3.335710773774e-04 5.629364139952e-05
1.539504425088e-03 3.334461503167e-04 3.576457088002e-05
1.634691013926e-03 2.209581776375e-04 5.296456266738e-05
1.372155510004e-03 4.297143718312e-04 6.582205855587e-05
1.016342150131e-03 4.659175867092e-04 8.340218181927e-05
1.138085862795e-03 4.771836288529e-04 3.858934559361e-05
4.497596973493e-04 2.953056000979e-04 7.800086671678e-05
3.180034712385e-04 3.400262720876e-04 5.030886501359e-05
1.493814831552e-03 4.422809516676e-04 5.647385921616e-05
1.432020933233e-03 4.981601868657e-04 2.511046371801e-05
2.090333940695e-04 3.829605495533e-04 6.680922408314e-05
1.102995112428e-03 5.324993575492e-04 2.587675352486e-05
1.184120044350e-03 5.717727226594e-04 6.425462015140e-05
2.979117172586e-04 4.108426746995e-04 2.330259709576e-05
1.115605063772e-04 3.878334509446e-04 3.078541513187e-05
-7.855167235866e-06 1.015732811433e-04 4.944393955494e-05
1.992144832764e-03 1.015732811433e-04 4.944393955494e-05
5.729962920777e-04 1.534056756658e-04 3.060116852707e-05
1.284173517578e-03 4.482426677377e-04 2.027571147298e-05
1.389736949920e-04 4.356952238428e-04 2.087949815491e-05
1.476608737548e-03 5.254281659356e-04 2.715453651879e-05
7.429732104918e-04 2.977639853273e-05 4.227488316800e-05
7.429732104918e-04 2.029776398533e-03 4.227488316800e-05
1.829050802363e-03 3.455733483993e-05 6.438670566140e-05
1.829050802363e-03 2.034557334840e-03 6.438670566140e-05
6.978704225840e-04 1.766994430830e-04 9.600149436011e-05
1.595961998467e-03 5.562365370959e-04 9.611100358380e-05
5.786720043600e-04 2.142277013671e-04 2.799982065445e-05
1.895351418444e-03 1.307841287504e-04 5.166119653464e-05
-3.311215316152e-05 1.907186470686e-04 4.083783163617e-05
1.966887846838e-03 1.907186470686e-04 4.083783163617e-05
2.754188972701e-04 5.035485973618e-04 7.084441113020e-05
1.718960770656e-03 5.558680266973e-04 2.688846549663e-05
1.547010783486e-04 5.052841030761e-04 4.963810087018e-05
1.777682693282e-03 1.103883383812e-04 2.720491976819e-05
7.208051058533e-05 2.544332121561e-04 8.214607914262e-05
2.072080510585e-03 2.544332121561e-04 8.214607914262e-05
1.964998180992e-04 6.068490351091e-04 5.915252676305e-05
1.289232278770e-03 5.714600603662e-04 4.085809970705e-05
6.008144627010e-04 3.024581500267e-04 6.285413733414e-05
1.447055722971e-03 6.103528378800e-04 6.218429022419e-05
1.785186628937e-03 5.558699257468e-04 3.933752055593e-05
1.532771248940e-03 7.177693474640e-04 7.524008142522e-05
1.107892086321e-03 5.714613374365e-04 1.124858551119e-05
1.881134246179e-03 2.390333467489e-04 5.751766379371e-05
8.992605974166e-04 3.017590599355e-04 2.030502544574e-05
1.099081604125e-03 6.137029521250e-04 3.004888973743e-05
1.255783179959e-03 6.411982495361e-04 3.552271148568e-05
9.088726038230e-04 4.636977561115e-04 2.409032475390e-05
1.964978979546e-03 2.568142464319e-04 2.498191568201e-05
1.182479750614e-03 6.928264397642e-04 5.374827260072e-05
7.336966045453e-04 3.473024532720e-04 7.719653137752e-05
1.349027904522e-03 6.214744357185e-04 3.647240305334e-05
6.409339173265e-04 3.760279458390e-04 1.991201646077e-05
-2.322208709387e-05 3.095406446830e-04 2.794213205239e-05
1.976777912906e-03 3.095406446830e-04 2.794213205239e-05
1.676119925096e-03 7.177693474640e-04 6.810859473138e-05
1.374837398708e-03 7.429466619929e-04 8.468802184576e-05
1.477255025985e-03 8.357409342674e-04 5.351526083620e-05
3.996602195182e-04 4.340360039908e-04 6.946520897132e-05
2.695420477902e-06 4.189336588998e-04 8.243487338106e-05
2.002695420478e-03 4.189336588998e-04 8.243487338106e-05
1.270712311368e-03 7.015700397656e-04 2.666759360047e-05
3.118160950387e-04 6.321093296470e-04 5.884925740483e-05
1.256359920651e-03 7.625823921695e-04 3.540558625405e-05
5.453019643328e-04 4.299867466518e-04 7.623281544088e-05
8.436815750117e-04 3.473024532720e-04 3.278843908895e-05
1.847875652792e-03 5.558699160802e-04 2.335159828632e-05
1.743568905589e-03 6.049814362421e-04 2.485442597588e-05
9.907815465446e-04 6.254939217895e-04 7.820834699249e-05
6.572774385424e-04 4.233713580030e-04 3.017300486367e-05
1.898024086061e-03 4.257522668285e-04 2.245832729369e-05
4.395282202941e-04 6.321093297541e-04 6.886286785052e-05
1.918178962780e-03 5.558699161610e-04 4.695176229464e-05
6.396775260200e-04 4.787427921707e-04 2.792822268430e-05
1.844221632117e-03 7.192910961779e-04 1.000000000000e-04
8.731845117918e-04 4.638499044449e-04 1.159810944942e-05
2.379043426223e-04 6.833315911490e-04 2.781825211371e-05
3.713388544459e-04 7.130514157392e-04 3.697385025048e-05
-1.669907151223e-05 7.192910961779e-04 3.907929637030e-05
1.983300928488e-03 7.192910961779e-04 3.907929637030e-05
1.283972088532e-03 8.638685428063e-04 6.656873288923e-05
8.145836113399e-04 4.433539016171e-04 4.837650950857e-05
1.957456560404e-03 7.950685731545e-04 3.625114678744e-05
1.186635407679e-03 8.638685428063e-04 3.076794796312e-05
1.104274068426e-03 8.770439922851e-04 5.264058081315e-05
2.956107475254e-04 7.330886083612e-04 4.136027555640e-05
8.716322559542e-04 5.149889537873e-04 3.929446269461e-05
7.432857159256e-04 4.475638042583e-04 2.304556810586e-05
1.664956276598e-04 7.906387024313e-04 1.000000000000e-04
8.055752363648e-04 5.183290334180e-04 2.684694835263e-05
1.403932880415e-03 9.281684649672e-04 6.446348920933e-05
1.085923566871e-03 6.719083643915e-04 2.765149217317e-05
3.202369049200e-05 7.737736955244e-04 3.401147711630e-05
2.032023690492e-03 7.737736955244e-04 3.401147711630e-05
8.580963538442e-04 6.236228106398e-04 5.449005185303e-05
8.537188458014e-06 8.225744185299e-04 2.014686798076e-05
2.008537188458e-03 8.225744185299e-04 2.014686798076e-05
3.040527070022e-04 8.171891185704e-04 4.009594810117e-05
1.198280724692e-03 9.505129249314e-04 5.529290500597e-05
1.577625439744e-03 8.357409342674e-04 4.685515292276e-05
1.101251224166e-03 9.757226893825e-04 4.495806105414e-05
4.506567140089e-04 7.538529746725e-04 5.222306705635e-05
1.723196167068e-03 8.608250849359e-04 8.249391713935e-05
1.046967012619e-03 7.242605747843e-04 3.542114823711e-05
2.693568637148e-04 8.895598461114e-04 4.016190974609e-05
1.622796154852e-03 8.956940333751e-04 2.378875321749e-05
1.299586434965e-03 1.000604659464e-03 5.772049598021e-05
1.864487884823e-03 8.809739414687e-04 6.022723029750e-05
2.088024003914e-04 9.084699390391e-04 2.327652216176e-05
1.404325087421e-03 1.055613014046e-03 6.058446219562e-05
1.303286063217e-03 1.116881913507e-03 5.757967133508e-05
1.434145387544e-04 9.395985034097e-04 4.914281206079e-05
5.978895319051e-04 5.366857629214e-04 4.272151334155e-05
4.900977446186e-05 8.685162548061e-04 4.095332158392e-05
1.194986255054e-03 1.116891013719e-03 5.072013510065e-05
1.648335896934e-03 9.684503008206e-04 4.860622450360e-05
1.802680615534e-03 9.538583325959e-04 3.533569665071e-05
7.416025011113e-04 6.368012442850e-04 6.274684741455e-05
9.389369371448e-04 7.848613826069e-04 8.844433820920e-05
5.463813178956e-04 6.022271730549e-04 4.063778459650e-05
1.748652518959e-03 9.599999730127e-04 1.904035475588e-05
3.617641246539e-04 8.171891185704e-04 1.761546955055e-05
4.244405593374e-04 8.525700132431e-04 4.991576233725e-05
6.007248576688e-04 7.538529746725e-04 9.784507660361e-05
1.014756743658e-03 8.816664320664e-04 3.451800458264e-05
9.552976407197e-04 9.000142107419e-04 2.770760031203e-05
-3.030077095621e-05 8.723565249417e-04 3.845014363787e-05
1.969699229044e-03 8.723565249417e-04 3.845014363787e-05
1.239739735870e-03 1.220488871490e-03 6.213105089112e-05
1.506106698818e-03 1.055614650355e-03 4.119714921537e-05
7.579709118358e-04 7.629943345425e-04 5.966646586668e-05
1.717439424941e-03 9.901467148060e-04 2.382327199365e-05
9.975291666018e-04 9.757226893825e-04 5.876399651025e-05
1.364720856850e-03 1.220463231245e-03 6.285007271945e-05
1.691609123605e-03 1.062316955429e-03 5.283015649244e-05
1.873417933176e-03 9.823815031345e-04 4.093578796051e-05
1.804783839991e-03 1.052698132375e-03 5.732441301161e-05
5.310190229512e-04 9.060473315835e-04 6.932681597750e-05
8.493206103211e-04 9.784257564884e-04 8.946920734966e-05
1.908722401217e-03 1.066732436431e-03 4.755735947594e-05
7.795239104440e-06 9.376747241384e-04 3.716581452466e-05
2.007795239104e-03 9.376747241384e-04 3.716581452466e-05
1.590362856647e-03 1.098655533102e-03 5.341583995436e-05
1.753365266859e-03 1.202114078088e-03 1.000000000000e-04
7.051724850622e-04 8.644614452938e-04 5.428493569267e-05
6.006159044216e-05 1.035893591018e-03 7.409386951758e-05
2.060061590442e-03 1.035893591018e-03 7.409386951758e-05
9.505911476716e-04 1.058404103118e-03 3.631173014210e-05
1.526475907257e-03 1.239316608991e-03 1.000000000000e-04
1.064493347002e-03 1.061347575988e-03 4.822328224970e-05
1.121711686911e-03 1.225400299113e-03 5.599914195682e-05
2.132973794305e-04 9.560016418251e-04 2.263931921735e-05
1.301401136032e-03 1.344025416989e-03 7.590729075054e-05
9.842222749104e-04 1.178521252134e-03 8.842472085360e-05
1.652891040478e-03 1.307242585677e-03 4.303908635131e-05
1.131728219066e-03 1.371563118281e-03 9.050366839760e-05
8.676089617813e-04 1.110282901634e-03 4.365017713297e-05
3.514863341095e-04 9.174198320997e-04 4.656426119774e-05
8.627922981614e-04 1.187274992976e-03 3.332037034927e-05
2.828623448763e-04 9.718508513462e-04 4.102562266154e-05
1.726464331846e-03 1.340845272815e-03 3.784459423732e-05
6.365276614483e-04 9.269658264963e-04 3.823552049279e-05
1.590880075831e-03 1.367363949809e-03 4.333184719494e-05
1.856396442930e-03 1.373994333268e-03 9.617530808366e-05
1.891680667536e-04 1.033166478446e-03 5.501260679387e-05
1.006145798901e-03 1.371563118281e-03 3.507875176773e-05
1.559561076925e-04 1.184579404051e-03 1.000000000000e-04
1.412722847954e-03 1.295049947905e-03 2.578362748738e-05
7.492158395620e-04 1.187274991131e-03 8.025608744248e-05
3.878022761241e-04 1.053647958781e-03 9.202758457141e-05
2.642561856201e-04 1.083172068586e-03 3.499725370297e-05
1.246773484010e-03 1.453222157908e-03 4.619147497850e-05
1.721418790171e-03 1.428883116662e-03 4.835416124231e-05
1.027606238485e-03 1.429086257448e-03 2.631719277875e-05
1.790408398908e-03 1.539660795854e-03 8.214992529081e-05
1.172960625252e-03 1.497899993260e-03 4.008973438887e-05
1.063106611670e-03 1.477953900048e-03 3.408415645781e-05
3.220832948876e-04 1.205250302951e-03 6.740826857319e-05
8.564697168286e-04 1.286913009729e-03 6.613765880902e-05
1.340855294144e-03 1.462313188877e-03 4.832854323008e-05
1.521176054044e-03 1.377931337468e-03 2.603651570811e-05
-6.005382845670e-05 1.541821473903e-03 6.740349103882e-05
1.939946171543e-03 1.541821473903e-03 6.740349103882e-05
1.441242111366e-03 1.379915150916e-03 5.392204048153e-05
9.871611942291e-04 1.486782592440e-03 4.237270876406e-05
1.437057246894e-03 1.491168949253e-03 5.210785764014e-05
1.875268661968e-03 1.633930582120e-03 4.248287780172e-05
1.546762981101e-03 1.448421142895e-03 4.895350699743e-05
2.514248707913e-04 1.252902991383e-03 1.739845532858e-05
6.285442525360e-04 1.200171279871e-03 4.110266246762e-05
5.345075248435e-04 1.200171279840e-03 5.293406522740e-05
6.717695541725e-05 1.541818182393e-03 5.982731131982e-05
1.507824793767e-03 1.505530780543e-03 1.912426060978e-05
1.107640188713e-03 1.523378604252e-03 2.952907515543e-05
4.587553305360e-04 1.156581482414e-03 3.299099891896e-05
1.155503850609e-03 1.589622863018e-03 5.219749304334e-05
1.783922827277e-03 1.682756962479e-03 6.109378974165e-05
9.468834341495e-04 1.286915939974e-03 2.427605878141e-05
1.568858439613e-03 1.546299557562e-03 5.138787701024e-05
1.888193491871e-03 1.733296527183e-03 5.477959057897e-05
7.102383439673e-04 1.365767984920e-03 1.000000000000e-04
8.627636040818e-04 1.465561252687e-03 8.226319556943e-05
7.328245447923e-04 1.516045881005e-03 5.196572879145e-05
1.661086023767e-03 1.685352507617e-03 5.936127498387e-05
5.627766255435e-04 1.365778463307e-03 4.746171928796e-05
1.361424986962e-03 1.567885073018e-03 5.562144379578e-05
4.369708514514e-04 1.249592207589e-03 5.573942795492e-05
1.513577305611e-03 1.666686768254e-03 8.108507975667e-05
1.723045931681e-03 1.793283940176e-03 6.509043860133e-05
8.011189734675e-04 1.556102110399e-03 2.720895744330e-05
1.622702361280e-03 1.796122121671e-03 2.933319851268e-05
4.391213823263e-04 1.385799663820e-03 7.780386955547e-05
1.048358555485e-05 1.606905518794e-03 2.633595671602e-05
2.010483585555e-03 1.606905518794e-03 2.633595671602e-05
1.519316632284e-03 1.809522635511e-03 6.186604771656e-05
-4.040100156963e-05 1.656184060026e-03 4.449917462981e-05
1.959598998430e-03 1.656184060026e-03 4.449917462981e-05
3.918242292348e-05 1.664142120411e-03 3.542691148898e-05
1.851259115780e-03 1.864605716185e-03 8.162515653552e-05
6.571083852265e-04 1.517753064998e-03 2.376967994910e-05
2.013992285116e-05 1.783853812170e-03 8.578987505973e-05
2.020139922851e-03 1.783853812170e-03 8.578987505973e-05
1.046824839979e-03 1.545616235864e-03 3.522444908372e-05
7.618697766825e-04 1.583919615021e-03 2.085375547016e-05
2.225352475300e-04 1.330976666260e-03 6.082580714443e-05
1.284644346870e-03 1.514064047723e-03 2.547398260084e-05
3.004705700951e-04 1.437343265584e-03 7.011769986463e-05
9.818897362400e-04 1.563469624117e-03 3.212026986050e-05
8.365314325874e-04 1.678952584129e-03 1.000000000000e-04
1.954630895140e-03 1.869266165598e-03 2.185170267360e-05
1.648203931441e-03 1.828812763793e-03 1.212772481329e-05
1.026466490407e-03 1.611759926633e-03 3.359913617152e-05
1.664313224169e-03 1.867139724785e-03 2.927277186668e-05
1.728957013988e-03 1.912606906532e-03 4.975951433605e-05
2.131380473842e-04 1.564232365666e-03 8.392065019836e-05
9.765833711868e-04 1.689025211350e-03 4.034150307004e-05
5.334364950225e-04 1.429872225738e-03 2.302829850433e-05
5.696373896149e-04 1.522191318589e-03 6.381384919238e-05
9.415696514111e-04 1.758438596259e-03 3.145660599660e-05
1.579216466035e-03 -5.555544194552e-05 8.569567011422e-05
1.579216466035e-03 1.944444558054e-03 8.569567011422e-05
3.454061164476e-04 1.576417050028e-03 4.890731847027e-05
1.249380010810e-03 1.589622863018e-03 4.167866715769e-05
1.217963337339e-04 1.595729816505e-03 1.269921357144e-05
1.309227167520e-03 1.658309621431e-03 4.878742225634e-05
6.654843853285e-04 1.590241840544e-03 4.814538116519e-05
1.426637983926e-03 -6.288578390723e-05 6.705940278287e-05
1.426637983926e-03 1.937114216093e-03 6.705940278287e-05
-3.125448038532e-05 -3.572100430316e-05 7.244574968763e-05
-3.125448038532e-05 1.964278995697e-03 7.244574968763e-05
1.968745519615e-03 -3.572100430316e-05 7.244574968763e-05
1.968745519615e-03 1.964278995697e-03 7.244574968763e-05
1.308394405047e-03 1.904514558657e-03 5.559596842970e-05
8.859270495248e-04 1.803445848204e-03 3.393470181644e-05
5.941425453555e-04 1.607991451613e-03 2.537133002223e-05
1.207012962931e-03 1.680525477758e-03 5.228443849872e-05
6.263589178273e-04 1.693131358004e-03 6.193211431129e-05
1.715126288128e-03 -1.218833581988e-05 2.670649529270e-05
1.715126288128e-03 1.987811664180e-03 2.670649529270e-05
7.133553707654e-04 1.699221197406e-03 2.481042334157e-05
1.227308475090e-03 1.966975987631e-03 3.009263279700e-05
4.686681285245e-04 1.519650338855e-03 3.718738924902e-05
2.987823160546e-04 1.648227875066e-03 3.599611641318e-05
4.492775713448e-04 1.613287831390e-03 5.843679132082e-05
2.263724588001e-04 1.701583025405e-03 5.394808607226e-05
6.947212473066e-04 1.747214488813e-03 2.523664804011e-05
6.975549521843e-05 1.963116968934e-03 2.857094417441e-05
1.969886542317e-04 1.852700876608e-03 1.000000000000e-04
4.791154227139e-04 1.768533509453e-03 9.965037220441e-05
6.239320800013e-04 1.811981353061e-03 4.998077232107e-05
3.321065467912e-04 1.852697976312e-03 3.258796705314e-05
1.105294919152e-03 1.680525477758e-03 4.943360528089e-05
7.500558076462e-04 1.807173450294e-03 5.436477943926e-05
4.052910002433e-04 1.897802543906e-03 4.903882417741e-05
8.420385311014e-04 1.901416780099e-03 7.341757102587e-05
5.188136899535e-04 1.920239167003e-03 5.716354641224e-05
9.513422397551e-04 1.824450337438e-03 3.477000872639e-05
5.984043930290e-04 1.939112181573e-03 2.463436127767e-05
6.735255873441e-04 1.921876653912e-03 5.243880899246e-05
1.155268924337e-03 1.759494439918e-03 4.212712072351e-05
1.024843695457e-03 1.824325454267e-03 3.873156130324e-05
1.093786148652e-03 1.824325698750e-03 3.021089632385e-05
7.512663601612e-04 1.955644757718e-03 3.231921636354e-05
1.164035067129e-03 -2.203033518088e-05 3.412874425342e-05
1.164035067129e-03 1.977969664819e-03 3.412874425342e-05
1.078711856715e-03 -4.069267623503e-05 5.321158891557e-05
1.078711856715e-03 1.959307323765e-03 5.321158891557e-05
4.410581047386e-04 -1.901359616435e-05 4.150865282988e-05
4.410581047386e-04 1.980986403836e-03 4.150865282988e-05
3.181780346945e-04 1.925156901812e-03 4.119752959921e-05
1.315641135033e-04 1.965287015161e-03 3.021524196655e-05
2.613401200974e-04 -2.853643575369e-05 3.211587710303e-05
2.613401200974e-04 1.971463564246e-03 3.211587710303e-05
3.696719653122e-04 1.968649681421e-03 2.620608724335e-05
1.744140625000e-03 3.769531250000e-04 2.396032231475e-05
6.054687500000e-05 1.373046875000e-03 4.572931775294e-05
5.996093750000e-04 1.060546875000e-03 5.205247585989e-05
1.955078125000e-03 1.205078125000e-03 4.085647327399e-05
4.882812500000e-05 5.957031250000e-04 3.086225554980e-05
1.373046875000e-03 1.775390625000e-03 3.124730950566e-05
1.642578125000e-03 3.886718750000e-04 3.311646900985e-05
9.277343750000e-04 2.539062500000e-05 4.986523843087e-05
9.277343750000e-04 2.025390625000e-03 4.986523843087e-05
1.751953125000e-03 2.753906250000e-04 3.314490484328e-05
1.185546875000e-03 1.869140625000e-03 4.409690952885e-05
1.806640625000e-03 4.472656250000e-04 2.790602495933e-05
1.275390625000e-03 1.783203125000e-03 5.873027910475e-05
1.837890625000e-03 3.574218750000e-04 3.160486995451e-05
1.533203125000e-03 9.511718750000e-04 5.136612431446e-05
8.417968750000e-04 2.441406250000e-04 3.222931311357e-05
7.011718750000e-04 1.009765625000e-03 2.567320185199e-05
1.503906250000e-04 1.431640625000e-03 6.176323555016e-05
1.712890625000e-03 4.550781250000e-04 1.652880666302e-05
9.746093750000e-04 1.916015625000e-03 1.328218628605e-05
2.148437500000e-05 1.275390625000e-03 5.771435397223e-05
2.021484375000e-03 1.275390625000e-03 5.771435397223e-05
