# 2D packing, generated 2026-09-30T17:09:55.176624+00:00
# generator = preprocess/generate_packing_gravity.py
# periodic axes = xy
# porosity_achieved = 0.324862  (target 0.325000)
# 157 distinct grains; 176 rows including 19 periodic edge images.
# Centres span [-R, L+R]: a grain need only be PARTLY inside.
# Do NOT drop the out-of-box rows -- they carry the conduction
# paths that cross the domain edge, and k_eff depends on them.
# header row is 'Lx Ly'; grain rows are 'x y r', all in metres
1.500000000000e-03 1.500000000000e-03
2.969983905743e-04 5.462498863468e-05 1.000000000000e-04
2.969983905743e-04 1.554624988635e-03 1.000000000000e-04
4.431638305095e-04 6.348867786834e-05 3.551944540905e-05
4.167979408658e-04 1.481434883817e-04 5.197913397266e-05
1.305761060046e-03 8.538537866717e-06 2.487961009079e-05
1.305761060046e-03 1.508538537867e-03 2.487961009079e-05
9.527899370997e-04 3.601847016200e-05 7.240831624605e-05
9.527899370997e-04 1.536018470162e-03 7.240831624605e-05
8.159943176215e-04 6.416074261815e-05 6.359915197138e-05
1.070452148899e-03 4.564173209538e-05 4.564681160868e-05
1.070452148899e-03 1.545641732095e-03 4.564681160868e-05
5.570514230757e-04 1.374301613289e-04 8.866081917819e-05
3.063653365238e-04 2.291019774412e-04 7.472936581261e-05
6.663572161089e-04 1.820370994663e-04 2.929112032545e-05
4.605074910831e-04 2.223856749144e-04 3.417443052646e-05
4.183525985332e-04 3.111723692907e-04 6.411154858000e-05
7.606338740966e-04 1.802368549584e-04 6.500272423305e-05
6.301060422186e-04 2.282451282902e-04 2.607085904254e-05
1.137662697039e-03 7.031362578574e-05 2.594902618668e-05
1.334031526746e-03 6.072440912564e-05 3.434698564742e-05
6.703888918360e-04 2.408603483382e-04 1.610873833800e-05
9.238153632778e-04 2.059745570456e-04 1.000000000000e-04
5.299046182849e-04 2.762428164429e-04 5.278147376781e-05
1.090916930390e-03 2.775306153767e-04 8.177793298770e-05
7.838297784937e-04 3.319409775425e-04 8.831765761545e-05
6.486323242758e-04 2.823329318650e-04 3.072420463921e-05
9.760306323413e-04 3.423619336313e-04 4.604093160270e-05
9.011820105978e-04 3.738544092557e-04 3.277441695302e-05
2.704874658546e-04 3.701599085766e-04 7.082059968393e-05
1.679939134267e-04 3.728529227209e-04 3.170858785874e-05
6.838610597252e-04 3.303977855418e-04 1.166298979801e-05
3.965986086668e-04 4.545833618538e-04 8.094040984332e-05
1.236631240092e-03 1.133192345229e-04 6.413124696101e-05
2.656439955187e-04 4.822877442151e-04 4.141226502876e-05
1.272674638010e-03 2.748203208534e-04 1.000000000000e-04
2.515833571534e-05 4.242158916400e-05 3.685104048862e-05
1.525158335715e-03 4.242158916400e-05 3.685104048862e-05
6.695581606180e-04 3.821026642124e-04 3.647896801622e-05
7.317811815076e-05 3.714837457228e-04 6.311724120916e-05
9.512546667824e-04 4.171459321195e-04 3.274038277599e-05
1.048629960338e-03 3.966115825399e-04 4.458846431228e-05
3.148605111363e-04 5.941870604921e-04 8.083255411263e-05
1.169308217397e-03 3.711094970353e-04 3.877537733253e-05
7.263147850601e-04 4.880429065982e-04 7.804286186158e-05
6.281547002686e-04 5.322226598446e-04 2.960137364500e-05
1.999914404332e-04 6.219167006886e-04 3.086695407896e-05
6.004043086489e-04 3.167720154501e-04 2.853788330173e-05
8.593822181925e-04 4.175841466699e-04 2.388709912476e-05
1.668645242867e-04 4.636623672436e-04 5.910791456595e-05
8.806098670853e-05 4.579039966301e-04 1.990575109013e-05
1.461046407884e-03 4.368288216635e-05 2.727330234716e-05
5.129081273367e-04 4.725765355380e-04 3.675300976811e-05
1.005159448345e-03 4.850702015143e-04 5.397427605028e-05
8.572674820618e-04 4.948385081760e-04 5.274969650805e-05
1.409798623986e-03 1.034477521589e-04 5.145520710068e-05
5.792209810887e-04 4.935191122851e-04 3.278852540433e-05
-6.815374666455e-06 1.033201588085e-04 3.193089572632e-05
1.493184625334e-03 1.033201588085e-04 3.193089572632e-05
1.753340145723e-05 4.715818138232e-04 5.140773415284e-05
1.517533401457e-03 4.715818138232e-04 5.140773415284e-05
9.038395588593e-05 5.249445106246e-04 3.889612490617e-05
1.153564436162e-03 5.069250009885e-04 9.603076803046e-05
1.036717468786e-03 5.666159900673e-04 3.346498617821e-05
6.660264742726e-04 5.749897533403e-04 2.752396095081e-05
5.561213864854e-04 6.399616574601e-04 1.000000000000e-04
4.142278740370e-04 7.005409538593e-04 5.428428616363e-05
9.594971746524e-04 5.712056603107e-04 4.351603630459e-05
1.089235596689e-03 6.631394120966e-04 7.291047193305e-05
2.362708269655e-04 7.333972827437e-04 7.903007222626e-05
3.480239886251e-04 7.566595138520e-04 3.150378224360e-05
9.795538293140e-04 6.631672567679e-04 3.677132007420e-05
8.078218990466e-04 5.802886327001e-04 4.505344713616e-05
4.357721817326e-04 8.495673377089e-04 9.629142678627e-05
7.149332595153e-04 6.822087276294e-04 6.223996353563e-05
6.408354408657e-04 7.445641279287e-04 3.460376122701e-05
1.331836235296e-03 1.405890893184e-04 3.490228464078e-05
1.200871297851e-03 6.630691709447e-04 3.872526182036e-05
6.024539275667e-04 8.415997173087e-04 6.974709822376e-05
1.171345969964e-03 7.222652814052e-04 2.723097146740e-05
1.288265335972e-03 5.069062067747e-04 3.867013352021e-05
8.817349703973e-04 6.567056269129e-04 6.126075427931e-05
3.152885963388e-04 7.949592947732e-04 1.883335679209e-05
1.479740511380e-04 5.425083039549e-04 2.064561886131e-05
1.434764310034e-03 5.088864163574e-04 3.937971724532e-05
3.144236205742e-04 8.506145389974e-04 2.457246520119e-05
1.264748064357e-03 7.605943954852e-04 7.372977479079e-05
5.523738590481e-04 9.726779830635e-04 7.057262933446e-05
1.381178135750e-03 7.655845765831e-04 4.280718687904e-05
4.290916010167e-04 1.001290961445e-03 5.557936925645e-05
4.997609000979e-04 1.088718149597e-03 5.683833112781e-05
8.073556019640e-04 7.402288142631e-04 4.688485801741e-05
2.282793516705e-04 8.734490143141e-04 6.125018275761e-05
3.036769581372e-04 9.824044930057e-04 7.124968245544e-05
2.361127631719e-05 5.587029422807e-04 3.592514924956e-05
1.523611276317e-03 5.587029422807e-04 3.592514924956e-05
8.941980288017e-04 7.682087170798e-04 4.435376441031e-05
5.829760408677e-04 1.109689074100e-03 2.897881901219e-05
1.344840693516e-03 8.328740096011e-04 3.366668979540e-05
1.286286246120e-03 8.585520270556e-04 2.656773794114e-05
7.017143939586e-04 7.792215320537e-04 3.498992616184e-05
8.275405185551e-04 8.457337268273e-04 5.788786544870e-05
8.080502208692e-05 5.913655692741e-04 2.821216447733e-05
9.400139514553e-05 6.887642066847e-04 7.007646043109e-05
1.128698522492e-04 8.206642281490e-04 6.315928687440e-05
6.359501176120e-04 1.111313802876e-03 2.402035586554e-05
1.162493006556e-03 7.803723196035e-04 3.041042078586e-05
1.337535298229e-03 9.246376779656e-04 5.706107844164e-05
-9.575154023836e-06 8.647141527625e-04 6.696824833492e-05
1.490424845976e-03 8.647141527625e-04 6.696824833492e-05
5.533130526123e-04 1.169320547283e-03 3.762306353343e-05
1.429114480517e-03 9.469233065248e-04 3.558566858251e-05
1.001980601690e-03 7.681404488344e-04 6.342884458103e-05
1.216984637228e-03 9.246706689686e-04 6.345237850575e-05
1.231815893098e-04 9.957435605657e-04 1.000000000000e-04
3.647203282769e-04 1.059216602594e-03 2.686454948068e-05
1.096702378708e-03 8.145442213544e-04 4.204876710008e-05
1.098108624882e-03 9.241628600360e-04 5.484015714502e-05
1.285726211193e-03 1.028076239203e-03 5.862694603953e-05
1.387187329827e-03 9.920211554365e-04 2.599112852040e-05
2.476878611001e-04 1.105303347706e-03 6.380211167051e-05
4.397397704915e-04 1.218479538264e-03 8.613280021326e-05
1.256602752365e-04 1.152562714284e-03 5.683914763796e-05
2.187463416608e-04 1.230110433157e-03 6.431694505631e-05
5.692975860063e-04 1.258926144210e-03 4.959189141200e-05
6.974346940502e-04 1.111214280245e-03 3.746439871282e-05
9.404713924609e-04 8.773355096854e-04 5.938125207894e-05
8.614295925781e-04 9.345404783535e-04 3.716532213731e-05
6.376942928494e-04 1.284110362916e-03 2.329407768061e-05
7.962723238540e-04 9.345404632246e-04 2.799194081349e-05
1.438064286025e-03 1.012344493479e-03 2.879378254513e-05
1.386443255589e-03 1.078136517829e-03 5.384508630358e-05
-1.795916283996e-05 1.095483495933e-03 4.331365114068e-05
1.482040837160e-03 1.095483495933e-03 4.331365114068e-05
1.001310530134e-03 9.739389227903e-04 5.400619240337e-05
6.044628566927e-04 -9.383631178696e-05 1.000000000000e-04
6.044628566927e-04 1.406163688213e-03 1.000000000000e-04
3.200126830202e-04 1.291285247842e-03 5.399356281347e-05
1.150249868389e-03 9.999129559855e-04 3.712064247490e-05
4.664615339552e-04 1.398531172803e-03 3.821259231535e-05
1.175868646703e-03 1.116924094842e-03 8.266222450400e-05
8.035256530019e-04 1.386827839593e-03 1.000000000000e-04
1.309145357162e-03 1.163700092757e-03 5.773526929427e-05
1.427629590276e-03 1.154306946248e-03 3.272071574474e-05
2.263199916482e-04 1.351656431141e-03 5.746508781399e-05
9.149220315692e-04 9.826873942341e-04 3.282415096323e-05
1.215688432003e-03 1.277158276757e-03 8.244569083091e-05
1.048886840163e-03 1.117923412448e-03 4.432352219206e-05
1.509105049049e-05 1.195079828581e-03 6.162328839461e-05
1.515091050490e-03 1.195079828581e-03 6.162328839461e-05
9.961726084308e-04 1.376022772482e-03 9.294991832181e-05
4.163379806676e-04 1.328347637084e-03 2.620022206112e-05
1.396083079834e-03 1.304437387876e-03 1.000000000000e-04
1.280948429531e-03 1.382129275265e-03 3.889598888924e-05
1.364775608743e-04 1.233167155950e-03 1.800869956831e-05
6.501210694359e-05 -8.849777642894e-05 1.000000000000e-04
6.501210694359e-05 1.411502223571e-03 1.000000000000e-04
1.565012106944e-03 -8.849777642894e-05 1.000000000000e-04
1.565012106944e-03 1.411502223571e-03 1.000000000000e-04
1.452746137531e-03 -1.642809508745e-05 3.340805556916e-05
1.452746137531e-03 1.483571904913e-03 3.340805556916e-05
3.762154796543e-04 1.327152257471e-03 1.133754845647e-05
9.081285801347e-04 1.451644566168e-03 2.305691008761e-05
1.119773755116e-03 1.373562997093e-03 3.067581838187e-05
1.327891473733e-03 1.425586375264e-03 2.099285587083e-05
3.628561790907e-04 1.402813787564e-03 6.548162387716e-05
2.023681257048e-04 1.448436900610e-03 4.223558521909e-05
4.462281458133e-04 -1.820513674235e-05 4.623181986512e-05
4.462281458133e-04 1.481794863258e-03 4.623181986512e-05
1.189265292467e-03 -3.078307246868e-05 8.755600526821e-05
1.189265292467e-03 1.469216927531e-03 8.755600526821e-05
8.686523437500e-04 1.155761718750e-03 6.483468915200e-05
1.157226562500e-04 1.918945312500e-04 9.025704656260e-05
1.366699218750e-03 6.254882812500e-04 2.947706175939e-05
-3.955078125000e-05 2.739257812500e-04 5.816081358136e-05
1.460449218750e-03 2.739257812500e-04 5.816081358136e-05
7.045898437500e-04 9.946289062500e-04 5.494988651744e-05
