# 2D packing, generated 2026-10-01T15:39:39.338185+00:00
# generator = preprocess/generate_packing_gravity.py
# periodic axes = xy
# porosity_achieved = 0.374846  (target 0.375000)
# 268 distinct grains; 298 rows including 30 periodic edge images.
# Centres span [-R, L+R]: a grain need only be PARTLY inside.
# Do NOT drop the out-of-box rows -- they carry the conduction
# paths that cross the domain edge, and k_eff depends on them.
# header row is 'Lx Ly'; grain rows are 'x y r', all in metres
2.000000000000e-03 2.000000000000e-03
2.591068770929e-04 1.993360527142e-05 5.580123029942e-05
2.591068770929e-04 2.019933605271e-03 5.580123029942e-05
1.529762438032e-03 2.216541154382e-05 5.099254828493e-05
1.529762438032e-03 2.022165411544e-03 5.099254828493e-05
2.986692579178e-05 6.994300303806e-05 7.427159059050e-05
2.986692579178e-05 2.069943003038e-03 7.427159059050e-05
2.029866925792e-03 6.994300303806e-05 7.427159059050e-05
2.029866925792e-03 2.069943003038e-03 7.427159059050e-05
9.523497904497e-04 2.707900612157e-05 5.383502655979e-05
9.523497904497e-04 2.027079006122e-03 5.383502655979e-05
1.862059512451e-03 1.169663598116e-04 1.000000000000e-04
3.481843624404e-04 3.489131968793e-05 3.450325729504e-05
1.039739300740e-03 5.329520974796e-05 2.586957536608e-05
1.733980866560e-03 1.494772365871e-04 3.214059917995e-05
1.302200346868e-03 6.208183211892e-05 4.844490097446e-05
1.629110672442e-03 1.083275310967e-04 8.051407476047e-05
1.372904462250e-03 6.313525092261e-05 2.076143091851e-05
1.208244850421e-03 9.540365412485e-05 5.124497142194e-05
1.769760285496e-03 1.939881292504e-04 2.021442541013e-05
8.634928095273e-04 8.728301050705e-05 5.349670441712e-05
-2.018703036836e-05 1.557724692871e-04 2.397808207054e-05
1.979812969632e-03 1.557724692871e-04 2.397808207054e-05
6.955391238135e-04 9.168980005512e-05 1.000000000000e-04
6.955391238135e-04 2.091689800055e-03 1.000000000000e-04
1.840252567795e-04 5.843172406144e-05 2.844993153964e-05
1.000805434106e-03 9.879483537440e-05 3.271654403134e-05
4.801937839624e-04 1.350312710501e-05 4.912375118174e-05
4.801937839624e-04 2.013503127105e-03 4.912375118174e-05
1.095370075789e-03 1.272354008083e-04 6.603288117357e-05
8.130905915758e-04 1.630929730709e-04 3.753924161038e-05
1.183518498427e-03 1.809147145109e-04 3.485174166997e-05
5.422615548476e-04 9.499312125265e-05 5.331172767609e-05
5.907615086819e-04 1.593360315874e-04 2.471807157357e-05
5.525953998711e-04 1.868554314446e-04 2.233565263009e-05
2.505861296987e-04 1.631240228170e-04 8.764355306537e-05
1.808807030327e-03 2.646783967886e-04 5.701807927664e-05
4.086288210496e-04 3.620431851635e-05 2.595546037647e-05
9.415535390860e-04 1.382513047105e-04 3.847090970189e-05
1.115197029886e-03 2.578903446821e-04 6.611813461798e-05
1.486634553631e-03 1.773648128417e-04 7.780712609885e-05
1.370228379114e-03 1.774029298671e-04 3.859907291866e-05
8.882700342845e-04 2.106426849322e-04 5.141630793957e-05
1.234685243643e-03 2.946106408268e-04 5.888518578325e-05
1.589791727733e-03 2.196287000218e-04 3.367221175762e-05
9.664737053703e-04 3.367520973721e-04 9.697385037402e-05
1.079186648467e-03 3.315356343045e-04 1.585992364196e-05
1.388424993325e-03 2.789758307107e-04 6.350785276692e-05
7.624095402615e-04 2.105437852407e-04 3.188805503486e-05
1.473859437136e-03 3.195017185910e-04 3.065665077781e-05
1.123312660805e-03 3.607488509103e-04 3.706006704942e-05
1.073884443679e-03 4.283561986767e-04 4.419427553233e-05
1.543153117498e-03 3.195017185910e-04 3.863702958469e-05
1.314555342149e-03 3.377454391027e-04 3.088809069250e-05
1.388190066353e-03 4.194943443373e-04 7.701086351785e-05
9.866953713464e-04 4.934552371272e-04 6.102894818126e-05
6.278284548350e-04 2.140063003600e-04 3.956722555349e-05
7.026924965570e-04 2.211084693582e-04 2.875630391160e-05
1.696853539365e-03 1.988852395726e-04 2.966230383981e-05
8.694114303981e-04 5.395153069447e-04 6.497526781150e-05
7.785354849632e-05 2.374770679219e-04 1.000000000000e-04
2.077853548496e-03 2.374770679219e-04 1.000000000000e-04
9.477513895430e-04 5.867861550621e-04 2.620646787434e-05
2.066838845251e-04 2.775536829977e-04 3.491995914756e-05
3.722747369294e-04 1.954467517248e-04 3.826493074401e-05
1.647914634502e-03 2.220990181202e-04 2.450320371102e-05
1.017454270233e-03 5.961078149594e-04 4.411696292754e-05
1.518038167417e-03 4.207556379519e-04 5.284336596244e-05
9.456230185393e-04 6.854038937310e-04 7.048460077859e-05
1.243975185920e-03 4.869033622718e-04 8.218055744798e-05
1.149653517544e-03 6.346763757198e-04 9.312900063541e-05
1.740963073229e-03 2.227640364165e-04 2.049593989449e-05
1.053032559750e-03 7.518900888054e-04 5.583730420430e-05
1.745254450647e-04 3.781168910307e-04 7.066096427202e-05
4.783746413532e-04 2.841030417696e-04 1.000000000000e-04
9.390698971441e-04 8.581810898991e-04 1.000000000000e-04
3.925975089657e-05 3.975277434338e-04 6.463824751521e-05
2.039259750897e-03 3.975277434338e-04 6.463824751521e-05
1.604611712898e-03 4.318248071937e-04 3.443495576467e-05
1.662025216327e-03 4.648730638509e-04 3.181078147849e-05
3.653260374162e-04 3.562866325643e-04 3.412863293313e-05
1.924613797672e-03 2.666175511322e-04 5.246820947035e-05
1.571379278013e-03 5.258618421759e-04 6.502346068308e-05
4.251251566938e-04 4.552227496729e-04 7.921404585117e-05
7.831452043619e-04 9.121207015605e-04 6.499088315852e-05
6.177941388325e-04 2.904334883825e-04 3.751586316679e-05
1.421684857132e-03 5.953191824392e-04 1.000000000000e-04
2.709350034605e-04 4.934190857310e-04 7.963748927079e-05
1.266074599308e-03 6.931267447376e-04 3.713339684127e-05
8.662647298091e-04 9.947727336564e-04 5.222777542516e-05
1.220197203991e-03 7.167525884700e-04 1.447005161990e-05
5.906056907219e-04 3.572296195768e-04 3.395265202180e-05
1.242394513118e-03 7.612865428066e-04 3.502271554542e-05
1.339011914376e-03 7.051211617146e-04 3.678356987120e-05
1.173075407537e-03 7.612865428066e-04 3.429639003595e-05
5.563166850384e-04 4.531766501908e-04 5.199371054529e-05
1.620951706930e-04 5.017524219132e-04 2.824745479817e-05
7.007725541877e-04 2.961080636459e-04 4.544035164986e-05
1.945720386097e-03 3.523895301903e-04 3.586253527058e-05
1.056962411337e-03 9.272067642016e-04 3.661328125659e-05
1.397500592726e-03 7.483610669744e-04 3.595304334406e-05
1.193575692594e-03 9.272067642016e-04 1.000000000000e-04
6.681689549386e-04 4.531959472841e-04 5.985870460799e-05
7.029291923145e-04 9.528675169158e-04 2.498084323582e-05
1.309316669997e-03 9.550816219077e-04 1.905033197048e-05
1.005662826178e-03 9.592815399137e-04 2.106163385003e-05
3.799249481113e-04 6.099433759088e-04 7.991432156656e-05
1.689448136003e-04 6.117218259042e-04 7.656025392583e-05
9.761230847943e-04 1.046743650374e-03 6.930343186154e-05
6.236889259049e-04 9.805193404329e-04 5.894557194131e-05
1.130149625566e-04 4.606642122803e-04 3.228440352867e-05
1.086886319686e-03 1.077081517084e-03 4.553941885234e-05
5.092086300007e-04 5.188148701213e-04 2.620910446052e-05
5.450503427134e-04 1.024048892536e-03 3.093684387332e-05
1.426196686382e-03 9.777099959561e-04 1.000000000000e-04
2.720988265116e-04 7.275131952203e-04 7.851526865298e-05
1.023225344827e-03 1.174339709395e-03 6.670898366694e-05
4.918393083790e-04 6.285063946240e-04 3.352918054202e-05
1.945571622381e-03 4.330839047686e-04 3.557013424885e-05
1.160474595767e-03 1.091883942744e-03 2.952286316800e-05
5.693449644494e-05 4.929892844179e-04 3.244578993437e-05
5.971705918378e-04 1.095671281011e-03 5.764242514426e-05
1.860410603382e-03 3.571747372473e-04 4.889935461351e-05
1.691558515562e-03 5.540798427144e-04 5.842412415195e-05
9.125491870281e-04 1.174339709503e-03 4.396717413179e-05
1.556421319470e-03 6.279074362591e-04 3.811258446735e-05
1.291832218370e-03 1.024000717437e-03 3.792539374814e-05
-8.663084846604e-06 5.302172368630e-04 4.297979338429e-05
1.991336915153e-03 5.302172368630e-04 4.297979338429e-05
4.712458435283e-04 1.170743081257e-03 8.896186343211e-05
1.840167919212e-03 4.877377220746e-04 8.316061851550e-05
4.179997840827e-05 6.090402665286e-04 5.061296990488e-05
2.041799978408e-03 6.090402665286e-04 5.061296990488e-05
1.628190269361e-03 6.380930397258e-04 3.437553652601e-05
1.337267086225e-03 1.080514160670e-03 3.458733949977e-05
8.302586347710e-05 6.883236789886e-04 3.854839052564e-05
7.693820794340e-04 1.189496441691e-03 1.000000000000e-04
1.135642448377e-03 1.253994184785e-03 7.106779456525e-05
1.052564768146e-03 1.292352094482e-03 2.043756150135e-05
1.465227499068e-05 7.343235614636e-04 4.385895348613e-05
2.014652274991e-03 7.343235614636e-04 4.385895348613e-05
1.155487772548e-04 8.001833214999e-04 7.630800250605e-05
9.216336125952e-04 1.319186343572e-03 1.000000000000e-04
1.082697891017e-03 1.401136343028e-03 8.071387382938e-05
1.235911193069e-03 1.035664446932e-03 1.642750338158e-05
2.189169268806e-04 8.223852676722e-04 2.941758933860e-05
1.685620491932e-03 6.701197765894e-04 3.138115392160e-05
1.934343486952e-03 5.289505015666e-04 1.402789831167e-05
1.587613208337e-03 7.121669425978e-04 5.008416373418e-05
1.918531523045e-03 6.186983027491e-04 6.887787509125e-05
1.252274039932e-03 1.097523472342e-03 4.556379698993e-05
1.942396420230e-03 7.149218722644e-04 3.026096012440e-05
1.187351207488e-03 1.411197420753e-03 2.442195228802e-05
-4.492090728604e-05 8.732175059004e-04 1.000000000000e-04
1.955079092714e-03 8.732175059004e-04 1.000000000000e-04
1.179138972965e-03 1.488846076863e-03 4.964670187004e-05
1.216193350457e-04 9.706748742420e-04 9.296007607792e-05
-9.270079489295e-06 1.017248601828e-03 4.596850607340e-05
1.990729920511e-03 1.017248601828e-03 4.596850607340e-05
2.173944446807e-04 1.026447762198e-03 1.787081607995e-05
1.329574108225e-03 1.488201076028e-03 1.000000000000e-04
6.596233003336e-04 1.229748217456e-03 1.690677928095e-05
1.448477686937e-03 1.530744849978e-03 2.628566959938e-05
1.425620649881e-03 1.593313428025e-03 4.032720163212e-05
1.220817016214e-03 1.556146524628e-03 2.823712732411e-05
1.897354652922e-03 1.070585318895e-03 6.156635332016e-05
9.829051572313e-04 1.421334487942e-03 1.911526174366e-05
3.080995353722e-04 1.089764219896e-03 9.274738898971e-05
3.663673351053e-04 1.228960161041e-03 3.099116865811e-05
6.723376496162e-04 1.282931247398e-03 3.471334112179e-05
7.477324277928e-04 1.387113905060e-03 8.669701573757e-05
1.523600941444e-03 7.547893473177e-04 2.681993041496e-05
1.832772125319e-04 1.077466343967e-03 3.035298836467e-05
-2.348144761243e-06 1.110273279004e-03 4.629774158706e-05
1.997651855239e-03 1.110273279004e-03 4.629774158706e-05
1.111183899039e-03 1.622668895006e-03 1.000000000000e-04
1.041083370101e-04 1.137560961790e-03 6.360039371551e-05
6.161039175260e-04 1.387113905167e-03 4.493149452922e-05
5.388449531589e-04 1.387104659669e-03 3.232363801087e-05
1.774032958654e-03 5.756025054251e-04 2.681237125900e-05
1.296007401059e-03 1.685790344174e-03 9.530519889321e-05
9.230510992832e-04 1.690534663414e-03 1.000000000000e-04
7.765893470286e-04 1.785654339321e-03 7.463985659837e-05
5.668206475583e-04 1.225059690463e-03 2.096919314865e-05
1.772486022695e-03 1.086504080563e-03 6.431288161421e-05
1.848020767281e-03 1.166234441255e-03 4.551620403944e-05
2.132601663363e-04 1.248032362412e-03 9.169948458636e-05
5.647047133995e-04 1.449483251984e-03 3.520277317534e-05
8.877696306600e-04 1.832026110891e-03 4.582343495544e-05
3.244015039619e-04 1.234310846235e-03 1.131439617204e-05
6.529595261838e-04 1.456316979488e-03 3.065275371124e-05
7.016808851739e-04 1.498473424598e-03 3.377500960661e-05
1.502997909460e-03 1.530513890144e-03 2.823515358093e-05
1.005637601734e-04 1.283446362106e-03 2.643023790711e-05
1.301031397344e-04 1.309894623204e-03 1.194428215170e-05
1.684822575808e-03 7.617367966696e-04 5.903426530900e-05
-4.918540240595e-05 1.218512274310e-03 6.980744218935e-05
1.950814597594e-03 1.218512274310e-03 6.980744218935e-05
1.630652503477e-03 1.542701655722e-03 1.000000000000e-04
1.785239249102e-03 1.188982978110e-03 2.125965202981e-05
4.122446585278e-04 1.279613059016e-03 3.486790636760e-05
1.810302556926e-03 1.265015336861e-03 5.879713391810e-05
4.303065649521e-04 1.464299636927e-03 1.000000000000e-04
9.799480060841e-04 1.842903360213e-03 4.655778136628e-05
1.419411149585e-03 1.662240285460e-03 2.887880538902e-05
6.088905504836e-04 1.480161453009e-03 1.858742601683e-05
5.527777832667e-04 1.514978676351e-03 3.136976457266e-05
1.734654641847e-03 1.275104376123e-03 1.752059514231e-05
8.361504853813e-04 1.857447812562e-03 1.073762861020e-05
1.072839401028e-03 1.851100531314e-03 4.313693560198e-05
1.755023460927e-03 1.607991141285e-03 3.982679392361e-05
1.024626680790e-03 1.894932083448e-03 2.202189713164e-05
5.148342147951e-05 1.218512274310e-03 3.086138169611e-05
1.510843042760e-03 1.605206842274e-03 3.443157401507e-05
1.159977383099e-03 1.856543353805e-03 4.417090756879e-05
1.695262340799e-03 1.698139503058e-03 6.833113273035e-05
1.558085367166e-03 1.676416191988e-03 5.102375781360e-05
6.312470181792e-04 1.563398976816e-03 6.082949343002e-05
1.480005956546e-04 1.349724790583e-03 2.913164349286e-05
2.604724462915e-05 1.327813600849e-03 6.029440082124e-05
2.026047244629e-03 1.327813600849e-03 6.029440082124e-05
3.255922403649e-04 1.531445917641e-03 2.439337919490e-05
3.645644782493e-04 1.598087696514e-03 4.906799405689e-05
6.601939529614e-04 1.804191077111e-03 4.289986089890e-05
9.225222726849e-04 1.924514568018e-03 5.297885805684e-05
8.164900835434e-04 -2.152727472150e-05 6.503150457776e-05
8.164900835434e-04 1.978472725279e-03 6.503150457776e-05
9.652036594772e-05 1.393409088733e-03 3.598243366696e-05
2.059847398813e-04 1.376254141405e-03 3.463329543737e-05
1.483549296386e-03 1.678872840111e-03 2.355278969947e-05
1.599254327039e-03 1.771199686163e-03 5.231455103508e-05
5.170325636913e-04 1.597183066825e-03 5.826997883163e-05
1.898973792740e-03 1.318235087227e-03 4.258521087985e-05
1.837245571835e-03 1.338779805126e-03 1.973389708744e-05
5.969723598271e-04 1.845099337410e-03 3.240261875631e-05
-1.533664839158e-06 1.487930003916e-03 1.000000000000e-04
1.998466335161e-03 1.487930003916e-03 1.000000000000e-04
2.588566752016e-04 1.388647306047e-03 1.967169580976e-05
1.811080249719e-03 1.737248460183e-03 5.391171987778e-05
1.177163860469e-03 1.743637398980e-03 3.629251634361e-05
4.350445002114e-04 1.649931515466e-03 3.842609179633e-05
5.121403711274e-04 1.719231557022e-03 6.387652937327e-05
1.741343188777e-03 1.785268111003e-03 3.015863227554e-05
1.419088070116e-03 1.726536310277e-03 3.434475795014e-05
5.519129258606e-04 1.859103799972e-03 1.478297398777e-05
1.650355837835e-04 1.484903292051e-03 6.659675239240e-05
3.848600383439e-04 1.761208915948e-03 7.014730851521e-05
1.273370512249e-03 1.869971992446e-03 7.001466692235e-05
1.047874475912e-03 -2.945863803123e-05 5.708071813226e-05
1.047874475912e-03 1.970541361969e-03 5.708071813226e-05
1.177126627007e-03 -2.464325689905e-05 7.226110293125e-05
1.177126627007e-03 1.975356743101e-03 7.226110293125e-05
5.650494801399e-04 1.920455055923e-03 4.795895241614e-05
1.054617253214e-04 1.561336101979e-03 2.822392004915e-05
7.054290588701e-04 1.844892398804e-03 1.795115834933e-05
6.796931867835e-04 1.925642922627e-03 6.680228583377e-05
2.003109939028e-04 1.647722517974e-03 1.000000000000e-04
1.681425055927e-03 1.882743037688e-03 8.425966678974e-05
1.506687153832e-03 1.879953609198e-03 9.050065344308e-05
4.831963969145e-04 1.837616537560e-03 5.438447624734e-05
1.372913500679e-03 -3.229606999754e-05 6.948575745623e-05
1.372913500679e-03 1.967703930002e-03 6.948575745623e-05
1.605860350474e-03 -2.221573223202e-05 3.670140147456e-05
1.605860350474e-03 1.977784267768e-03 3.670140147456e-05
6.293039486576e-05 1.670800776709e-03 3.930555047483e-05
9.285690177973e-05 1.737816323922e-03 3.367782089842e-05
1.619664059132e-04 1.808076264049e-03 6.487473789649e-05
1.823152736583e-03 1.888147897271e-03 5.757114245749e-05
1.903216938421e-03 1.874340069988e-03 2.367503692034e-05
1.267049908602e-05 1.737410268783e-03 4.413842676978e-05
2.012670499086e-03 1.737410268783e-03 4.413842676978e-05
2.753957425431e-04 1.807128862096e-03 4.855857121961e-05
2.768965470368e-05 1.859563600675e-03 7.893501283788e-05
2.027689654704e-03 1.859563600675e-03 7.893501283788e-05
2.315594146627e-04 1.872277344659e-03 2.980913770318e-05
2.858938833224e-04 1.875965669892e-03 2.107437857207e-05
1.923573901328e-03 -3.778379914314e-05 6.652820520539e-05
1.923573901328e-03 1.962216200857e-03 6.652820520539e-05
1.333187302271e-04 1.896549229231e-03 2.803461511611e-05
1.954006813548e-04 1.924392758928e-03 3.317522386272e-05
1.901898032585e-05 1.967196253562e-03 2.904676850861e-05
2.019018980326e-03 1.967196253562e-03 2.904676850861e-05
3.670010799577e-04 1.907476119494e-03 6.593881664905e-05
1.256069651981e-04 -1.921468668691e-05 5.655375616634e-05
1.256069651981e-04 1.980785313313e-03 5.655375616634e-05
2.648476917817e-04 1.928652647905e-03 3.566105359954e-05
3.057130487079e-04 1.963576949719e-03 1.645837399750e-05
1.521484375000e-03 1.259765625000e-03 3.936881666818e-05
6.894531250000e-04 6.933593750000e-04 2.692880441269e-05
4.863281250000e-04 8.183593750000e-04 7.788671392238e-05
1.345703125000e-03 1.251953125000e-03 3.664306242048e-05
1.650390625000e-03 9.433593750000e-04 5.135104640239e-05
1.591796875000e-03 1.119140625000e-03 4.111596145879e-05
1.634765625000e-03 1.341796875000e-03 4.730423224608e-05
3.261718750000e-04 8.964843750000e-04 5.562202347014e-05
1.501953125000e-03 1.396484375000e-03 4.790161645577e-05
1.802734375000e-03 1.451171875000e-03 9.608104590819e-05
6.582031250000e-04 8.105468750000e-04 1.253088664340e-05
6.152343750000e-04 5.996093750000e-04 3.911473346557e-05
