# 2D packing, generated 2026-09-28T19:12:53.706398+00:00
# generator = preprocess/generate_packing_gravity.py
# periodic axes = xy
# porosity_achieved = 0.274842  (target 0.275000)
# 346 distinct grains; 381 rows including 35 periodic edge images.
# Centres span [-R, L+R]: a grain need only be PARTLY inside.
# Do NOT drop the out-of-box rows -- they carry the conduction
# paths that cross the domain edge, and k_eff depends on them.
# header row is 'Lx Ly'; grain rows are 'x y r', all in metres
2.000000000000e-03 2.000000000000e-03
5.251948969187e-04 2.609731676626e-05 5.281250709736e-05
5.251948969187e-04 2.026097316766e-03 5.281250709736e-05
3.822702317690e-04 8.181972772674e-05 1.000000000000e-04
3.822702317690e-04 2.081819727727e-03 1.000000000000e-04
7.664955926250e-04 7.511685330169e-05 9.132634689619e-05
7.664955926250e-04 2.075116853302e-03 9.132634689619e-05
-4.885151571022e-05 2.713632542490e-05 6.445947043096e-05
-4.885151571022e-05 2.027136325425e-03 6.445947043096e-05
1.951148484290e-03 2.713632542490e-05 6.445947043096e-05
1.951148484290e-03 2.027136325425e-03 6.445947043096e-05
1.325429681830e-03 2.931111755791e-05 7.264964164270e-05
1.325429681830e-03 2.029311117558e-03 7.264964164270e-05
1.419302376128e-03 4.258649742189e-05 2.215710280081e-05
3.807423543613e-05 1.088015286890e-04 5.481039227645e-05
2.038074235436e-03 1.088015286890e-04 5.481039227645e-05
1.877233121245e-03 5.775603296012e-05 1.554709326472e-05
1.899505209493e-03 1.523140610199e-04 7.095291666366e-05
6.000778727538e-04 7.778652050543e-05 3.817779882264e-05
2.947009776276e-05 2.633726169280e-04 1.000000000000e-04
2.029470097763e-03 2.633726169280e-04 1.000000000000e-04
1.213458095680e-03 3.830228415031e-05 3.968235646385e-05
1.213458095680e-03 2.038302284150e-03 3.968235646385e-05
1.500813096334e-03 9.186991962037e-05 7.309442412519e-05
1.388421730815e-03 1.282640795435e-04 4.465205032192e-05
2.327758079194e-04 7.799269991489e-05 4.954352844415e-05
1.305713462599e-03 1.426324380235e-04 3.918584006892e-05
1.352045700746e-03 1.858052402278e-04 2.342291378223e-05
5.411083763569e-04 2.033527477124e-04 1.000000000000e-04
1.782345713610e-03 1.369847998116e-04 4.720522994192e-05
1.445601560526e-03 1.988124080723e-04 4.615873973377e-05
6.604095992634e-04 2.233037755733e-04 2.095798882735e-05
3.931115244989e-04 2.259839816533e-04 4.283943157248e-05
1.545510480486e-04 1.022062740800e-04 3.234313030890e-05
3.007749149442e-04 2.227088886326e-04 4.936870186806e-05
2.179111589718e-04 1.551993527318e-04 2.908117954140e-05
1.134902196125e-03 4.484176693292e-05 3.681143158669e-05
1.583445748783e-03 2.474222221064e-04 1.000000000000e-04
1.241393561568e-03 1.426324380235e-04 2.513406096213e-05
1.701640503690e-03 1.397224237413e-04 3.354642661072e-05
7.066588866171e-04 2.210971061407e-04 2.534393216521e-05
1.735233769419e-03 1.943154386077e-04 2.699947613724e-05
1.891963641389e-03 2.674329421528e-04 3.603767865963e-05
2.038365934600e-04 3.248474937485e-04 8.488605973630e-05
6.731855251032e-04 3.426363728396e-04 9.194909113377e-05
8.886243498187e-04 4.470288656419e-05 3.453247846449e-05
1.901931650344e-03 3.765364248131e-04 7.050544582038e-05
1.447376479810e-03 2.906881314324e-04 4.257321786203e-05
1.175539704146e-03 8.300947038035e-05 1.893962978030e-05
1.126210345540e-03 1.883298899319e-04 9.736074472347e-05
1.353878868227e-03 2.906881314324e-04 5.092439372023e-05
9.370202737813e-05 3.910083104076e-04 4.288673072356e-05
1.002198689235e-03 1.858233715176e-04 2.667624058646e-05
3.365039536885e-04 3.323056494484e-04 4.799080403019e-05
2.139540494439e-06 3.850469164162e-04 2.470604052750e-05
2.002139540494e-03 3.850469164162e-04 2.470604052750e-05
5.414165882914e-04 3.422729021953e-04 3.787881703091e-05
4.279488137944e-04 3.328931036833e-04 4.345595717281e-05
1.793635443640e-03 3.956712323360e-04 3.946823872854e-05
2.586375187279e-05 4.606247644172e-04 5.431657495891e-05
2.025863751873e-03 4.606247644172e-04 5.431657495891e-05
1.718086066670e-03 3.954139816980e-04 3.608158391263e-05
1.623898116740e-03 4.004025909313e-04 5.823838837779e-05
3.846627403486e-04 4.010283679715e-04 3.592631018565e-05
1.224836727068e-03 3.419595498900e-04 8.520222036981e-05
1.931598881167e-03 4.888648248399e-04 4.408752572666e-05
1.498926353717e-03 3.506656771537e-04 3.342690168163e-05
8.189880952210e-04 3.602143845483e-04 5.490946959515e-05
2.884564011518e-04 3.994667353353e-04 2.793479831536e-05
1.228683452542e-04 4.706069110233e-04 4.188716471132e-05
7.742471651717e-05 5.292010068167e-04 3.148105990301e-05
1.751379679328e-03 4.417400845284e-04 2.075266027632e-05
7.619314546393e-04 4.331901286503e-04 3.484151584876e-05
4.696409258047e-06 5.644816961915e-04 4.933680618446e-05
2.004696409258e-03 5.644816961915e-04 4.933680618446e-05
9.451801078400e-04 1.814507823477e-05 2.787988531142e-05
9.451801078400e-04 2.018145078235e-03 2.787988531142e-05
1.887807115785e-03 5.981071611503e-04 7.229287285116e-05
1.429998253957e-03 3.697498146462e-04 3.809433492363e-05
9.072065840016e-04 3.603681881022e-04 3.330929409701e-05
9.179417534529e-04 1.933120433927e-04 5.791283378132e-05
2.363761073975e-04 4.568831383796e-04 4.957532932180e-05
1.017382579953e-03 2.382782619293e-04 2.238199097942e-05
8.808056915283e-04 4.417762416559e-04 4.743192328433e-05
4.853626214207e-04 4.041855783852e-04 4.563900546788e-05
1.346892797513e-03 4.050820622813e-04 5.221006542550e-05
3.500658668509e-04 5.006976029659e-04 6.957677626823e-05
9.690170496819e-04 2.815686214357e-04 4.252779128795e-05
4.442007142201e-04 4.676881472545e-04 3.003713910484e-05
4.464664278182e-04 5.302799878758e-04 3.126066696576e-05
1.273939751718e-03 4.500386185783e-04 3.330210333044e-05
8.032905005529e-04 5.275144203310e-04 6.815200142965e-05
1.703488356330e-03 4.631288830852e-04 3.169788330768e-05
9.671371930544e-04 3.590650679149e-04 2.663556935785e-05
5.215061015503e-04 5.394462962045e-04 4.433681998302e-05
9.466345740024e-04 4.099030877342e-04 2.570726371891e-05
1.643920946125e-03 4.960151731222e-04 3.634463597900e-05
1.825252519425e-04 5.340424245290e-04 4.451755070804e-05
1.516613311876e-03 4.417136066124e-04 5.672521461549e-05
4.106115818994e-04 5.722869396469e-04 2.396753952715e-05
4.744141784967e-04 6.497379354719e-04 7.558773831603e-05
6.242575060903e-04 4.946575365746e-04 6.775198102757e-05
7.070610913219e-04 5.425479203483e-04 2.790326731767e-05
2.653733602867e-04 5.890187923738e-04 5.278929363728e-05
1.790527815357e-03 6.130881836474e-04 2.613320767059e-05
8.190920133016e-05 5.968149575476e-04 3.437254245413e-05
1.567752129303e-03 5.409753916148e-04 5.210370998086e-05
6.604316193588e-04 6.172069049730e-04 6.002488115191e-05
1.405556653597e-03 5.144317833974e-04 7.188187515502e-05
-2.116781981704e-05 6.362883452715e-04 2.641561295195e-05
1.978832180183e-03 6.362883452715e-04 2.641561295195e-05
3.410014090408e-04 6.718692970400e-04 5.938827973543e-05
4.060486426129e-04 7.704270756654e-04 5.869973140120e-05
1.640945164915e-04 6.374037865879e-04 5.728922204466e-05
1.651190024903e-03 5.679528816502e-04 3.558703862329e-05
1.943153531309e-03 6.886203981527e-04 3.380082057122e-05
1.042710507726e-03 4.179356354897e-04 6.916148976584e-05
5.761010011900e-04 5.612971406397e-04 1.446657235249e-05
1.754402082857e-03 4.875619700508e-04 2.477497112252e-05
1.250127322014e-03 5.803398843495e-04 9.694393717442e-05
5.765585152586e-05 7.340960188717e-04 8.651125494932e-05
2.057655851526e-03 7.340960188717e-04 8.651125494932e-05
7.509791248652e-04 6.095698498327e-04 2.915974219781e-05
1.119485221421e-03 5.803361022657e-04 3.369816350019e-05
1.724634602746e-03 6.130881836474e-04 3.976000493994e-05
1.922203043648e-03 7.761462313325e-04 5.531851459870e-05
2.427185440057e-04 7.023023781900e-04 4.349288752471e-05
-4.505583511854e-06 8.457095020234e-04 4.124481585445e-05
1.995494416488e-03 8.457095020234e-04 4.124481585445e-05
1.485104278287e-03 6.038769895594e-04 4.781887505384e-05
8.233311470855e-04 6.422127934736e-04 4.828408343816e-05
4.946609094880e-04 7.704179186167e-04 2.991253600983e-05
1.388784602797e-03 6.581938951003e-04 6.207041355702e-05
7.408594630457e-04 6.928227283254e-04 4.847822808340e-05
8.308224962037e-05 8.684448253160e-04 4.924564462628e-05
1.145106456973e-03 6.244738766871e-04 1.697353898900e-05
5.900766669926e-04 7.030067507079e-04 5.093203447856e-05
5.551758594813e-04 7.766720000500e-04 3.058260792762e-05
1.767730195529e-03 6.535141652221e-04 1.932882736888e-05
1.158518945329e-03 6.919805188119e-04 4.747117958820e-05
9.572518529240e-04 4.961229011562e-04 4.636348685864e-05
-4.010373661083e-06 9.896435770004e-04 1.000000000000e-04
1.995989626339e-03 9.896435770004e-04 1.000000000000e-04
2.920406491918e-04 7.905840909955e-04 5.707508445661e-05
1.504702833815e-03 7.198258847149e-04 6.921377599432e-05
1.010668488024e-03 6.110772865255e-04 7.937748321801e-05
6.467140456891e-04 8.060512720821e-04 6.554838552685e-05
1.082918694532e-03 6.906964354545e-04 2.813252308909e-05
1.842923867039e-03 9.894648979832e-04 5.301566040675e-05
2.079216434520e-04 9.011759918796e-04 7.981327028027e-05
1.234113104142e-03 7.067191737399e-04 2.954373891894e-05
1.603449365244e-03 6.278303846945e-04 4.099289318338e-05
7.281185466241e-04 7.643609067536e-04 2.418567025987e-05
3.641078001701e-04 8.799965599444e-04 5.776508209531e-05
3.120915444910e-04 9.618918669377e-04 3.925312321893e-05
8.188930514623e-04 7.258152946721e-04 3.543617194874e-05
1.763151576675e-03 9.896436342732e-04 2.675683647478e-05
4.752950063279e-04 8.210759491779e-04 2.431990103137e-05
1.885040173119e-03 1.064795941891e-03 3.328934332942e-05
9.193970073731e-04 7.201505388119e-04 6.284578332666e-05
1.675065301263e-03 7.169073875754e-04 7.330301546689e-05
1.174930748038e-04 9.896435770004e-04 2.150344846487e-05
2.485185535270e-04 1.007175466811e-03 3.369442898931e-05
1.109171980242e-03 7.250218784716e-04 1.191614576503e-05
1.131087741723e-03 7.705617327703e-04 3.576029354534e-05
7.514950127930e-04 8.294609868645e-04 4.181578826227e-05
1.591194765633e-03 8.685638032755e-04 1.000000000000e-04
5.634375919610e-04 8.270181352067e-04 2.032697237528e-05
1.937393353673e-03 1.135385610275e-03 5.459560754900e-05
1.176305113177e-04 1.045707456891e-03 3.393902913930e-05
7.052980494352e-04 9.259820480376e-04 6.519110251337e-05
1.460202469335e-03 8.685638032755e-04 3.099229629723e-05
1.401383045884e-03 8.739300284350e-04 2.807140615726e-05
2.034232490253e-04 1.084516422542e-03 5.582906683326e-05
3.590163174792e-04 1.093089343496e-03 1.000000000000e-04
1.032831642854e-03 7.665735293143e-04 5.971952320614e-05
1.338803587747e-03 8.787046365021e-04 3.468993116812e-05
1.784160133139e-03 1.155864249375e-03 1.000000000000e-04
7.539274341018e-05 1.108605646359e-03 4.182515287445e-05
1.683284638458e-03 9.905030514780e-04 5.280616783732e-05
5.419880667370e-04 9.508406461617e-04 1.000000000000e-04
4.925035806316e-04 1.074185392007e-03 3.290086791585e-05
9.414228764247e-04 8.453989081577e-04 6.098260158817e-05
1.554382815641e-03 1.057835849902e-03 9.262211575636e-05
1.384837360740e-04 1.137725581007e-03 2.766185273964e-05
3.667241660233e-05 1.219354177223e-03 7.543158846804e-05
2.036672416602e-03 1.219354177223e-03 7.543158846804e-05
6.630798059379e-04 1.033319003496e-03 4.651241835166e-05
5.694725508654e-04 1.098616387863e-03 4.785243503436e-05
8.369044111124e-04 9.182419265804e-04 6.641525916381e-05
4.830386285619e-04 1.139356333058e-03 3.235543885030e-05
1.667893317519e-03 1.155909561502e-03 1.626683198274e-05
2.458345722196e-04 1.176414048134e-03 4.053779305510e-05
1.666266633617e-03 1.198830577403e-03 2.547901843576e-05
1.231271759614e-03 8.071606876592e-04 7.089954397487e-05
3.100462159042e-04 1.227338889549e-03 4.141630786671e-05
4.466418253770e-04 1.219505812132e-03 5.381597323707e-05
5.652440833565e-04 1.217332516391e-03 6.480619953485e-05
1.690123835311e-03 1.263363380833e-03 4.282468315660e-05
1.036275877005e-03 8.652620619718e-04 3.592785501250e-05
7.725156280777e-04 9.941889798503e-04 3.057104254334e-05
4.984518111024e-04 1.295905234022e-03 3.728588999626e-05
1.129983710359e-03 8.472356814263e-04 3.802826538385e-05
1.387005013420e-03 9.731138785687e-04 7.131234439464e-05
1.267702011755e-03 9.175915695190e-04 4.538520540953e-05
1.239681831325e-03 1.060542703103e-03 1.000000000000e-04
1.687857814823e-04 1.203751991457e-03 4.121720250631e-05
1.092592584457e-03 9.257608125037e-04 4.672606415721e-05
1.614439862985e-03 1.167013660502e-03 3.198383620012e-05
1.761652791025e-03 1.292059409636e-03 3.424576456547e-05
1.416933107185e-03 1.092954143302e-03 4.924302050346e-05
2.292245984985e-04 1.290970668516e-03 6.144834658056e-05
1.349519820678e-03 1.146281911004e-03 3.671279376077e-05
1.103562844912e-04 1.337018318108e-03 6.339991414250e-05
1.287243800565e-03 1.195381043976e-03 4.259059544548e-05
-1.213327541137e-05 1.347485225843e-03 5.746622493231e-05
1.987866724589e-03 1.347485225843e-03 5.746622493231e-05
3.793686598742e-04 1.364217821722e-03 1.000000000000e-04
1.850555442876e-03 1.362099365422e-03 7.893231342815e-05
1.612014436321e-03 1.270968062027e-03 3.565404075271e-05
8.467306084710e-04 1.043976912474e-03 5.879730503954e-05
4.702625250437e-05 1.400295126975e-03 2.183539775467e-05
7.581131475121e-04 1.055089748492e-03 3.051422563343e-05
2.404582300738e-04 1.399081572596e-03 4.321882696798e-05
7.081600334454e-04 1.130006055694e-03 5.945952076874e-05
5.760999493540e-04 1.328512017193e-03 4.690213985790e-05
8.287584015017e-04 1.170282415147e-03 6.768666479590e-05
1.648270430706e-03 1.325055298954e-03 2.935398879054e-05
6.431895091568e-04 1.331036238929e-03 2.023496930229e-05
1.715129497796e-03 1.380980136353e-03 5.780345168051e-05
1.940544323265e-03 1.419141825374e-03 2.761270583497e-05
1.678633873374e-04 1.411491357118e-03 3.042923413912e-05
6.453812787926e-04 1.415559771473e-03 6.431707091455e-05
9.828134203372e-05 1.447834698964e-03 4.807250754197e-05
1.354053253225e-03 1.211009714933e-03 2.602251059585e-05
5.206013004912e-04 1.403881766320e-03 4.669670254257e-05
1.875989161056e-04 1.496257840575e-03 5.239619792086e-05
5.690931756492e-04 1.453929750793e-03 2.107709131791e-05
-8.668750086640e-07 1.477630670834e-03 5.517372332785e-05
1.999133124991e-03 1.477630670834e-03 5.517372332785e-05
1.627825195590e-03 1.393795185523e-03 3.043637305215e-05
9.238317308852e-04 1.187002168393e-03 2.864763088119e-05
1.423128268057e-03 1.211009714933e-03 4.305250423557e-05
7.353202436772e-04 1.229368269510e-03 4.269749318803e-05
2.997980435874e-04 1.504936412976e-03 6.013807164456e-05
9.591448821277e-05 1.545854374945e-03 4.997606993168e-05
1.896438506545e-03 1.480065977398e-03 4.693003358483e-05
5.999599140795e-04 1.491646832295e-03 2.411044549185e-05
1.494423201872e-03 1.331695970967e-03 9.669239152105e-05
1.324158420455e-03 1.259066051352e-03 3.057353605412e-05
1.229342302475e-03 1.295865489708e-03 7.113337075205e-05
1.110291416952e-03 1.295629110704e-03 4.787165608870e-05
9.947711792505e-04 9.475259878112e-04 5.348745874613e-05
7.105628876957e-06 1.576433354288e-03 4.395008814699e-05
2.007105628877e-03 1.576433354288e-03 4.395008814699e-05
3.836705514355e-04 1.499376155310e-03 2.353120242716e-05
9.016861202458e-04 1.285023563331e-03 6.826915840114e-05
4.993491235036e-04 1.533842527080e-03 8.499057932086e-05
1.573014795420e-03 1.497691270769e-03 8.696783374399e-05
3.814543835366e-04 1.555448117879e-03 3.258457195979e-05
1.359014106854e-03 1.331647394561e-03 3.871671375036e-05
1.461679607032e-03 1.509754599885e-03 2.501603770704e-05
7.797480906178e-04 1.319273215289e-03 5.747973707133e-05
3.264030157781e-04 1.604896818171e-03 4.140595630045e-05
4.095569706887e-04 1.627517020437e-03 4.476976128351e-05
1.773094732388e-03 1.490778995498e-03 6.632295974098e-05
1.678360502502e-03 1.497679947606e-03 1.837787405377e-05
1.922548233021e-03 1.584432736822e-03 4.098495972169e-05
1.953533918920e-04 1.658124641860e-03 1.000000000000e-04
1.690543670085e-03 1.595580627554e-03 6.598759319112e-05
5.015818661580e-04 1.679750206309e-03 6.093425692177e-05
1.136110525533e-03 1.428386496822e-03 8.737312462909e-05
3.457915581810e-04 1.709235301359e-03 5.888390266303e-05
1.020887077182e-03 1.428648969669e-03 2.776166376783e-05
8.710716610640e-04 1.442780831040e-03 9.243120684240e-05
4.762052381697e-05 1.658679933066e-03 4.773396199257e-05
2.047620523817e-03 1.658679933066e-03 4.773396199257e-05
1.580923333059e-03 1.642454227122e-03 5.317507650258e-05
1.029141410767e-03 1.501243158063e-03 4.182961454154e-05
1.965580426845e-03 1.646829610698e-03 3.256615664085e-05
4.395948708038e-04 1.760791807341e-03 4.109593604413e-05
1.891088137541e-03 1.662615445049e-03 4.329005449069e-05
1.300461282285e-03 1.366339005572e-03 2.898868339967e-05
6.306570668686e-04 1.558831251222e-03 4.867405968347e-05
3.858684100338e-04 1.777889233189e-03 1.456766289004e-05
1.269996247947e-03 1.440067715096e-03 4.702121159235e-05
1.656425602208e-03 1.705812491270e-03 4.538892570547e-05
1.466707633869e-03 1.586907723950e-03 5.181540792925e-05
5.959016406858e-04 1.684145767877e-03 3.348793338001e-05
1.237981474725e-03 1.548090065176e-03 6.564543893147e-05
1.122252801071e-03 1.566624848930e-03 5.155808165004e-05
1.348768309685e-03 1.400365384598e-03 3.009907646517e-05
7.314901976250e-04 1.503972454465e-03 5.909921695371e-05
5.786782619949e-04 1.789557134239e-03 7.302761864279e-05
4.046475066401e-04 1.814125800582e-03 2.266815876534e-05
6.052941103982e-05 1.805848774280e-03 1.000000000000e-04
2.060529411040e-03 1.805848774280e-03 1.000000000000e-04
1.351968745815e-03 1.614230573242e-03 6.613182836786e-05
3.372609833324e-04 1.812504915314e-03 4.473822216303e-05
4.682917755313e-04 1.877037017024e-03 6.682184339920e-05
1.861699078743e-03 1.832682907584e-03 9.264704301562e-05
9.532017082534e-04 1.572482231184e-03 6.108686984516e-05
1.178860679469e-03 1.611387418021e-03 2.031123311879e-05
1.752111961109e-03 1.706361064564e-03 5.029900574358e-05
1.490740024338e-03 1.680963687112e-03 4.488616846736e-05
-3.067225913954e-05 1.918922825001e-03 4.527055262659e-05
1.969327740860e-03 1.918922825001e-03 4.527055262659e-05
8.118858594010e-04 1.560034143088e-03 3.891302045699e-05
1.693587830216e-03 1.811510896138e-03 6.665206922316e-05
1.595390536429e-03 1.811891608982e-03 3.154596379786e-05
5.584901145548e-04 1.886109546495e-03 2.383166286252e-05
1.756320301286e-03 1.870077701914e-03 1.917004007323e-05
6.642541766186e-04 -7.308771209315e-05 8.872338668031e-05
6.642541766186e-04 1.926912287907e-03 8.872338668031e-05
1.258301359195e-03 1.643632623118e-03 3.203402787440e-05
8.608639532262e-04 1.634242792379e-03 5.000153053161e-05
1.611837758622e-03 1.900173677993e-03 5.394711462777e-05
3.753789724714e-04 1.878898994353e-03 2.544507434672e-05
9.381516087038e-04 1.669208779328e-03 3.148560019884e-05
1.751632454584e-04 1.782265641674e-03 1.594045031933e-05
2.523794197974e-04 -7.026008200335e-05 1.000000000000e-04
2.523794197974e-04 1.929739917997e-03 1.000000000000e-04
8.824100242049e-04 1.741115681968e-03 5.902171890809e-05
1.422945136895e-03 1.668806215920e-03 2.339858316299e-05
1.046339346917e-03 1.639343746970e-03 5.356514691287e-05
1.033449911843e-03 1.785877284560e-03 9.353420731683e-05
1.693146320301e-03 1.909303447458e-03 2.785383593976e-05
1.298557037047e-03 1.713373090039e-03 4.648277671837e-05
1.901330770454e-03 1.950203600527e-03 2.256575069767e-05
1.437501122689e-03 1.704709069027e-03 1.340811799386e-05
7.622303173594e-04 1.565408433892e-03 8.604877178699e-06
7.731075351937e-04 1.750508360977e-03 5.068359422817e-05
1.451177523635e-03 1.804540061721e-03 8.486864587648e-05
1.529789740857e-03 1.885707493410e-03 2.812707381355e-05
1.162202583073e-04 1.930098598761e-03 3.615987146412e-05
9.068340264799e-04 1.842327754887e-03 4.509567031901e-05
1.473638584992e-03 1.938453700102e-03 4.891253465793e-05
1.458930894867e-04 -7.869716815728e-06 2.341777884359e-05
1.458930894867e-04 1.992130283184e-03 2.341777884359e-05
1.165660688976e-03 1.788427641214e-03 3.870117204942e-05
1.664396752292e-03 1.955728998142e-03 2.253060380280e-05
1.615251109308e-03 -3.320302234370e-06 4.143966416013e-05
1.615251109308e-03 1.996679697766e-03 4.143966416013e-05
1.544888761056e-03 1.932998749938e-03 2.061597034095e-05
4.087861453431e-04 1.954755287039e-03 2.980166084437e-05
1.537710748881e-03 -1.553482412165e-05 2.996901000529e-05
1.537710748881e-03 1.984465175878e-03 2.996901000529e-05
1.772158447904e-03 -1.862474664299e-05 7.586912380927e-05
1.772158447904e-03 1.981375253357e-03 7.586912380927e-05
1.130460771889e-03 1.847976537133e-03 2.165010252435e-05
5.436180691623e-04 1.942386949059e-03 3.290124942004e-05
9.704984249279e-04 1.905963760601e-03 3.678571010804e-05
8.769153686759e-04 -5.294831636011e-05 6.381823389395e-05
8.769153686759e-04 1.947051683640e-03 6.381823389395e-05
1.037411674024e-03 1.909572860576e-03 3.022480211586e-05
1.212354569403e-03 1.884275253558e-03 6.791535487200e-05
1.007229036140e-03 -2.448012170177e-05 3.723574732276e-05
1.007229036140e-03 1.975519878298e-03 3.723574732276e-05
1.094923478283e-03 -3.322110979927e-05 5.089324949615e-05
1.094923478283e-03 1.966778890201e-03 5.089324949615e-05
1.176752447311e-03 -2.279928461025e-05 3.159671987334e-05
1.176752447311e-03 1.977200715390e-03 3.159671987334e-05
1.305373989196e-03 1.887273822379e-03 2.515238425856e-05
1.037109375000e-03 1.111328125000e-03 3.938966363496e-05
1.787109375000e-03 8.457031250000e-04 3.465798844477e-05
1.783203125000e-03 2.832031250000e-04 2.173696482920e-05
7.207031250000e-04 1.638671875000e-03 3.402021461889e-05
7.988281250000e-04 2.363281250000e-04 4.034826993101e-05
1.021484375000e-03 1.220703125000e-03 4.905306031751e-05
1.369140625000e-03 7.832031250000e-04 6.640625000000e-05
1.814453125000e-03 7.246093750000e-04 3.096090263642e-05
1.126953125000e-03 1.181640625000e-03 3.083219851335e-05
9.941406250000e-04 9.570312500000e-05 4.123121481386e-05
1.376953125000e-03 1.486328125000e-03 2.036494901312e-05
1.154296875000e-03 1.689453125000e-03 4.816359831297e-05
1.873046875000e-03 8.808593750000e-04 5.896123017540e-05
1.013671875000e-03 1.345703125000e-03 4.866012753943e-05
7.949218750000e-04 1.857421875000e-03 1.487417819203e-05
1.083984375000e-03 1.029296875000e-03 5.392439020925e-05
9.628906250000e-04 1.052734375000e-03 3.308401569424e-05
1.810546875000e-03 1.607421875000e-03 5.482683143601e-05
1.626953125000e-03 9.179687500000e-05 3.301387667567e-05
