# 2D packing, generated 2026-09-28T19:11:58.356690+00:00
# generator = preprocess/generate_packing_gravity.py
# periodic axes = xy
# porosity_achieved = 0.375070  (target 0.375000)
# 290 distinct grains; 318 rows including 28 periodic edge images.
# Centres span [-R, L+R]: a grain need only be PARTLY inside.
# Do NOT drop the out-of-box rows -- they carry the conduction
# paths that cross the domain edge, and k_eff depends on them.
# header row is 'Lx Ly'; grain rows are 'x y r', all in metres
2.000000000000e-03 2.000000000000e-03
3.415225522627e-04 3.554419777942e-05 5.628367888648e-05
3.415225522627e-04 2.035544197779e-03 5.628367888648e-05
1.730776979986e-03 8.181158949151e-05 1.000000000000e-04
1.730776979986e-03 2.081811589492e-03 1.000000000000e-04
8.436427842712e-04 4.872236835282e-05 6.692702857291e-05
8.436427842712e-04 2.048722368353e-03 6.692702857291e-05
9.470541472715e-04 1.012755710388e-04 4.907198276170e-05
1.236120499463e-03 4.582458567954e-05 7.026568458371e-05
1.236120499463e-03 2.045824585680e-03 7.026568458371e-05
1.860635933613e-03 8.819311185344e-05 3.001566666823e-05
1.115987312637e-03 3.325251028284e-05 5.052358991358e-05
1.115987312637e-03 2.033252510283e-03 5.052358991358e-05
1.845574589717e-03 2.233513518259e-04 8.224186450140e-05
1.724548669635e-03 2.754319938178e-04 4.274543191523e-05
8.853185195916e-04 1.196528069772e-04 1.534087047324e-05
1.787111992651e-03 3.151648452946e-04 2.660495745943e-05
8.833592986107e-04 1.797452852537e-04 4.478359822168e-05
1.038617886416e-03 1.370904494046e-04 4.924714083554e-05
1.364873047428e-03 5.580236616538e-05 4.989347435264e-05
7.077876448039e-04 2.081667149466e-05 7.176456036417e-05
7.077876448039e-04 2.020816671495e-03 7.176456036417e-05
1.737650506489e-03 3.585347586870e-04 3.917805864721e-05
5.556062252005e-04 6.817067999892e-05 8.294573682581e-05
5.556062252005e-04 2.068170679999e-03 8.294573682581e-05
1.309560406468e-03 1.026412620416e-04 2.258666587699e-05
1.654954330498e-03 2.738915416277e-04 2.686595388309e-05
1.666985515476e-03 3.571511593799e-04 3.150051003589e-05
6.727379874122e-04 1.463461758379e-04 5.730119679861e-05
9.516515679104e-04 2.444416097915e-04 4.928794952504e-05
1.111439947513e-03 1.869868838671e-04 3.902930277288e-05
5.386125472888e-04 2.503253987041e-04 1.000000000000e-04
1.343871022604e-03 1.371059255362e-04 2.604494104599e-05
1.544956893288e-03 2.112450955182e-05 5.168296194642e-05
1.544956893288e-03 2.021124509552e-03 5.168296194642e-05
7.810459168375e-04 2.104732312999e-04 6.204448798243e-05
1.599115287717e-03 8.451073247085e-05 3.168937060100e-05
7.033457543082e-04 3.299388989098e-04 8.046643717713e-05
1.698507772825e-03 4.432538517910e-04 5.414660737753e-05
8.712739379561e-04 2.965638577418e-04 4.602907117479e-05
1.037752230497e-03 2.733196193596e-04 4.152651309283e-05
1.159965267239e-03 1.123714005166e-04 3.086844959785e-05
1.263766390363e-03 1.579782109128e-04 4.524511950902e-05
8.318578174980e-05 3.622821153051e-05 5.390614841446e-05
8.318578174980e-05 2.036228211531e-03 5.390614841446e-05
1.796278500060e-03 3.560355793095e-04 1.528113074273e-05
-9.080520910417e-06 1.852180153121e-04 6.802232773845e-05
1.990919479090e-03 1.852180153121e-04 6.802232773845e-05
1.199777599832e-03 2.618954706823e-04 7.679326305585e-05
9.493238817927e-04 3.338238730474e-04 4.012463222968e-05
8.838224587318e-04 3.869271832457e-04 4.419855019177e-05
1.035048282236e-03 3.673854904807e-04 5.193543564459e-05
1.109489724742e-03 4.085765516677e-04 3.314236646606e-05
1.824551696704e-03 4.421055119030e-04 6.985350471947e-05
1.617448983760e-03 4.648159863947e-04 2.973103106575e-05
1.445574244681e-03 6.368918203774e-05 3.119219188306e-05
2.078125673059e-04 1.265347158543e-04 1.000000000000e-04
1.747897899983e-03 5.400358936147e-04 5.450953716566e-05
5.648335169385e-04 4.485990608773e-04 1.000000000000e-04
1.683771535329e-03 5.824653144040e-04 2.167655421555e-05
4.474144717630e-04 4.487422890040e-04 1.741914570920e-05
6.749791612667e-04 5.279046584102e-04 3.572562346986e-05
1.922127894222e-03 4.862369161671e-04 3.723849019676e-05
7.426031131926e-04 5.962537445741e-04 6.042321284360e-05
3.708406403548e-04 1.591628375996e-04 6.546348127631e-05
1.867835013875e-03 5.381849394714e-04 3.552308908624e-05
9.609510024153e-04 4.295147608805e-04 4.373215810820e-05
8.919997059828e-04 4.770027122768e-04 3.998992265632e-05
1.727738558473e-03 6.602535645912e-04 6.738671666257e-05
1.387015212900e-03 1.557928600291e-04 2.097233127529e-05
1.054587002560e-03 5.087414363129e-04 7.892413656573e-05
3.834961046289e-05 2.603170921252e-04 2.080048966494e-05
1.318280695587e-03 2.570951507262e-04 3.823082681238e-05
9.353514858990e-04 6.232262478742e-04 8.637522977181e-05
2.967426739393e-04 2.392662666929e-04 4.358610467045e-05
1.938323570808e-03 5.618173862536e-04 3.882157581551e-05
1.290374022161e-03 3.296208010029e-04 3.631932545825e-05
1.805747519884e-03 7.221707592685e-04 3.220815028957e-05
3.639515360978e-04 3.661517857349e-04 1.000000000000e-04
1.112044333069e-03 6.825167532829e-04 1.000000000000e-04
1.620489847905e-03 6.602713989478e-04 3.986199971342e-05
1.274695845097e-04 2.764228293705e-04 6.976311261555e-05
4.452032619097e-04 4.937876053899e-04 2.768041528915e-05
1.333597144966e-03 3.759329712687e-04 2.702944439652e-05
1.257938926239e-03 4.212603424509e-04 6.053608512324e-05
2.600803418680e-05 5.982480112211e-04 5.612975673768e-05
2.026008034187e-03 5.982480112211e-04 5.612975673768e-05
1.499003581396e-03 9.103301394856e-05 2.882763171943e-05
1.888122462856e-03 6.160891653682e-04 3.510796664086e-05
1.550916429529e-03 1.507363614958e-04 5.021889952159e-05
1.448588894418e-03 2.391812062560e-04 8.268545376595e-05
1.012651940855e-04 6.441824981305e-04 3.203836223766e-05
1.887328537178e-04 7.351405536261e-04 9.415180909550e-05
-4.854627416503e-05 6.806409367607e-04 5.498702450077e-05
1.951453725835e-03 6.806409367607e-04 5.498702450077e-05
6.158603926495e-04 5.770085431353e-04 3.817649527556e-05
3.960549649765e-04 4.938109864925e-04 2.146788735287e-05
5.417480958172e-04 5.854059916100e-04 3.538668838511e-05
6.468478663692e-04 6.671239057574e-04 5.711781289446e-05
1.536253001119e-03 3.066448712837e-04 2.793254854348e-05
8.164786526296e-04 5.938887259257e-04 1.349017833872e-05
1.008122889314e-03 7.953264349097e-04 5.338086823592e-05
1.482077217848e-03 3.842100921515e-04 6.615958791408e-05
1.650655514782e-03 7.440513782896e-04 4.647228011446e-05
7.260237751351e-04 6.777802394990e-04 2.277200974420e-05
8.128662655336e-04 7.600766928035e-04 9.687048659069e-05
1.752450923983e-03 7.546820391669e-04 3.022190179982e-05
1.372898538018e-03 4.510898306501e-04 5.778307292659e-05
1.710933093446e-03 8.419429450519e-04 6.641246296905e-05
1.840834776936e-03 6.479928795967e-04 2.193563266067e-05
1.127076555727e-03 8.701026433662e-04 8.712342388407e-05
5.368155240104e-04 7.384816912369e-04 7.402734184335e-05
1.863763542150e-03 7.393399813986e-04 2.829508506545e-05
1.614177193540e-03 8.478233063008e-04 3.050640622758e-05
3.358450976268e-05 7.215661560172e-04 3.677538196164e-05
2.033584509763e-03 7.215661560172e-04 3.677538196164e-05
1.622982330745e-03 9.626416565367e-04 8.293117353957e-05
1.466819434052e-03 4.971223660347e-04 4.681202542933e-05
1.285875609202e-03 5.679615407372e-04 8.792894261143e-05
3.304377984751e-04 5.461404513828e-04 6.246056697316e-05
1.827690420507e-03 8.124483055727e-04 5.320307413597e-05
9.174635682703e-04 8.602871067986e-04 4.798366397999e-05
1.373009109808e-03 6.568577640580e-04 3.654911077529e-05
-1.956556492901e-05 7.613707955818e-04 2.962747769518e-05
1.980434435071e-03 7.613707955818e-04 2.962747769518e-05
1.327095413696e-03 7.044204955351e-04 2.955898948044e-05
7.077018072372e-04 8.256523872608e-04 2.686250275875e-05
3.268424933469e-04 7.577072998249e-04 4.578935923063e-05
1.253680415290e-03 7.288731849399e-04 4.782121478354e-05
1.526642942063e-03 1.035013704914e-03 3.756361990590e-05
1.466772787818e-03 1.048279717496e-03 2.375867673481e-05
7.458712188774e-04 8.678889722090e-04 3.006187343530e-05
1.390853237299e-03 1.074188186629e-03 5.645995259849e-05
1.716774174820e-03 1.051308670946e-03 4.613760733258e-05
1.924765270868e-03 8.151051400851e-04 4.390812677421e-05
1.623202639886e-03 1.115622661939e-03 6.740495163090e-05
1.225292298966e-03 9.076185488314e-04 1.801351245572e-05
1.493634995532e-03 1.110743382784e-03 4.421481029645e-05
4.210571405247e-04 8.253167315407e-04 7.017371678824e-05
1.528814697709e-03 1.252308880104e-03 9.870406655047e-05
5.479779961343e-05 8.717971454296e-04 9.719505605074e-05
2.054797799613e-03 8.717971454296e-04 9.719505605074e-05
1.883014695211e-03 8.964129931274e-04 4.734961915330e-05
1.214419302543e-03 9.667578200718e-04 4.211697443777e-05
1.327351015295e-03 1.137228195111e-03 3.301951988042e-05
1.945162698992e-03 9.619952102488e-04 4.300192525248e-05
8.072938149115e-04 8.956177156544e-04 3.732965810087e-05
3.196634405492e-04 8.474282884315e-04 3.360298263337e-05
5.539846114874e-04 8.944345261937e-04 7.964945256232e-05
3.936697890016e-05 1.069582868802e-03 1.000000000000e-04
2.039366978900e-03 1.069582868802e-03 1.000000000000e-04
6.886876579334e-04 9.361773125619e-04 5.900696042542e-05
1.287808129791e-03 1.166860019079e-03 1.639389032404e-05
6.157393116389e-04 9.900868366717e-04 3.169969889514e-05
1.016075924929e-03 8.997985234960e-04 2.778082031129e-05
1.129244374909e-03 1.027777043606e-03 6.265952072306e-05
1.390864475486e-03 1.169238710779e-03 3.809832920758e-05
1.901513096642e-04 1.072744013044e-03 5.081746330213e-05
8.708602438586e-04 9.322600762815e-04 3.604168156877e-05
1.773893395602e-03 1.188543451647e-03 1.000000000000e-04
1.361658901801e-03 1.295073749050e-03 7.383547719586e-05
9.584120636655e-04 9.428655982626e-04 4.419001552898e-05
1.669035302448e-03 1.299107808964e-03 4.905168575040e-05
4.574839552101e-04 9.354003989306e-04 2.518651164391e-05
1.603707684030e-03 1.436358727934e-03 1.000000000000e-04
1.012229486897e-03 1.103025477658e-03 7.646204785516e-05
1.131409416169e-03 1.150652335158e-03 5.188191614998e-05
6.624341684429e-04 1.009330328957e-03 1.871439802572e-05
1.739577862754e-03 1.547560701550e-03 7.557501168266e-05
7.910510280071e-04 9.896545536782e-04 5.647982261064e-05
1.069341879071e-03 1.175460383503e-03 1.495982548016e-05
1.632846185095e-03 1.568337820671e-03 3.316017086679e-05
1.921602863870e-03 1.144786753905e-03 3.972834760151e-05
1.570882362081e-04 1.181906214354e-03 6.271087357057e-05
1.848446368708e-03 1.547097092555e-03 3.329448362736e-05
8.584927563158e-04 1.054413804527e-03 3.701962812462e-05
1.086442448467e-03 1.210827098549e-03 2.323818990369e-05
1.913296266224e-03 1.581996851027e-03 4.034995092580e-05
1.235058981289e-03 1.326410896859e-03 5.624724921096e-05
2.689539162949e-04 1.073827873487e-03 2.799259674894e-05
1.482240027190e-03 1.439553113209e-03 2.150965316134e-05
1.828920502972e-03 1.622133129546e-03 4.023309643826e-05
7.793406064200e-04 1.103452977960e-03 5.609268773141e-05
1.665823289652e-03 1.612780106028e-03 2.211490860166e-05
8.837190196932e-04 1.146380280350e-03 5.676831726110e-05
1.700008852383e-03 1.629783763309e-03 1.567376102930e-05
1.309679476623e-03 1.436137676149e-03 7.644862437668e-05
3.311761656834e-04 1.077850185822e-03 3.435952683539e-05
1.406226528419e-03 1.468242270510e-03 2.443813633200e-05
6.313916068154e-04 1.067550985639e-03 4.726503449002e-05
1.133270259750e-03 1.230454786164e-03 2.753670577031e-05
3.966512980139e-04 9.354003989306e-04 3.564614555231e-05
1.069261991351e-03 1.302469800027e-03 6.881276566059e-05
4.873504631725e-04 1.005994004391e-03 5.029525451498e-05
9.556896463428e-04 1.182252124038e-03 2.087044962971e-05
1.492866592759e-03 1.483201112948e-03 2.033269122151e-05
-1.325241383606e-05 1.205333850782e-03 4.559234045996e-05
1.986747586164e-03 1.205333850782e-03 4.559234045996e-05
9.247680957004e-04 1.250055457016e-03 5.365091815814e-05
1.757076768005e-03 1.681004424751e-03 5.265058325050e-05
7.224478856500e-04 1.165360253112e-03 2.798639642970e-05
8.208901315058e-04 1.339857656998e-03 8.366283412807e-05
9.638977381351e-04 1.387481374957e-03 6.657037113200e-05
1.158324523429e-03 1.365437159154e-03 2.984123213377e-05
1.542525774022e-03 1.588328860104e-03 5.934614468765e-05
1.386795557661e-03 1.563752430402e-03 7.265683535570e-05
2.845214721712e-04 1.157357474207e-03 5.697529714276e-05
1.458940091105e-03 1.658941717686e-03 4.678293749342e-05
1.368733045695e-03 1.682944584075e-03 4.656300820000e-05
8.740508686427e-04 1.457792452491e-03 4.569975691294e-05
4.261905344142e-04 1.105142327720e-03 6.449689063302e-05
2.564974943942e-04 1.311811028982e-03 1.000000000000e-04
6.630124533752e-05 1.216801548502e-03 3.455146269918e-05
1.105260398342e-03 1.390348926558e-03 2.615368202398e-05
2.586474908231e-05 1.272214270006e-03 3.188761120667e-05
2.025864749082e-03 1.272214270006e-03 3.188761120667e-05
1.048911616177e-03 1.387481374957e-03 1.844350690986e-05
1.534849113530e-03 1.696777674149e-03 3.803314716393e-05
2.757273571974e-05 1.663476887740e-03 1.000000000000e-04
2.027572735720e-03 1.663476887740e-03 1.000000000000e-04
1.189993922862e-03 1.449164831656e-03 4.394381338072e-05
1.642551551137e-03 1.766499182121e-03 9.026707214935e-05
9.690043603421e-04 1.524532227271e-03 7.036213659053e-05
1.881624028202e-03 1.698252903274e-03 4.939741005175e-05
1.348697406708e-04 1.686835997552e-03 9.810270763458e-06
8.896213775315e-04 1.572080919472e-03 2.217183603531e-05
1.519691367884e-03 1.782202875701e-03 3.169306291600e-05
5.643782306143e-04 1.026379259133e-03 2.938432610614e-05
5.516015351433e-04 1.160107834772e-03 7.243055756279e-05
6.217886874820e-04 1.227604892958e-03 2.494546216074e-05
1.791794523842e-03 1.817703834764e-03 6.077646853520e-05
1.222691381657e-03 1.559165763908e-03 7.081393607213e-05
1.935893008839e-03 1.795116539795e-03 5.946860218550e-05
3.912082384572e-04 1.410869555691e-03 6.721117271218e-05
1.712846161709e-03 1.867014892673e-03 3.230642095379e-05
7.674495414962e-04 1.572080919472e-03 1.000000000000e-04
1.863728155083e-03 1.888830132935e-03 3.894194287220e-05
4.444511905656e-04 1.228677322601e-03 5.478174924859e-05
1.288279682233e-03 1.649286584160e-03 4.064731917964e-05
8.932309385837e-04 1.638731855018e-03 4.234924327983e-05
1.430896240661e-03 1.735805499123e-03 3.503699136139e-05
1.257800481733e-04 1.376921894925e-03 4.603587097116e-05
1.546411160715e-03 1.831066223504e-03 2.399871555346e-05
9.640671924961e-04 1.680609092144e-03 3.980316681585e-05
1.177648299225e-03 1.710085028256e-03 8.558976080296e-05
1.584808629420e-03 1.893179274599e-03 4.895286859536e-05
1.803769608050e-03 1.904412494371e-03 2.300850446316e-05
3.013166203431e-04 1.468967808669e-03 3.888486025965e-05
6.025205543673e-05 1.829225780705e-03 6.893973592551e-05
2.060252055437e-03 1.829225780705e-03 6.893973592551e-05
1.752382676446e-03 1.919020180232e-03 3.041466785844e-05
1.827956586954e-03 1.956257370870e-03 3.420078152471e-05
3.625668673291e-04 1.507484258003e-03 3.346923196388e-05
1.789142450751e-04 1.693598981220e-03 3.475043364188e-05
1.040937175858e-03 1.759376964563e-03 5.973645371859e-05
1.456219897087e-03 1.800386610241e-03 3.433175707787e-05
1.118053693584e-03 1.830355529452e-03 4.507286258680e-05
2.953758424460e-04 1.562100179886e-03 5.311906424317e-05
8.300474018137e-04 1.695980167961e-03 3.881468183335e-05
5.482579229251e-04 1.419623099477e-03 9.008227254313e-05
4.524010344597e-04 1.478376342531e-03 2.234764623130e-05
-4.186763064061e-05 1.903793704551e-03 5.146072397177e-05
1.958132369359e-03 1.903793704551e-03 5.146072397177e-05
1.294563058649e-03 1.725902458144e-03 3.239016352754e-05
1.477707020603e-03 1.890374925263e-03 5.818640768825e-05
9.150206520982e-04 1.708813629809e-03 1.677475083745e-05
1.265201126617e-03 1.778643496895e-03 2.561170424248e-05
1.673278685657e-03 1.941344936864e-03 5.177966784083e-05
1.394816509173e-03 1.793658409133e-03 2.735500044428e-05
1.538874735503e-03 1.944095638733e-03 1.837364266702e-05
9.350725776116e-04 1.768884626042e-03 4.655472560757e-05
4.447279635921e-04 1.573077672415e-03 7.166380725696e-05
3.461344570638e-04 1.661526788091e-03 5.851465565510e-05
5.888492745898e-04 1.666337942835e-03 1.000000000000e-04
1.562014151430e-03 1.960422492257e-03 9.794995623860e-06
4.707587126776e-05 1.943247216686e-03 4.584049110565e-05
-1.817921206433e-05 -1.516430489004e-05 2.976746868861e-05
-1.817921206433e-05 1.984835695110e-03 2.976746868861e-05
1.981820787936e-03 -1.516430489004e-05 2.976746868861e-05
1.981820787936e-03 1.984835695110e-03 2.976746868861e-05
1.155173623823e-04 1.959910557262e-03 2.434146912208e-05
1.923778780886e-04 -2.641454500770e-05 5.372607698191e-05
1.923778780886e-04 1.973585454992e-03 5.372607698191e-05
8.714038382352e-04 1.818913230353e-03 3.441838989078e-05
7.937268057336e-04 1.826281579185e-03 4.360761762730e-05
6.837387926213e-04 1.805393592052e-03 6.834647466654e-05
1.224556527174e-03 1.812826303469e-03 2.733359055078e-05
4.764032043465e-04 1.703082525242e-03 1.681165396846e-05
1.319680928655e-03 1.897473690931e-03 1.000000000000e-04
9.838520718516e-04 1.830341553679e-03 2.888109157052e-05
8.486489276698e-04 1.889405150095e-03 3.965542994599e-05
1.189168869454e-03 1.865675022819e-03 3.433071516622e-05
5.463121144833e-04 1.891592611125e-03 9.387680443789e-05
1.218391500738e-03 1.958828446708e-03 1.842285495526e-05
7.510681001460e-04 1.904007884238e-03 4.505552642435e-05
1.047493802830e-03 1.859620811516e-03 3.131544247026e-05
9.183412216898e-04 1.832566423974e-03 1.445549364170e-05
1.097935443305e-03 1.916421520349e-03 4.322139280833e-05
8.125062261139e-04 1.953131667222e-03 3.360703307564e-05
9.284661441891e-04 1.892155545213e-03 4.020916771184e-05
1.404296875000e-03 8.691406250000e-04 4.792888726408e-05
1.904296875000e-03 1.388671875000e-03 3.207433097900e-05
3.261718750000e-04 1.849609375000e-03 3.850938819199e-05
1.542968750000e-04 4.707031250000e-04 3.689270343328e-05
1.494140625000e-03 7.402343750000e-04 3.317980433526e-05
-2.539062500000e-05 3.613281250000e-04 6.352120016161e-05
1.974609375000e-03 3.613281250000e-04 6.352120016161e-05
9.765625000000e-06 1.466796875000e-03 3.782317697514e-05
2.009765625000e-03 1.466796875000e-03 3.782317697514e-05
1.542968750000e-04 1.513671875000e-03 2.876022923142e-05
2.324218750000e-04 9.355468750000e-04 5.691324017732e-05
1.783203125000e-03 1.376953125000e-03 3.163930481744e-05
1.501953125000e-03 6.230468750000e-04 2.626289127593e-05
2.128906250000e-04 1.806640625000e-03 5.083115332951e-05
1.837890625000e-03 1.021484375000e-03 2.544939562612e-05
4.160156250000e-04 1.779296875000e-03 5.617305612307e-05
4.082031250000e-04 6.621093750000e-04 1.269816788702e-05
9.980468750000e-04 -1.367187500000e-05 3.364054777319e-05
9.980468750000e-04 1.986328125000e-03 3.364054777319e-05
