# 2D packing, generated 2026-09-30T17:08:55.715804+00:00
# generator = preprocess/generate_packing_gravity.py
# periodic axes = xy
# porosity_achieved = 0.324840  (target 0.325000)
# 73 distinct grains; 88 rows including 15 periodic edge images.
# Centres span [-R, L+R]: a grain need only be PARTLY inside.
# Do NOT drop the out-of-box rows -- they carry the conduction
# paths that cross the domain edge, and k_eff depends on them.
# header row is 'Lx Ly'; grain rows are 'x y r', all in metres
1.000000000000e-03 1.000000000000e-03
1.387751442765e-04 2.416692095843e-05 5.146427891260e-05
1.387751442765e-04 1.024166920958e-03 5.146427891260e-05
7.607374521074e-05 7.623103098431e-05 3.003535608465e-05
2.172112482032e-04 1.097238517514e-04 6.460558527121e-05
4.388066844728e-04 3.900734848161e-05 9.177565693600e-05
4.388066844728e-04 1.039007348482e-03 9.177565693600e-05
1.189156953498e-04 1.414341590918e-04 3.866408379913e-05
6.368054588871e-04 2.676836318400e-05 3.447521055510e-05
6.368054588871e-04 1.026768363184e-03 3.447521055510e-05
6.500381255165e-05 1.754432367589e-04 2.425813736941e-05
5.364742932337e-04 9.401745604078e-05 2.027990536486e-05
7.386166816116e-04 4.776717381229e-05 6.947906827619e-05
7.386166816116e-04 1.047767173812e-03 6.947906827619e-05
6.222233299763e-04 1.281281851668e-04 6.792834469282e-05
-3.656929351198e-05 6.830967678616e-05 8.187526665812e-05
-3.656929351198e-05 1.068309676786e-03 8.187526665812e-05
9.634307064880e-04 6.830967678616e-05 8.187526665812e-05
9.634307064880e-04 1.068309676786e-03 8.187526665812e-05
8.388464688991e-04 4.884315650650e-05 3.075653571748e-05
3.422966860963e-04 1.011620263973e-04 2.296415569952e-05
3.047240221834e-04 1.625593831945e-04 3.762004808341e-05
1.803155234189e-05 2.031395867078e-04 3.027158754402e-05
1.018031552342e-03 2.031395867078e-04 3.027158754402e-05
4.263560612960e-04 2.263654245399e-04 9.599568977609e-05
8.480377130040e-04 1.342617245108e-04 5.103560583750e-05
7.621217931824e-04 1.727645723622e-04 4.311350665750e-05
9.615457437041e-05 2.574426835456e-04 6.346057699500e-05
5.600672825766e-04 2.141440102055e-04 3.819480959912e-05
1.258957559584e-05 2.994758413871e-04 2.762086593132e-05
1.012589575596e-03 2.994758413871e-04 2.762086593132e-05
5.596893414730e-04 3.182962293754e-04 6.595824022078e-05
4.606229090991e-04 3.598433254216e-04 4.146771954618e-05
6.819791112564e-04 2.519106131152e-04 6.952294336952e-05
2.297711719945e-04 3.516000738925e-04 1.000000000000e-04
5.952517167275e-05 3.906163103605e-04 7.465968406337e-05
1.059525171673e-03 3.906163103605e-04 7.465968406337e-05
3.761991466582e-04 4.216852417812e-04 6.233737381491e-05
2.920736720110e-04 4.650579983065e-04 2.943848499359e-05
7.754890355433e-04 3.144593135429e-04 4.205994954962e-05
8.613798616363e-04 3.365692286324e-04 4.663104377799e-05
2.410858394357e-04 5.128906891297e-04 4.047379170097e-05
5.341628381439e-05 1.269960156237e-04 2.555711440938e-05
5.019910732967e-04 4.663268921944e-04 7.114198381234e-05
9.614951540835e-04 4.420504735993e-04 3.390098640099e-05
7.078255084013e-04 3.551362048963e-04 3.688931757557e-05
6.398344934010e-04 3.812055985094e-04 3.592848103921e-05
6.333576684977e-04 4.776266861713e-04 6.071037460226e-05
7.091049962620e-04 5.020642523731e-04 1.699424145804e-05
8.934750780775e-04 4.420504735993e-04 3.411908960500e-05
6.950120031310e-04 5.704725095065e-04 5.074267173351e-05
1.494223334883e-04 4.619094697214e-04 3.547369846995e-05
3.248866709614e-04 5.327954984599e-04 4.565856023528e-05
3.977601280952e-04 5.390760237982e-04 2.741835680823e-05
1.584813898090e-05 5.058125402822e-04 4.853976799864e-05
1.015848138981e-03 5.058125402822e-04 4.853976799864e-05
7.804158066329e-04 6.087492819023e-04 4.284685054342e-05
9.269565584746e-04 5.134401840230e-04 3.842368350069e-05
5.639564665492e-04 5.600216896425e-04 4.118995603328e-05
3.785712956727e-04 6.313639991915e-04 6.658133629450e-05
7.057118751243e-04 6.648252615767e-04 4.421527779534e-05
1.084784849505e-04 5.778752859343e-04 6.831927539046e-05
-2.656658600425e-05 6.168638272268e-04 7.033668524219e-05
9.734334139958e-04 6.168638272268e-04 7.033668524219e-05
4.956033496184e-04 6.948372105625e-04 6.655530535601e-05
6.046760092280e-04 7.262262092930e-04 4.676122895524e-05
8.508058743417e-04 7.255469570342e-04 9.352240987260e-05
7.036449565394e-04 7.689160595271e-04 5.989639002481e-05
2.361109873732e-04 6.454279313269e-04 7.608784207337e-05
3.207899229230e-04 7.139111791812e-04 3.281797669922e-05
1.243449333719e-04 6.894767825152e-04 4.404520455897e-05
1.914056872150e-04 8.169596294023e-04 1.000000000000e-04
3.947400183488e-04 7.649316725154e-04 5.580265763154e-05
9.505595405966e-04 8.140262249496e-04 2.756224450437e-05
5.479310296005e-05 8.890129842024e-04 5.444961675174e-05
7.635315467470e-04 8.331242629189e-04 2.741373796380e-05
3.177680977177e-04 7.973069833974e-04 2.770085918273e-05
5.422784095904e-04 8.013986637467e-04 4.978011563277e-05
8.597815393442e-04 -8.113972026309e-05 1.000000000000e-04
8.597815393442e-04 9.188602797369e-04 1.000000000000e-04
6.301346037922e-04 8.543050861923e-04 5.277641824768e-05
7.066507198394e-04 9.279147573933e-04 5.339858810449e-05
6.042489786501e-04 9.513545161955e-04 4.766618759522e-05
1.514743921761e-05 9.618163078068e-04 2.844852907441e-05
1.015147439218e-03 9.618163078068e-04 2.844852907441e-05
2.783203125000e-04 -2.441406250000e-05 4.270431471884e-05
2.783203125000e-04 9.755859375000e-04 4.270431471884e-05
7.822265625000e-04 4.423828125000e-04 5.726393647682e-05
3.603515625000e-04 8.916015625000e-04 3.572710108716e-05
