# 2D packing, generated 2026-09-28T19:12:29.347925+00:00
# generator = preprocess/generate_packing_gravity.py
# periodic axes = xy
# porosity_achieved = 0.424759  (target 0.425000)
# 267 distinct grains; 288 rows including 21 periodic edge images.
# Centres span [-R, L+R]: a grain need only be PARTLY inside.
# Do NOT drop the out-of-box rows -- they carry the conduction
# paths that cross the domain edge, and k_eff depends on them.
# header row is 'Lx Ly'; grain rows are 'x y r', all in metres
2.000000000000e-03 2.000000000000e-03
-2.959006938571e-05 3.664466423579e-05 8.155358072996e-05
-2.959006938571e-05 2.036644664236e-03 8.155358072996e-05
1.970409930614e-03 3.664466423579e-05 8.155358072996e-05
1.970409930614e-03 2.036644664236e-03 8.155358072996e-05
1.694095869454e-03 6.692800758384e-05 9.229554068860e-05
1.694095869454e-03 2.066928007584e-03 9.229554068860e-05
1.419458693878e-03 3.228972504763e-05 3.801232946201e-05
1.419458693878e-03 2.032289725048e-03 3.801232946201e-05
1.849901252816e-03 1.517869158345e-04 8.512112786654e-05
9.009247845001e-04 2.617166505606e-05 9.345073756410e-05
9.009247845001e-04 2.026171665056e-03 9.345073756410e-05
1.464960894869e-03 1.137719221608e-04 5.531397828822e-05
1.050267182336e-03 4.899581425580e-05 5.581523352396e-05
1.050267182336e-03 2.048995814256e-03 5.581523352396e-05
9.918006716997e-04 9.876041768522e-05 2.083045061599e-05
1.046220662997e-05 1.841160051714e-04 7.125308808577e-05
2.010462206630e-03 1.841160051714e-04 7.125308808577e-05
1.358269665270e-03 1.393583117148e-04 5.440239500700e-05
1.288186556954e-03 1.975944144310e-04 3.671887688559e-05
1.221836314634e-03 2.220918087421e-04 3.400931579492e-05
1.586112882206e-03 1.344404583317e-04 3.505568779915e-05
1.529799608223e-03 1.801194940163e-04 3.745488042272e-05
1.643272410216e-03 1.936747991125e-04 4.426136486321e-05
1.287615896611e-03 3.191566920007e-04 8.306546547683e-05
1.879911864491e-04 6.591584340350e-05 3.571699208143e-05
1.928654177458e-03 2.162880702910e-04 1.665365755210e-05
1.427402860172e-03 3.191566920007e-04 5.672149808464e-05
9.471468808159e-04 1.458804704568e-04 3.487178557384e-05
6.548250824702e-04 1.035779867953e-04 8.522000536858e-05
1.900678290363e-03 2.808195786022e-04 5.354403997691e-05
1.753233032697e-03 1.524422315164e-04 1.154941944316e-05
5.069510042003e-04 1.426292496653e-04 6.772359266547e-05
1.737444955128e-03 2.598174477571e-04 7.081829933689e-05
1.133639794355e-03 1.019502354167e-04 4.294361338449e-05
1.548626434409e-03 3.564760120702e-04 7.011653485956e-05
8.086718593686e-04 1.815655175262e-04 8.726417810761e-05
1.381557358982e-03 4.390842854654e-04 6.927502824256e-05
6.954246671110e-04 2.111866465829e-04 2.979282177844e-05
2.680248070336e-04 5.854069206143e-05 4.465618327165e-05
1.012167053231e-03 1.528093108626e-04 3.051652875144e-05
9.990095438613e-05 7.151734243757e-05 5.255170598765e-05
3.225849687181e-04 9.295402423436e-05 1.985048512401e-05
5.893331684629e-04 2.016493669762e-04 3.270872941697e-05
9.348425568845e-04 2.264814720940e-04 4.666297911166e-05
1.659731629178e-03 3.412140725343e-04 4.171970020568e-05
1.084706820360e-03 1.756737031488e-04 4.554133244476e-05
7.300328943197e-04 2.642282622503e-04 2.682885995080e-05
1.790790279839e-04 1.996588490589e-04 9.807858222437e-05
3.082751903404e-04 3.040030651288e-04 6.799195652831e-05
1.764254353490e-04 3.873884667602e-04 8.695542372516e-05
1.029035115434e-03 2.576745380145e-04 5.218672278082e-05
-1.032349086458e-05 4.047874489310e-04 9.906332523689e-05
1.989676509135e-03 4.047874489310e-04 9.906332523689e-05
1.513983908193e-03 5.012769680702e-04 7.702849429014e-05
9.540628338810e-04 3.080042117309e-04 3.709486306292e-05
4.152535188415e-04 3.702193152792e-04 5.782133645687e-05
3.148572374896e-04 4.546097800186e-04 6.693437060855e-05
7.915242834587e-04 3.122458777391e-04 4.453644222640e-05
1.615731629145e-03 5.875060608605e-04 5.634337366690e-05
8.794480473986e-04 3.785023774712e-04 6.555676420702e-05
4.615381308984e-04 5.095670087918e-04 8.901211995056e-05
7.615431319318e-04 4.902438469202e-04 9.688622719953e-05
3.446656225620e-04 5.558877740791e-04 3.670502832993e-05
1.142601503478e-03 2.785498415047e-04 6.328233328118e-05
9.157066710811e-05 4.781684820407e-04 2.650464710248e-05
1.879638593057e-03 5.117708586613e-04 5.439401734544e-05
5.827174572268e-04 5.309236359928e-04 3.403477190861e-05
1.521469739072e-03 6.240321004894e-04 4.474794886375e-05
6.518818914052e-04 6.264124253429e-04 7.794932311289e-05
1.440068035821e-04 5.006463222234e-04 3.054646669523e-05
7.878952147291e-04 6.433707178855e-04 5.849160562361e-05
1.430302302590e-03 6.298361037866e-04 4.660405127379e-05
1.822163531633e-03 3.305846700672e-04 3.941385499678e-05
2.613319762443e-04 6.137836161004e-04 6.476628410538e-05
7.255121982267e-04 7.625864831081e-04 7.605964648679e-05
-2.267576076095e-05 5.555423164158e-04 5.219719012052e-05
1.977324239239e-03 5.555423164158e-04 5.219719012052e-05
1.761060133192e-03 3.535815637113e-04 2.587397958604e-05
3.578163675415e-04 6.868247678105e-04 5.608410923079e-05
2.754507356190e-04 7.054192943828e-04 2.795069030942e-05
1.011172767080e-03 3.358579018248e-04 2.644545895224e-05
8.662698730920e-04 6.702461969670e-04 2.436295642462e-05
1.717765886724e-03 3.725552557550e-04 2.139546483937e-05
1.900443002165e-03 6.007622703864e-04 3.699687331894e-05
9.533235907411e-05 6.234186811447e-04 8.393925780439e-05
8.371281989211e-04 7.075984078913e-04 2.243479864405e-05
-2.532581210506e-05 6.459098420912e-04 3.820949202635e-05
1.974674187895e-03 6.459098420912e-04 3.820949202635e-05
1.285636174671e-03 4.390842854654e-04 2.664615606877e-05
8.800235976691e-04 7.281685612648e-04 2.513774014451e-05
1.802626936574e-03 5.222391818535e-04 2.332587090027e-05
5.492685392126e-04 5.858384551177e-04 2.723745919939e-05
1.950120844373e-04 6.913366862862e-04 3.667960516026e-05
6.324811904215e-04 7.624226207270e-04 1.697150563945e-05
4.416218389141e-04 7.621443687723e-04 5.659419090291e-05
5.268960835793e-04 6.637756183887e-04 5.250166548617e-05
8.345551804012e-04 8.162385424253e-04 4.546778018620e-05
7.596197716422e-04 9.140463100602e-04 7.773786766347e-05
1.310607822838e-03 6.732419692762e-04 8.071773650044e-05
1.185112089473e-03 3.549555912710e-04 2.415329203966e-05
3.279345037071e-04 8.698334138887e-04 1.000000000000e-04
1.123648828888e-03 3.964778455647e-04 4.999702352180e-05
2.385062318634e-04 9.516885634516e-04 2.123399405659e-05
5.280801442161e-04 7.973978092628e-04 3.677520248765e-05
9.734114559527e-04 3.888503001700e-04 2.897472540947e-05
4.637982282095e-04 9.240798735679e-04 4.629295958248e-05
8.981234628396e-04 9.140463101915e-04 6.076582353393e-05
6.398275658874e-04 7.974517064514e-04 1.644678584683e-05
5.968737439039e-04 8.435545174825e-04 4.606802941265e-05
1.057655747303e-03 4.057581506687e-04 1.664538699890e-05
9.888638857373e-04 9.140463102451e-04 2.997459936372e-05
1.726659999877e-03 6.609488071921e-04 7.669399109170e-05
1.457302059294e-03 7.703818206885e-04 9.522358821270e-05
1.611697094507e-03 8.244404857893e-04 6.836176006430e-05
6.548708673882e-04 9.461320281755e-04 3.181497917031e-05
2.762592788747e-04 1.005280278987e-03 4.432029285672e-05
1.816791228303e-03 7.124130977009e-04 2.709527393723e-05
1.292186992719e-04 7.699477383318e-04 6.576150175325e-05
1.905599067683e-03 6.722009254076e-04 3.462763028822e-05
1.519440273204e-03 9.024345081824e-04 5.071842048388e-05
1.711473650050e-03 8.361715166873e-04 3.210205492436e-05
8.436322510066e-04 1.022781230374e-03 5.967166470114e-05
9.347325451057e-04 1.093061917540e-03 5.538761816423e-05
1.877054543618e-03 7.390598175149e-04 3.806970811396e-05
1.419783832405e-03 9.846635594315e-04 7.848306194633e-05
1.205240769421e-03 4.075204366553e-04 3.213371130475e-05
5.610342809993e-04 9.344643348888e-04 5.149603263578e-05
1.192738215140e-03 6.732419692762e-04 3.715187119705e-05
1.826207096567e-03 7.543545281836e-04 1.502823530568e-05
8.446259453319e-04 1.137273180626e-03 4.498087841924e-05
2.023256663655e-04 8.327856324135e-04 3.063989642261e-05
1.087472303585e-03 1.121625496772e-03 1.000000000000e-04
5.000484783391e-04 1.018718475144e-03 5.251371823551e-05
1.688854944707e-03 9.334073339519e-04 6.515643287615e-05
9.107935157989e-04 1.180977500072e-03 3.431738713404e-05
1.333164330651e-04 8.966707761802e-04 6.102777123060e-05
5.869365503494e-04 1.018718475220e-03 3.437435377485e-05
1.307675206824e-03 1.057416459533e-03 5.516321896997e-05
1.240215630960e-03 1.144112488922e-03 5.438973046700e-05
3.975672259125e-04 1.111137734031e-03 8.548529086248e-05
1.186252782185e-03 1.230785313520e-03 4.721904953178e-05
5.311445822035e-04 1.190937109454e-03 7.009524609241e-05
1.778989054396e-03 7.898255461333e-04 4.402882964644e-05
1.819897357211e-03 1.019580814735e-03 9.168100737634e-05
4.309915041213e-04 1.223426963856e-03 3.167295045456e-05
7.703813628300e-04 1.137273180626e-03 2.926370408272e-05
-3.772330662368e-05 7.266335905420e-04 4.346091545814e-05
1.962276693376e-03 7.266335905420e-04 4.346091545814e-05
1.705769328480e-03 1.019580814735e-03 2.244702135388e-05
1.524094346019e-03 1.020068563673e-03 3.167227190444e-05
7.960418830558e-04 1.183113842093e-03 2.181565854929e-05
1.701979611833e-03 1.087231648739e-03 4.426468036830e-05
8.488928099360e-04 1.222232908322e-03 4.007149709062e-05
1.762837498136e-03 1.116686032371e-03 2.094781135948e-05
4.720562499152e-04 1.257406399551e-03 1.884067246611e-05
1.329497658102e-03 1.144995837605e-03 3.489666645600e-05
7.144972929329e-04 1.150811002927e-03 2.823674722774e-05
1.113881686268e-03 1.303200778529e-03 5.516051433174e-05
2.984922644953e-04 1.067358541079e-03 2.161919663145e-05
4.225300958351e-04 1.305982957407e-03 5.053167084672e-05
2.002865493041e-04 9.516885634784e-04 1.698568850267e-05
9.134452105463e-04 1.251180311525e-03 3.060939285331e-05
1.627936430977e-04 9.831927012460e-04 3.037764123710e-05
7.479031417849e-04 1.205666689294e-03 3.134418840310e-05
8.491122310285e-04 1.358029136205e-03 9.411191557016e-05
5.041378758418e-04 1.389966342434e-03 6.657101781342e-05
1.923760900006e-03 7.898072896776e-04 3.052825585316e-05
9.806111379248e-04 1.358454831925e-03 3.738768350305e-05
6.706298569882e-04 1.170871575052e-03 1.999994513759e-05
1.584580817738e-03 1.029535705519e-03 2.953368366433e-05
7.003447558565e-04 1.358454191920e-03 5.428265328606e-05
7.456595166734e-04 1.437734320483e-03 3.648434581868e-05
3.571682229653e-04 1.337562650239e-03 2.205931744893e-05
5.913572411349e-04 1.415900217690e-03 2.442230690383e-05
9.560702013027e-04 1.425010973284e-03 3.208861568025e-05
1.541875432383e-03 1.143571771218e-03 9.223649041870e-05
1.949702251855e-03 1.019580814735e-03 3.812388726795e-05
1.663612431944e-03 1.260454324693e-03 7.652794005272e-05
3.392436463969e-05 9.308968638230e-04 4.409219995101e-05
2.033924364640e-03 9.308968638230e-04 4.409219995101e-05
3.798265295362e-04 1.416452411416e-03 6.001987175560e-05
4.554109508259e-04 1.496237253921e-03 4.988293010320e-05
2.117411028272e-04 1.023204819087e-03 2.264151848576e-05
3.230719327758e-04 1.461023340686e-03 1.214419130583e-05
8.037030748387e-04 1.485640199009e-03 3.877539359853e-05
1.252840397816e-03 1.254684491912e-03 2.352754956052e-05
1.599312421563e-03 1.327994155405e-03 1.596846914827e-05
1.212911059500e-03 1.369400285243e-03 6.395787825261e-05
2.631187711105e-04 1.500226466040e-03 5.948866873151e-05
1.636785167537e-03 1.395212344223e-03 6.087452563347e-05
1.929165092547e-03 1.103424273110e-03 4.604757897310e-05
1.374503283681e-03 1.187518061606e-03 2.701977617221e-05
1.849385679226e-03 1.159771956307e-03 5.157790966042e-05
9.081070876887e-04 1.510733237547e-03 6.613952114210e-05
1.870941696895e-05 1.140622330345e-03 5.091572077618e-05
2.018709416969e-03 1.140622330345e-03 5.091572077618e-05
6.565503769421e-04 1.463424199715e-03 5.625405902424e-05
3.654681265941e-04 1.542327139840e-03 5.118135248733e-05
7.348407956865e-04 1.520742371480e-03 3.833412863105e-05
1.531197898064e-03 1.396472991011e-03 4.472033889428e-05
1.770801448710e-03 1.422418912449e-03 7.587555772585e-05
1.679363189246e-03 1.470575990092e-03 2.568516751554e-05
5.512060377206e-04 1.533957571281e-03 5.307104517056e-05
6.352334872524e-04 1.547327120341e-03 3.031448848877e-05
1.431410310969e-03 1.192737763390e-03 2.867603532637e-05
1.714026927497e-03 1.550028727139e-03 6.100010651530e-05
1.621254048255e-03 1.644081154668e-03 7.110871072214e-05
6.067129094126e-04 1.639590561055e-03 6.625657754295e-05
4.747978201592e-04 1.578466814127e-03 3.148849208052e-05
1.787700708354e-04 1.549158153760e-03 3.802550103615e-05
4.997147233233e-04 1.697024960887e-03 5.518200183686e-05
1.705566771265e-03 1.695596007884e-03 2.742335648140e-05
1.145291894757e-03 1.436197028802e-03 3.109030105957e-05
9.818708284092e-04 1.566956363947e-03 2.660805335793e-05
8.953986115537e-05 9.622606148410e-04 1.782915734084e-05
7.193959935936e-04 1.640126796421e-03 4.034995693817e-05
1.874369168015e-03 1.564566253862e-03 1.000000000000e-04
1.023148977168e-04 1.174139089834e-03 3.915785791214e-05
-1.811045735673e-06 1.634635506748e-03 3.835292228674e-05
1.998188954264e-03 1.634635506748e-03 3.835292228674e-05
9.364984231403e-04 1.600273493785e-03 2.779410126257e-05
1.527108766931e-03 1.653590815157e-03 2.340671910536e-05
1.512425680358e-03 1.776120747369e-03 1.000000000000e-04
1.001941865816e-03 1.640773019766e-03 4.916729032620e-05
1.692991971791e-03 1.796058265186e-03 7.382287632758e-05
1.305398132539e-03 1.402719252815e-03 3.434783002264e-05
8.202378264582e-04 1.559465929329e-03 3.433874675593e-05
8.675239420838e-05 1.687151541483e-03 6.265589745931e-05
1.092986618666e-03 1.670991859854e-03 4.676146093533e-05
1.753685200350e-03 1.647047666508e-03 3.920176196500e-05
6.905241561789e-04 1.744925854357e-03 6.835342791741e-05
1.611347220494e-03 1.921018876760e-03 7.544550008273e-05
4.264403737379e-04 1.721186836410e-03 2.197320922131e-05
1.940578610392e-03 1.688525130962e-03 4.053334828989e-05
4.510028430885e-04 1.781831418520e-03 4.261876108981e-05
1.188085359748e-03 1.670991738358e-03 4.833728014911e-05
1.790084515443e-03 1.804289316310e-03 2.361796030028e-05
8.442256686274e-04 1.722979001309e-03 8.396941436881e-05
1.788964564062e-03 1.891385039479e-03 6.104074448708e-05
1.327726919312e-03 1.852842219880e-03 1.000000000000e-04
9.543005280497e-04 1.772558010869e-03 2.779091270161e-05
2.918543822995e-04 1.595055948578e-03 3.936869235215e-05
-3.688994757306e-06 1.782782166431e-03 6.896830793593e-05
1.996311005243e-03 1.782782166431e-03 6.896830793593e-05
1.025084072951e-03 1.728903094716e-03 4.195061056065e-05
1.351445088686e-04 1.818338470029e-03 7.220654450480e-05
1.097247738299e-03 1.751952345176e-03 3.380467006870e-05
4.853744822033e-05 1.859228574119e-03 2.356810295363e-05
1.186295926452e-03 1.847719306780e-03 4.152392892618e-05
1.453155525310e-03 1.908676402928e-03 3.718422959304e-05
2.206433336108e-04 1.652359173602e-03 5.203520829647e-05
7.199635763006e-04 1.861113311644e-03 5.150569023528e-05
1.115680318230e-03 1.833345209912e-03 3.053988279188e-05
5.084064356796e-04 1.820212351092e-03 2.636381589020e-05
9.400863966313e-04 1.837488401548e-03 3.867711981170e-05
5.719149802911e-04 1.722396650823e-03 1.949482359434e-05
2.415148234545e-04 1.886160226367e-03 5.323403070572e-05
5.876401667236e-04 1.893970242912e-03 8.188687130987e-05
7.134995966960e-04 -3.141732926900e-05 5.615789568388e-05
7.134995966960e-04 1.968582670731e-03 5.615789568388e-05
1.090867326174e-03 1.885948512747e-03 2.762194182331e-05
1.145927790580e-03 1.909473040867e-03 3.225352536118e-05
4.541365675484e-04 1.875521699710e-03 5.112396406054e-05
7.486383005657e-05 1.912968005084e-03 3.627149961574e-05
-1.328423759170e-05 1.903729047478e-03 5.235944714042e-05
1.986715762408e-03 1.903729047478e-03 5.235944714042e-05
8.395182170075e-04 1.875826917120e-03 6.895096307841e-05
1.006044286898e-03 1.912612742329e-03 6.129346212245e-05
1.212443145224e-03 1.925151885832e-03 3.608486989192e-05
6.336614333008e-04 -6.973031212868e-06 2.733854927473e-05
6.336614333008e-04 1.993026968787e-03 2.733854927473e-05
3.534874604381e-04 -3.607039700865e-05 8.283966498620e-05
3.534874604381e-04 1.963929602991e-03 8.283966498620e-05
1.583477961050e-04 -3.017153275566e-05 6.473685231443e-05
1.583477961050e-04 1.969828467244e-03 6.473685231443e-05
6.445312500000e-05 1.376953125000e-03 6.105902546852e-05
1.177734375000e-03 8.769531250000e-04 5.248557060912e-05
1.021484375000e-03 5.761718750000e-04 1.879339143739e-05
1.365234375000e-03 1.576171875000e-03 3.471556094243e-05
1.037109375000e-03 7.558593750000e-04 4.508058940399e-05
2.246093750000e-04 1.279296875000e-03 7.009547681887e-05
5.957031250000e-04 3.535156250000e-04 5.736356802172e-05
1.912109375000e-03 1.306640625000e-03 4.012334862400e-05
1.138671875000e-03 5.449218750000e-04 6.008941841575e-05
1.408203125000e-03 1.318359375000e-03 3.418933229558e-05
1.240234375000e-03 1.529296875000e-03 4.342367026393e-05
1.490234375000e-03 1.533203125000e-03 3.689072365724e-05
3.183593750000e-04 1.759765625000e-03 5.912770459239e-05
