# 2D packing, generated 2026-08-07T23:55:35.351071+00:00
# generator = preprocess/generate_packing_gravity.py
# periodic axes = y
# porosity_achieved = 0.325060  (target 0.325000)
# 276 distinct grains; 286 rows including 10 periodic edge images.
# Centres span [-R, L+R]: a grain need only be PARTLY inside.
# Do NOT drop the out-of-box rows -- they carry the conduction
# paths that cross the domain edge, and k_eff depends on them.
# header row is 'Lx Ly'; grain rows are 'x y r', all in metres
1.000000000000e-04 1.000000000000e-04
2.926885413994e-05 3.099913647501e-06 2.897486083301e-06
7.095633913304e-05 4.767323533763e-07 1.953282698538e-06
7.095633913304e-05 1.004767323534e-04 1.953282698538e-06
3.407627210902e-05 5.100380441372e-06 2.309541646727e-06
7.334280437007e-05 1.186314674441e-06 5.364454382372e-07
6.722838110228e-05 2.988029878753e-06 2.533276721592e-06
8.697607146135e-05 4.827926830929e-06 4.455279577666e-06
7.171293161498e-05 4.347513817733e-06 1.990785345614e-06
9.432055194701e-05 3.624060785786e-06 2.954471801155e-06
6.223366298851e-05 3.343535474041e-06 2.474077710823e-06
1.879059076059e-05 5.234027834562e-06 3.115386174026e-06
7.421384492216e-05 2.564890279505e-06 9.722543419569e-07
9.168555600040e-05 8.243436580772e-06 1.362390530995e-06
8.086660525283e-05 3.230859448525e-06 7.978833223252e-07
7.937092820144e-05 2.832332724721e-06 7.499775860321e-07
5.119757118355e-06 5.281364514744e-06 4.887157506872e-06
2.450089420514e-05 5.904452285335e-06 2.634139873582e-06
1.306835389311e-05 1.019217595123e-05 4.456092243794e-06
9.726974924997e-05 1.129245155987e-05 5.000000000000e-06
2.124846597431e-05 1.106863210479e-05 3.215788713529e-06
6.884700518271e-05 7.968514140954e-06 2.627161592350e-06
6.486249186277e-05 8.959363562551e-06 1.478710047744e-06
5.566919487341e-05 5.303844685480e-06 4.376839561083e-06
6.667744003692e-05 1.163993114070e-05 1.637394036647e-06
4.944599395087e-05 8.167691106067e-06 2.468474243390e-06
5.262777183662e-05 9.956190203686e-06 1.181449680610e-06
4.486232947278e-05 9.061602791288e-06 2.201378192943e-06
7.666146078994e-05 5.984209688730e-06 3.221411963812e-06
4.109751621599e-06 1.205794951324e-05 1.882711283275e-06
1.767914244395e-05 1.480781398583e-05 1.953501081243e-06
8.962725524746e-05 1.101186098786e-05 2.087361156800e-06
3.862072391050e-05 6.576057320194e-06 2.468498309034e-06
4.807391445749e-05 1.517048756106e-05 4.667474396537e-06
5.461553909958e-05 1.036798883466e-05 7.957571823898e-07
5.705466603332e-05 1.114605150983e-05 1.627402888047e-06
9.163917922977e-05 1.307800059482e-05 7.059417777586e-07
7.381411383475e-05 1.236007806101e-05 3.761366744842e-06
8.119269732833e-05 5.360451347064e-06 1.352583500281e-06
5.423276976888e-05 1.833000511536e-05 2.254523589265e-06
2.943779802423e-05 1.172742966690e-05 5.000000000000e-06
3.753759632573e-05 1.323159039101e-05 3.238278985374e-06
6.148729222844e-05 1.832792536732e-05 5.000000000000e-06
4.057743706821e-05 2.022441920254e-05 4.373510292754e-06
6.856827585226e-05 1.475197324193e-05 2.004050487185e-06
1.278459251384e-05 1.932604106982e-05 4.682182905011e-06
3.499497424349e-05 2.307370768967e-05 1.894052131593e-06
3.032290904521e-05 2.363184201666e-05 2.811232982673e-06
9.221236130215e-05 1.519765764226e-05 1.385410234212e-06
2.214730109586e-05 2.179268617452e-05 5.000000000000e-06
3.381970659371e-05 2.643935396872e-05 1.670892377471e-06
5.132277865522e-05 2.006175377620e-05 1.131772800194e-06
5.478095315372e-06 2.272448446162e-05 3.376002267085e-06
6.902520607070e-05 1.933869362854e-05 2.605380490658e-06
2.527441510603e-06 1.644940829858e-05 2.364621944656e-06
5.335822096661e-05 2.242364971082e-05 1.931496272919e-06
2.995068356588e-07 2.512689953858e-05 2.332709309117e-06
1.606239700200e-05 2.484712228888e-05 1.738592468890e-06
9.454534779911e-05 1.759631234837e-05 1.867391233898e-06
3.724707212040e-06 2.759486559796e-05 1.800385046137e-06
4.763931466805e-05 2.326361339583e-05 3.313980091499e-06
2.666835397112e-05 3.071233148163e-05 5.000000000000e-06
3.880091570132e-05 2.777807378388e-05 3.386240145074e-06
7.387728234879e-05 2.039308684143e-05 2.359941053236e-06
3.510025249291e-05 3.392896919926e-05 3.792089967507e-06
5.217729748371e-05 2.670968896588e-05 2.384153363386e-06
4.831205855929e-05 2.859225736313e-05 1.915164688719e-06
4.417526342712e-05 3.175190342340e-05 3.290259135684e-06
5.941826888363e-05 2.815677364878e-05 5.000000000000e-06
9.877947192068e-05 3.230033069727e-05 5.000000000000e-06
7.805884559985e-05 2.037669146335e-05 1.821656873018e-06
5.251880568851e-05 3.256111682766e-05 3.185403546441e-06
8.447681448128e-05 1.152225332373e-05 2.667499736362e-06
5.843462311641e-05 3.814388350426e-05 4.948733138272e-06
6.785998240761e-05 2.555827085580e-05 3.722411153035e-06
6.564037622024e-05 3.013566807150e-05 1.364753239430e-06
8.094111224739e-05 2.133822640767e-05 1.216767559316e-06
7.480464244133e-06 3.247946855597e-05 3.694780433046e-06
8.789757209805e-05 1.605923446701e-05 3.014558207601e-06
6.590851506384e-05 3.814388350426e-05 2.525158809153e-06
4.037897130828e-05 3.611897849625e-05 1.922756816044e-06
1.371825567518e-05 3.547671122239e-05 3.225732956661e-06
8.521220697483e-05 2.150532144135e-05 3.057595889250e-06
8.262550415759e-06 4.002238633868e-05 3.875526239316e-06
8.976216928480e-05 2.142811321349e-05 1.461832305890e-06
3.016515484847e-05 3.638899767846e-05 1.667245167466e-06
7.014197983335e-05 4.035923698276e-05 2.252917685569e-06
4.812434316723e-05 3.532787204927e-05 2.007498850804e-06
7.440126869535e-05 4.044153202606e-05 2.007166126292e-06
8.109065842236e-05 2.459089439208e-05 2.039336855675e-06
4.449443351743e-05 4.018554847521e-05 3.862916920757e-06
2.765557412038e-05 3.648087793629e-05 8.317510028391e-07
1.958310331120e-05 3.069157368909e-05 2.071159863299e-06
1.981631723338e-05 3.574121712731e-05 2.878062438120e-06
9.202298256457e-05 2.215067786349e-05 9.116411739286e-07
1.414097302718e-05 4.075755851624e-05 2.048615445895e-06
3.943946693231e-05 4.018554847521e-05 1.192049664361e-06
7.267395363915e-05 4.533987184092e-05 3.186806365479e-06
6.386185766080e-05 4.178548974427e-05 1.587027782009e-06
3.675835885255e-05 3.912544261494e-05 1.662509268164e-06
5.161309884945e-05 4.100498611801e-05 2.448502932798e-06
4.869741221813e-05 4.364932405857e-05 1.487707386271e-06
3.817261022535e-05 4.639729916305e-05 5.000000000000e-06
1.875552963296e-05 4.086209918718e-05 2.351442433847e-06
8.497626938932e-05 2.672000210827e-05 2.162419564970e-06
2.422521149173e-05 3.694171719391e-05 1.691352083309e-06
2.333721183048e-05 4.208454296044e-05 2.390517133449e-06
4.633258388990e-05 4.497844299727e-05 1.225034801112e-06
8.906462362284e-05 2.489862028271e-05 2.076174418291e-06
7.794039062584e-05 2.592652932203e-05 1.382374400777e-06
9.085419172809e-05 3.226976406847e-05 2.925339225409e-06
5.507132442815e-05 4.558293741667e-05 3.215291676620e-06
4.936114483779e-05 4.840361993169e-05 3.153570137292e-06
9.283319136791e-05 3.822992013484e-05 3.351988415429e-06
6.711850320074e-05 4.351001199984e-05 2.098038999307e-06
1.276167221965e-05 4.684797368207e-05 4.196032471311e-06
8.008212879057e-05 2.834337427629e-05 1.846308394664e-06
5.536505199643e-05 5.392030415450e-05 5.000000000000e-06
4.437563850499e-05 5.008155336677e-05 2.106727763678e-06
7.976575596316e-05 4.686229805447e-05 4.066568144257e-06
1.993408050187e-05 4.580156640995e-05 2.649082668522e-06
4.889602665709e-05 5.392030415450e-05 1.469025339340e-06
7.441411707234e-05 5.129637290095e-05 2.883328154392e-06
6.932115270365e-05 5.285681169830e-05 2.443327015694e-06
2.423634643576e-05 4.608944269031e-05 1.662803800143e-06
3.812855322827e-06 3.627117443513e-05 1.411127044941e-06
6.519508512167e-05 5.480151804787e-05 2.118067121754e-06
2.297272108904e-05 4.979808328394e-05 2.255201313386e-06
4.104606494827e-05 5.240212586661e-05 1.656927653542e-06
4.639056618475e-05 5.275484782189e-05 1.240873885034e-06
9.855647478043e-05 4.003610245405e-05 2.649533690686e-06
9.525530091055e-05 4.177915501443e-05 9.449503631679e-07
9.232631696807e-05 4.497872504932e-05 3.392813501253e-06
7.290357028826e-05 5.762510532939e-05 3.520760500667e-06
4.386600170487e-05 5.515480571277e-05 2.242403837318e-06
6.163655834077e-05 4.338050203880e-05 1.150858498215e-06
1.770377156716e-05 5.265256194490e-05 3.427456943755e-06
6.179918746622e-05 5.850522069811e-05 2.900604974023e-06
8.636967378155e-05 4.497872504932e-05 2.563829685264e-06
2.708819833214e-05 5.014378103393e-05 1.874769615427e-06
6.805087205226e-05 5.606613819655e-05 1.005197694651e-06
2.499461054250e-05 5.268345312624e-05 1.268063662293e-06
2.877669285795e-05 5.484033876586e-05 3.085810863054e-06
5.624656639620e-05 6.412553725578e-05 5.000000000000e-06
6.788438173436e-05 5.867728313873e-05 1.607526921277e-06
3.449963760078e-05 5.484036910027e-05 2.637133879862e-06
2.270995084290e-05 5.815823449902e-05 3.828940815304e-06
7.651844822240e-05 5.933498206504e-05 4.781169580504e-07
3.208527659978e-05 5.834713769415e-05 1.620380782525e-06
9.731346213257e-05 4.497872504932e-05 1.594331663247e-06
3.805303544855e-06 4.751540090582e-05 4.785170061636e-06
4.880415072770e-05 6.412553726052e-05 2.442415668503e-06
6.358279846273e-05 6.412553726248e-05 2.336232066528e-06
9.020115279654e-06 5.234448292123e-05 2.322170829363e-06
9.621536529988e-05 4.790444065069e-05 1.473859767757e-06
4.347080968344e-05 6.488106749710e-05 2.944174406187e-06
6.186214279547e-05 6.807364554694e-05 1.864565344921e-06
5.038797929716e-05 6.984454538612e-05 3.187172765395e-06
5.555038972738e-05 7.234604730364e-05 2.549376488775e-06
1.506289167720e-05 5.962228914684e-05 3.957006133884e-06
9.000481866123e-06 5.975173810861e-05 2.106759463068e-06
6.965282147228e-05 6.133749796518e-05 1.413733084987e-06
1.076481574551e-05 6.309576134668e-05 1.569155810693e-06
7.862746953671e-05 5.200440278021e-05 1.200018701051e-06
4.803735295518e-06 5.464256536293e-05 2.411588872727e-06
8.007683106348e-05 5.933498206504e-05 3.080265883030e-06
2.010483613775e-05 6.472516021338e-05 3.216543775967e-06
7.542741753809e-05 6.594358635114e-05 5.000000000000e-06
5.178974506421e-05 7.504750731332e-05 2.080994643460e-06
9.792903886157e-05 5.087094360559e-05 1.952044033789e-06
7.285650094400e-06 6.345614717302e-05 1.928625138946e-06
6.102480057425e-05 7.286396500327e-05 2.949479806889e-06
6.717234208904e-05 7.406673839045e-05 3.314619534197e-06
2.959360421561e-05 5.868971507758e-05 8.492690512159e-07
2.812975225861e-05 6.274832999527e-05 3.273398521172e-06
8.582530820573e-05 5.042938023404e-05 2.913941378125e-06
2.474806830172e-05 6.668675277324e-05 1.824036570183e-06
3.659289426892e-05 6.227578718091e-05 4.358992415474e-06
9.448666352205e-05 5.216262073686e-05 1.724690630222e-06
2.211497462428e-05 6.958590345484e-05 2.043444968745e-06
4.446383100754e-05 7.055518049768e-05 2.779445799365e-06
3.173278837429e-05 6.969580605363e-05 4.508832324918e-06
7.355524317317e-05 7.676780367673e-05 3.602682898496e-06
2.495047617879e-05 7.484559827083e-05 3.931875827912e-06
3.021896282614e-06 6.405592496084e-05 2.373805496604e-06
6.393253248696e-06 6.855775177050e-05 3.250442499079e-06
8.182749937114e-05 7.678004688582e-05 4.669582359651e-06
4.547173177202e-05 7.830868480778e-05 5.000000000000e-06
1.699321246460e-05 7.037852286703e-05 3.139285310650e-06
1.903283660710e-05 7.494128604811e-05 1.858601691805e-06
3.877278267720e-05 7.285466450456e-05 3.207378481459e-06
3.042847938310e-05 7.608455469314e-05 1.684487063035e-06
6.766207105285e-05 8.103644217264e-05 3.672271710535e-06
5.271594084528e-05 7.934806892029e-05 2.318172485924e-06
5.747244532799e-05 7.927602508727e-05 2.438879978578e-06
6.097993063678e-05 8.057806136093e-05 1.302481769370e-06
9.716420902427e-05 5.523106443030e-05 2.347728382642e-06
3.450810992963e-05 7.535879415234e-05 1.644992778999e-06
3.766755375514e-05 7.876783788352e-05 2.808198563279e-06
7.264876754511e-05 8.325762549917e-05 1.622493945966e-06
1.109188478146e-05 7.311320934387e-05 3.293969772736e-06
6.202660395704e-05 8.464597032823e-05 2.897935991461e-06
7.702899487642e-05 8.011329109310e-05 1.166291475619e-06
1.567311506872e-05 7.640683228470e-05 1.800581413249e-06
1.414871932218e-06 6.917718497885e-05 1.766327181888e-06
5.044072762945e-05 8.344626090945e-05 2.147420455781e-06
5.559610942727e-05 8.628630257468e-05 3.738479328282e-06
2.854949315251e-05 7.923258787158e-05 1.742505277925e-06
3.273906516679e-05 8.340379459759e-05 3.958051315950e-06
9.569917443995e-05 7.088453944137e-05 4.198926968924e-06
8.947044064880e-05 7.123886823946e-05 2.039876885836e-06
5.059544003237e-05 8.869340492046e-05 1.811372584660e-06
7.021352133383e-05 8.738419211692e-05 3.169066635122e-06
6.450261141774e-05 8.900627469395e-05 2.116351038089e-06
4.406264825759e-05 9.086127635750e-05 5.000000000000e-06
8.858753085217e-05 7.528218931335e-05 2.098718892394e-06
7.526273522156e-05 8.073151947335e-05 7.050394674627e-07
7.883410493353e-05 8.296544508664e-05 2.198497660958e-06
3.584795452407e-05 8.992655084447e-05 3.267704819001e-06
1.861125536654e-05 7.878834925413e-05 1.981520057492e-06
7.455026723069e-05 8.773070874398e-05 1.181507021465e-06
5.978762547145e-05 9.247974576194e-05 3.739947621887e-06
6.733025092685e-05 9.052064055237e-05 1.091301949548e-06
9.275504148848e-05 7.653535299338e-05 2.172855563110e-06
3.825248914504e-05 9.460924662657e-05 1.903467771350e-06
7.389489080649e-05 9.108926245171e-05 2.053963343593e-06
1.181464053735e-05 7.903675251362e-05 2.673503693188e-06
3.881418364068e-06 7.579907105525e-05 4.386233902339e-06
6.878610019618e-05 9.516968662315e-05 3.780402249528e-06
9.731250162102e-05 7.947575345497e-05 3.140205206722e-06
4.104458731199e-05 -8.918653879512e-07 3.390574284921e-06
4.104458731199e-05 9.910813461205e-05 3.390574284921e-06
5.215939003575e-05 -3.344397345332e-06 4.956482092981e-06
5.215939003575e-05 9.665560265467e-05 4.956482092981e-06
7.865164538348e-05 8.981726419674e-05 2.869928042728e-06
1.619670634504e-05 8.533904195099e-05 5.000000000000e-06
9.444471207495e-06 8.733329500014e-05 1.928072465258e-06
5.855547057475e-05 -3.699996101793e-07 1.770986255825e-06
5.855547057475e-05 9.963000038982e-05 1.770986255825e-06
8.464086982337e-05 8.938513121978e-05 2.198015079649e-06
2.559157987160e-05 8.880379963388e-05 5.000000000000e-06
3.137494619808e-05 9.325200907764e-05 2.247407513340e-06
2.286337401477e-06 8.322465965784e-05 3.088225030113e-06
1.163183288683e-05 9.005077683706e-05 1.560374707282e-06
9.675990754207e-05 8.552800380264e-05 2.898996541722e-06
5.931540355714e-06 8.635708222593e-05 1.717977275486e-06
9.161832428908e-05 8.809901602596e-05 2.849566989039e-06
9.619212350718e-05 9.104900972264e-05 2.592774344623e-06
7.529636593768e-05 9.573632012973e-05 2.754476027875e-06
6.336474677729e-05 9.682446804165e-05 1.887877701571e-06
1.342092860865e-06 8.879348695618e-05 2.557195009066e-06
2.822589901734e-05 9.467118721760e-05 1.200923333966e-06
8.297026012142e-05 -3.672922479667e-06 4.942125954374e-06
8.297026012142e-05 9.632707752033e-05 4.942125954374e-06
3.020027270626e-05 9.715537077182e-05 1.828876373722e-06
9.144380635266e-06 9.025837040959e-05 9.357251714716e-07
9.146686799997e-05 -1.543908050096e-06 2.946845122687e-06
9.146686799997e-05 9.845609194990e-05 2.946845122687e-06
5.027485508089e-06 8.905878712847e-05 1.130974592951e-06
1.507462178088e-05 9.389573790497e-05 3.600684400662e-06
9.338976640230e-05 9.214688644404e-05 4.169662818499e-07
2.065159018749e-05 9.373310856192e-05 1.978657727643e-06
2.577064901614e-05 9.558023361584e-05 1.417209191816e-06
1.977682848225e-05 -1.083180473193e-06 3.278348681236e-06
1.977682848225e-05 9.891681952681e-05 3.278348681236e-06
6.398234605985e-06 9.262462236138e-05 2.689253010703e-06
3.480832402731e-05 -2.014480692984e-06 2.853180407244e-06
3.480832402731e-05 9.798551930702e-05 2.853180407244e-06
8.342565230198e-07 9.466341865332e-05 3.236500087730e-06
1.001385933266e-05 9.482912492773e-05 1.545435149049e-06
5.657269018261e-06 -2.137422908208e-06 2.551079147229e-06
5.657269018261e-06 9.786257709179e-05 2.551079147229e-06
9.567905211259e-05 9.578708652239e-05 2.039745811865e-06
8.994140625000e-05 6.123046875000e-05 3.006145697416e-06
8.232421875000e-05 3.642578125000e-05 1.808184694882e-06
7.392578125000e-05 3.271484375000e-05 3.369048033605e-06
8.486328125000e-05 6.669921875000e-05 1.063161846627e-06
6.318359375000e-05 4.873046875000e-05 3.819078759418e-06
2.998046875000e-05 4.228515625000e-05 3.173020424441e-06
9.697265625000e-05 6.162109375000e-05 1.445969751032e-06
8.896484375000e-05 8.173828125000e-05 1.503384565176e-06
1.298828125000e-05 1.269531250000e-06 3.320243126771e-06
1.298828125000e-05 1.012695312500e-04 3.320243126771e-06
4.658203125000e-05 3.027343750000e-06 1.619832278779e-06
8.017578125000e-05 1.572265625000e-05 2.327338014414e-06
9.013671875000e-05 5.498046875000e-05 3.320312500000e-06
1.337890625000e-05 2.900390625000e-05 1.097516198344e-06
