# 2D packing, generated 2026-09-30T17:09:02.453972+00:00
# generator = preprocess/generate_packing_gravity.py
# periodic axes = xy
# porosity_achieved = 0.325164  (target 0.325000)
# 86 distinct grains; 103 rows including 17 periodic edge images.
# Centres span [-R, L+R]: a grain need only be PARTLY inside.
# Do NOT drop the out-of-box rows -- they carry the conduction
# paths that cross the domain edge, and k_eff depends on them.
# header row is 'Lx Ly'; grain rows are 'x y r', all in metres
1.000000000000e-03 1.000000000000e-03
-6.527063104414e-05 4.094831201472e-05 1.000000000000e-04
-6.527063104414e-05 1.040948312015e-03 1.000000000000e-04
9.347293689559e-04 4.094831201472e-05 1.000000000000e-04
9.347293689559e-04 1.040948312015e-03 1.000000000000e-04
7.965355621640e-04 2.110345033434e-05 2.569380596051e-05
7.965355621640e-04 1.021103450334e-03 2.569380596051e-05
6.750802944118e-04 5.947645702247e-05 1.000000000000e-04
6.750802944118e-04 1.059476457022e-03 1.000000000000e-04
7.589554132642e-05 7.174987807296e-05 4.448832225571e-05
4.299119984616e-04 1.161499513644e-05 2.927179801769e-05
4.299119984616e-04 1.011614995136e-03 2.927179801769e-05
8.138212244875e-04 1.751564162970e-04 8.064078575142e-05
5.004448742190e-06 1.721698011363e-04 4.848686843678e-05
1.005004448742e-03 1.721698011363e-04 4.848686843678e-05
5.337094109859e-04 8.920542150489e-05 4.446354294848e-05
9.318056741555e-04 2.419969411918e-04 5.267584720822e-05
4.482796564097e-04 7.992908504514e-05 4.146863884217e-05
6.917636914757e-04 2.039291138344e-04 4.472869488505e-05
7.611386584882e-04 3.314377690586e-04 8.428300499791e-05
4.824183935720e-04 1.406330532411e-04 2.816982708380e-05
1.925104754518e-04 3.138771768914e-05 3.212119881406e-05
1.925104754518e-04 1.031387717689e-03 3.212119881406e-05
2.554427853261e-04 5.441344184107e-05 3.489144170887e-05
6.292391136865e-04 3.518136431364e-04 4.661383238434e-05
1.411405977794e-04 5.268025049200e-05 2.348710923185e-05
3.401903957962e-04 4.870004723136e-05 5.004863534308e-05
3.401903957962e-04 1.048700047231e-03 5.004863534308e-05
6.800203982653e-04 4.502491917497e-04 5.958091404887e-05
1.726365345383e-04 8.470605032143e-05 2.143121088219e-05
7.793214141836e-04 4.620457442469e-04 3.489402332859e-05
8.886991800908e-05 1.527937634386e-04 3.758784962362e-05
4.233218314777e-04 1.466100395055e-04 2.973009372795e-05
5.591604825016e-04 4.430840571150e-04 6.149126063122e-05
-7.343481144838e-05 3.839480743182e-04 8.927780545629e-05
9.265651885516e-04 3.839480743182e-04 8.927780545629e-05
1.692858927807e-04 1.489600461637e-04 4.291015730116e-05
1.179584673517e-04 2.045322665216e-04 2.176736804543e-05
2.876664638459e-04 1.053704742325e-04 2.539949978216e-05
4.657875221697e-04 2.438440793630e-04 7.637268582666e-05
7.386671931406e-04 5.336712217304e-04 4.239303477377e-05
8.437971916361e-04 4.696015815331e-04 2.955485564843e-05
8.605328216661e-04 5.894267970854e-04 9.143347358084e-05
3.015859600602e-04 2.176484472882e-04 8.773806089229e-05
6.229849812645e-04 5.376350865968e-04 4.477267953640e-05
3.809557804387e-04 3.226747823172e-04 3.943193807002e-05
5.391923294988e-04 5.462558582452e-04 3.946400988610e-05
5.854052173519e-05 2.711043615263e-04 6.394606505192e-05
1.058540521735e-03 2.711043615263e-04 6.394606505192e-05
4.572861034113e-04 3.579822927869e-04 3.808181632103e-05
3.965536279614e-04 3.927699137535e-04 3.190836431437e-05
9.696564983929e-04 5.925400615300e-04 1.773487180700e-05
9.979499836931e-06 6.913592160563e-04 8.899475772653e-05
1.009979499837e-03 6.913592160563e-04 8.899475772653e-05
1.695505704299e-04 2.259719963781e-04 3.410230706254e-05
8.849035235275e-04 6.957126822896e-04 1.754560160543e-05
2.022305345007e-04 2.816156155468e-04 3.042835203308e-05
6.844936538785e-04 6.026466290503e-04 4.472615809078e-05
1.462994439243e-04 3.006566087987e-04 2.865503696398e-05
7.500969221904e-04 6.185229217475e-04 2.277148154542e-05
8.549362611538e-04 7.360019927170e-04 3.266661150591e-05
6.031531038337e-04 6.173560925200e-04 3.719562158455e-05
2.472171801598e-04 3.338954921428e-04 3.854259339088e-05
1.166626630041e-04 7.609126356311e-04 3.835913338037e-05
9.150974891887e-04 7.972362999079e-04 5.317647086816e-05
1.850659514176e-04 7.500623253405e-04 3.089944046516e-05
3.388058378240e-04 3.980086371917e-04 2.607657308138e-05
6.483431532039e-04 6.705561788371e-04 3.220628582722e-05
3.669036444426e-04 4.591234202916e-04 4.076850761608e-05
2.647925772409e-04 4.779325161459e-04 6.306051560003e-05
5.238019544814e-04 6.270061715314e-04 4.274018522686e-05
4.403819383505e-04 5.292466064761e-04 6.080117854524e-05
3.434128326900e-04 5.393265618324e-04 3.669130717949e-05
2.757503958631e-04 5.921965635148e-04 4.917780252581e-05
2.450933535826e-04 7.523202598698e-04 2.917045140018e-05
4.165260395062e-05 8.843735737557e-04 8.960055040026e-05
1.041652603951e-03 8.843735737557e-04 8.960055040026e-05
8.746036378788e-04 8.978156647352e-04 5.524907584310e-05
4.513479219563e-04 6.191784492248e-04 2.943219598504e-05
2.106668604926e-04 8.328175322943e-04 5.572522698771e-05
7.249196758068e-04 6.500233122116e-04 1.755430418785e-05
3.212226960210e-04 8.442707541978e-04 5.542230806824e-05
7.740990118643e-04 9.412288747476e-04 5.423145134584e-05
7.207436622552e-04 7.294446893927e-04 6.111945933860e-05
1.640203594355e-04 9.114888313503e-04 3.573554977252e-05
4.705816121917e-04 6.764752318584e-04 2.992080521204e-05
3.925970027724e-04 6.914962060548e-04 4.949734132589e-05
1.454017471728e-04 -1.924455615380e-05 3.598973699188e-05
1.454017471728e-04 9.807554438462e-04 3.598973699188e-05
2.548168510891e-04 -5.362761918251e-05 6.153153501718e-05
2.548168510891e-04 9.463723808175e-04 6.153153501718e-05
6.142839170332e-04 7.423190963067e-04 4.598264427273e-05
4.732211875640e-04 7.736633775561e-04 6.533592256581e-05
6.628180590564e-04 7.901554464733e-04 2.216337057175e-05
5.717031436210e-04 8.329788031949e-04 4.962935648622e-05
3.742741084983e-04 -5.554532002144e-05 5.794119772887e-05
3.742741084983e-04 9.444546799786e-04 5.794119772887e-05
5.011280321568e-04 9.268523550638e-04 6.781463058285e-05
9.082031250000e-05 5.048828125000e-04 2.287621732460e-05
1.357421875000e-04 4.111328125000e-04 3.822771719139e-05
1.474609375000e-04 5.908203125000e-04 2.215914079214e-05
4.882812500000e-06 5.185546875000e-04 2.983879286466e-05
1.004882812500e-03 5.185546875000e-04 2.983879286466e-05
6.767578125000e-04 8.759765625000e-04 6.337883101402e-05
