# 2D packing, generated 2026-09-28T18:44:29.796163+00:00
# generator = preprocess/generate_packing_gravity.py
# periodic axes = xy
# porosity_achieved = 0.400266  (target 0.400000)
# 262 distinct grains; 292 rows including 30 periodic edge images.
# Centres span [-R, L+R]: a grain need only be PARTLY inside.
# Do NOT drop the out-of-box rows -- they carry the conduction
# paths that cross the domain edge, and k_eff depends on them.
# header row is 'Lx Ly'; grain rows are 'x y r', all in metres
2.000000000000e-03 2.000000000000e-03
1.640035763650e-04 5.399754181419e-05 1.000000000000e-04
1.640035763650e-04 2.053997541814e-03 1.000000000000e-04
1.659097880140e-03 2.674844594128e-05 2.264564003464e-05
3.170061337331e-05 7.870031420116e-05 2.621593016159e-05
1.095716815421e-03 3.408132669932e-05 4.672514163701e-05
1.095716815421e-03 2.034081326699e-03 4.672514163701e-05
4.434848159358e-04 1.154515945394e-05 4.251613613905e-05
4.434848159358e-04 2.011545159454e-03 4.251613613905e-05
2.902518684488e-04 1.378080555179e-04 5.153575023684e-05
1.543430088279e-03 1.359298094400e-05 2.236878513774e-05
1.543430088279e-03 2.013592980944e-03 2.236878513774e-05
-1.208666468399e-05 1.035231350057e-04 2.370221638556e-05
1.987913335316e-03 1.035231350057e-04 2.370221638556e-05
1.706667963283e-03 4.583400644507e-05 2.857693394217e-05
1.245147711451e-03 1.558008092671e-05 3.421923238340e-05
1.245147711451e-03 2.015580080927e-03 3.421923238340e-05
5.304640607863e-04 1.362895218926e-05 3.958150283408e-05
5.304640607863e-04 2.013628952189e-03 3.958150283408e-05
1.656337706414e-03 8.654213427436e-05 3.615560654524e-05
1.212051185731e-03 1.220351371025e-04 7.726211706000e-05
4.898356898430e-04 6.976912727830e-05 2.971773081688e-05
3.638212556301e-04 2.127031196483e-04 5.344946644629e-05
2.369501448431e-04 1.907111668300e-04 1.850621162416e-05
4.748424929023e-04 2.451539105508e-04 6.221745064755e-05
1.000881502126e-03 1.015366949308e-04 6.965339882686e-05
1.122105057698e-03 1.942080913027e-04 3.806042733361e-05
1.053174334593e-03 1.902807486593e-04 3.098215620637e-05
1.875288526241e-03 3.002056558182e-05 5.842799991298e-05
1.875288526241e-03 2.030020565582e-03 5.842799991298e-05
1.766061561470e-03 4.599995376271e-05 3.081694520153e-05
7.308856016498e-04 1.295283156011e-05 3.944111618159e-05
7.308856016498e-04 2.012952831560e-03 3.944111618159e-05
3.617787625326e-04 3.593658960824e-04 9.322817306163e-05
1.471538689084e-03 4.113480947347e-05 5.461776176584e-05
1.471538689084e-03 2.041134809473e-03 5.461776176584e-05
8.239430870101e-04 5.719512985355e-05 6.359808286360e-05
8.239430870101e-04 2.057195129854e-03 6.359808286360e-05
5.171625382944e-04 3.859592748666e-04 6.441488284461e-05
1.593032022809e-04 2.202680537773e-04 6.445135443757e-05
6.804869568486e-04 6.794923873177e-05 3.515531938734e-05
1.587482310361e-03 1.146101358039e-04 3.820101339377e-05
1.014736138626e-03 2.223988175835e-04 1.910844192603e-05
5.950068917236e-04 1.542843226159e-04 8.633784191422e-05
8.929454568463e-04 1.350696597550e-04 4.044887504668e-05
6.413240913428e-04 4.302877244591e-04 6.742254567505e-05
1.495722065052e-03 1.554671662565e-04 6.224444103658e-05
4.446331772791e-04 4.609801105205e-04 3.788257903544e-05
7.398425039351e-04 1.019508540166e-04 3.166987039934e-05
6.780777192312e-05 2.522907388722e-04 3.248607969935e-05
1.351784809991e-03 2.275165807446e-04 9.781476555276e-05
2.545335790442e-04 4.455857460251e-04 4.437632293729e-05
1.474000756337e-03 2.400028490414e-04 2.503777984913e-05
1.609890595923e-03 2.189148168497e-04 6.801004573714e-05
3.357044543608e-05 1.341456913257e-04 2.926096697972e-05
1.684316705332e-03 3.047720971669e-04 4.561383405978e-05
7.488316419951e-04 4.506541791264e-04 4.199714142930e-05
1.081675719033e-03 3.262160462629e-04 1.000000000000e-04
1.520224448558e-03 3.179561667628e-04 6.559052432078e-05
3.506860082884e-04 5.307666062839e-04 7.853181446597e-05
1.238847874623e-03 3.145520984358e-04 4.388634185740e-05
2.288855888589e-04 6.095061974465e-04 6.650440275187e-05
4.509791884681e-04 5.975922674439e-04 4.198572888900e-05
1.311363024788e-03 3.616161889086e-04 4.224472360807e-05
1.185823092805e-04 6.386386671591e-04 4.758210092133e-05
1.627700250220e-03 4.439279380032e-04 1.000000000000e-04
1.808485842214e-03 5.135928906356e-04 9.374435462995e-05
1.683915560134e-03 5.768457242379e-04 4.431695992250e-05
1.803336776785e-04 7.205934950823e-04 5.472966627856e-05
1.191517068337e-03 4.117008269946e-04 3.918622555185e-05
1.412208554996e-03 3.647423317815e-04 5.212271638303e-05
9.121401819771e-04 4.323180233454e-04 1.000000000000e-04
7.901283739190e-04 5.764062551618e-04 8.880773570820e-05
1.080560559947e-03 5.093388445293e-04 8.281376433645e-05
-4.267339243501e-05 2.524304398087e-04 7.799517298308e-05
1.957326607565e-03 2.524304398087e-04 7.799517298308e-05
1.184179406688e-03 5.313681481572e-04 2.312091184746e-05
6.631737101876e-04 5.383641901546e-04 4.284045356597e-05
-3.788348869857e-05 5.603650155713e-04 6.684894722922e-05
1.962116511301e-03 5.603650155713e-04 6.684894722922e-05
6.773261625367e-04 6.099143240524e-04 2.886619540964e-05
9.316687877862e-04 5.854592319792e-04 5.266024673055e-05
3.861195816964e-04 6.474970960003e-04 3.947811490215e-05
9.667102186046e-05 7.649213738994e-04 3.995091363534e-05
5.194237736871e-05 5.744271432844e-04 2.407110250436e-05
6.062635176354e-04 6.477673682250e-04 5.164942287492e-05
1.268862239094e-03 4.333456313925e-04 4.113057270897e-05
4.882863219473e-04 7.430507163741e-04 1.000000000000e-04
7.101160470686e-04 6.450712694736e-04 1.662880268540e-05
8.914538765539e-04 7.180600911295e-04 8.535506171666e-05
1.627564471975e-03 6.190750951987e-04 2.610164423339e-05
1.828045995364e-04 8.753033919036e-04 1.000000000000e-04
3.281238301308e-04 6.769712135371e-04 2.557748289106e-05
1.875900428582e-03 6.481122914815e-04 5.579858395396e-05
1.351145665555e-03 4.352824206604e-04 4.117570416559e-05
3.311563767503e-04 9.145627104533e-04 5.345538672493e-05
4.398574594579e-04 9.654585475670e-04 6.657090880064e-05
1.214828936695e-03 4.714208698047e-04 2.492251341925e-05
1.465005943176e-03 4.705249552871e-04 6.482633549922e-05
7.054408782730e-04 7.629278171865e-04 1.000000000000e-04
1.300651631639e-03 5.712802985505e-04 1.000000000000e-04
3.493446856353e-04 9.964395141640e-04 2.909704365221e-05
1.167293717037e-03 6.853581639231e-04 7.549385389513e-05
5.335193604113e-04 1.033488947220e-03 4.919042743733e-05
1.745831884559e-03 6.268098497321e-04 3.524477444290e-05
4.493375423622e-04 1.079470251600e-03 4.673067616101e-05
1.039162017301e-03 7.376985579137e-04 6.291586151673e-05
2.529294573041e-05 6.552973192701e-04 4.718401563404e-05
2.025292945730e-03 6.552973192701e-04 4.718401563404e-05
1.127855725827e-03 8.160711567980e-04 5.544307641353e-05
1.571492029681e-03 6.666558562192e-04 4.743787349408e-05
1.057173186083e-03 8.308346710741e-04 1.676483713117e-05
2.706942742366e-04 9.554358538521e-04 1.893615851617e-05
-4.629736350950e-05 7.181525417725e-04 4.808476612834e-05
1.953702636490e-03 7.181525417725e-04 4.808476612834e-05
5.916929792276e-04 8.209036789314e-04 2.767061166260e-05
1.480233957224e-03 7.025011701259e-04 5.060770050639e-05
1.687031547043e-03 6.818106366329e-04 4.519375806339e-05
6.820961975341e-04 1.047005866574e-03 1.000000000000e-04
9.739318378022e-04 8.614571379721e-04 7.193047019957e-05
1.835352393746e-03 7.894619271792e-04 9.008925562318e-05
1.050526395508e-03 9.517301816556e-04 4.645850177839e-05
1.715281343953e-03 8.875065991418e-04 6.492695052027e-05
1.499293534783e-05 7.881756864150e-04 4.497306438711e-05
2.014992935348e-03 7.881756864150e-04 4.497306438711e-05
5.587141316660e-04 1.123581317777e-03 4.435855294897e-05
8.093593001710e-04 1.089740188897e-03 3.424648821419e-05
6.283207758727e-04 1.174234729592e-03 3.812662561648e-05
4.007738200953e-04 1.133715482429e-03 2.607715438017e-05
1.621412874610e-03 7.428772488030e-04 4.367630627603e-05
1.192446371810e-03 8.510358732434e-04 1.800406746993e-05
1.628102073889e-03 9.073462953983e-04 2.448181907968e-05
4.819239560032e-04 1.158910743626e-03 3.913355461754e-05
2.742215733661e-04 1.027679395800e-03 5.226272651476e-05
5.694839806200e-04 1.207997418745e-03 2.970911462698e-05
1.772805134707e-03 9.384638495981e-04 1.192127039989e-05
1.726551446785e-04 1.106370352592e-03 7.622075926149e-05
1.393199566973e-03 7.090778889077e-04 3.667485151324e-05
4.394748507320e-04 1.189909251961e-03 1.342911328810e-05
9.075824824114e-04 1.121423011424e-03 6.896007540066e-05
1.119785128423e-03 9.816100568744e-04 2.897079642965e-05
8.752845979468e-05 1.181694039837e-03 3.744634389268e-05
1.800293090633e-03 8.933777183113e-04 1.958143732534e-05
1.267978790827e-03 6.896295493763e-04 2.277646231162e-05
1.844798559361e-03 9.176011052643e-04 3.108916398732e-05
1.534977468796e-03 7.971481738570e-04 5.838396058598e-05
1.568921042956e-03 9.331930051160e-04 4.009743846878e-05
1.235989498465e-03 8.766361086282e-04 3.250707912825e-05
2.488503716099e-04 1.168232123361e-03 2.192500626004e-05
1.216142828510e-03 1.049061277936e-03 8.864924263166e-05
2.037018048127e-04 1.244212691859e-03 6.507469572605e-05
1.428525181277e-03 7.682430829587e-04 3.220182257967e-05
1.436809036753e-03 8.566798854787e-04 5.642486197736e-05
3.013679846480e-04 1.278497808488e-03 3.843449181735e-05
1.035771862596e-03 1.122145543372e-03 5.923134102372e-05
7.010304170435e-04 1.201825779335e-03 3.964199237990e-05
1.844412148614e-05 1.225640827124e-03 4.443140590815e-05
2.018444121486e-03 1.225640827124e-03 4.443140590815e-05
1.341082132700e-03 8.706782483619e-04 4.032013439408e-05
1.805054283585e-03 9.741815008473e-04 3.620113232210e-05
1.238214453426e-04 1.222315876144e-03 1.702671720135e-05
1.385510232489e-03 9.506713523502e-04 5.065437580280e-05
7.710952728766e-04 1.134479582698e-03 2.462410600976e-05
7.624193513572e-04 1.182808668106e-03 2.447754478242e-05
1.137844391205e-03 1.162658415407e-03 4.931798146941e-05
1.506244155894e-03 8.822270554285e-04 1.756090464446e-05
2.530470638922e-04 1.327884361293e-03 3.065923424146e-05
1.231853755266e-03 1.208792243347e-03 5.540112190459e-05
8.725009175029e-05 1.319502778272e-03 7.194869298028e-05
1.141684499733e-03 1.288738429347e-03 6.510567167677e-05
3.890275398358e-04 1.325789063718e-03 6.116802038465e-05
1.810543632613e-04 1.332399530627e-03 2.273798810533e-05
1.045989302169e-03 1.313002286984e-03 3.361547005229e-05
1.330267774513e-03 1.256350450768e-03 5.390167896314e-05
1.081721766502e-03 1.379374035706e-03 4.176369177343e-05
5.033937831580e-04 1.241768830346e-03 4.450963261473e-05
1.642228883643e-03 9.905625525808e-04 5.295163935261e-05
1.464549791379e-03 1.280958832744e-03 8.261657079518e-05
2.146291162630e-04 1.368483384725e-03 2.523548289410e-05
4.451383606712e-04 1.387105475140e-03 2.194711977977e-05
1.127997932277e-03 1.420028842145e-03 1.983417188047e-05
3.084623149377e-04 1.422463678480e-03 6.467607602938e-05
5.445087114576e-04 1.288440987002e-03 1.768946332715e-05
1.356163239673e-03 1.358478021524e-03 5.063833237860e-05
1.750873841669e-03 1.092753082088e-03 9.416276519101e-05
9.731095141137e-04 1.470480143730e-03 1.000000000000e-04
8.343919665436e-04 1.233951537596e-03 6.381543589252e-05
1.433247458974e-03 1.395779377368e-03 3.499675396494e-05
1.537003264604e-03 1.482144048265e-03 1.000000000000e-04
1.656469234149e-03 1.185683532646e-03 3.830723664494e-05
1.251389742850e-03 1.328104894158e-03 5.144886027725e-05
7.248535335173e-04 1.309527463091e-03 6.926494892918e-05
1.103174084087e-03 1.552958365234e-03 5.401119889766e-05
8.106849959771e-04 1.354140100168e-03 2.746833042662e-05
1.426389461934e-03 1.482144048265e-03 1.061380267068e-05
5.840183586810e-04 1.334472434245e-03 4.297276840718e-05
2.302082305876e-04 1.444707241992e-03 1.667795174543e-05
1.365921684692e-03 1.482144048265e-03 4.985397457100e-05
3.755104057225e-04 1.477111105334e-03 2.182125190420e-05
5.126551962973e-04 1.386884938214e-03 4.556971584628e-05
1.641374145330e-03 1.552370684739e-03 2.579769955731e-05
4.245280087496e-04 1.489170911527e-03 2.865809369308e-05
1.275753766788e-03 1.514409051908e-03 4.591284577514e-05
8.794034643238e-04 1.566344672697e-03 3.405533078073e-05
5.190124193124e-04 1.515610041448e-03 6.945577602142e-05
1.183186981334e-03 1.552957295545e-03 2.600169835856e-05
-2.194669549639e-05 1.382014763242e-03 5.387533735514e-05
1.978053304504e-03 1.382014763242e-03 5.387533735514e-05
1.603244660193e-03 1.606823174756e-03 4.067734317245e-05
1.167691341848e-03 1.613346797333e-03 3.435870141201e-05
4.124398610406e-04 1.595398218492e-03 6.367522477386e-05
7.643099799349e-04 1.474129442946e-03 1.000000000000e-04
4.333502543021e-05 1.430306236380e-03 2.732669134477e-05
1.344918115991e-03 1.582125979918e-03 5.088224469857e-05
8.131172681368e-04 1.620569273870e-03 5.092403311155e-05
9.144552666680e-04 1.646874826956e-03 5.377253871034e-05
1.004820935359e-03 1.715323496795e-03 5.959048311396e-05
5.493742852616e-04 1.685056138767e-03 1.000000000000e-04
7.083138079580e-04 1.764723209983e-03 7.762545846325e-05
1.423304615415e-03 1.589182338332e-03 2.782122082888e-05
2.455230606513e-04 1.479226052684e-03 2.007837432835e-05
1.770509268580e-04 1.525251449642e-03 6.242477877087e-05
1.873106359229e-03 1.092750225156e-03 2.806934321894e-05
1.495465310366e-03 1.636710076261e-03 5.858509704391e-05
9.706440181001e-05 1.568793929670e-03 2.864303213323e-05
1.150105978848e-03 1.759103486343e-03 9.214755348682e-05
1.439152051323e-04 1.646868113501e-03 6.240957025532e-05
2.913128186375e-04 1.540238945256e-03 5.281586049231e-05
1.719112160070e-03 1.552370684739e-03 5.194031518323e-05
2.954300228372e-04 1.710104354800e-03 1.000000000000e-04
1.370335527591e-03 1.734339894497e-03 1.000000000000e-04
5.990114796172e-04 1.814750084118e-03 3.886817678686e-05
1.560264207680e-04 1.755081936942e-03 4.647988846634e-05
1.666567214283e-03 1.631373509030e-03 2.723778599270e-05
1.574621146465e-03 1.665724316661e-03 2.481044237419e-05
1.543253125369e-03 1.700766695264e-03 2.133314681144e-05
4.477368114079e-04 1.762301159383e-03 2.765958366398e-05
8.477219640888e-04 1.689190190812e-03 2.519726354579e-05
8.910534542954e-04 1.732959200726e-03 3.476503283309e-05
4.001560280424e-04 1.862656347332e-03 8.340379960962e-05
1.012483364155e-03 1.829907404149e-03 5.119028465234e-05
1.263025946866e-03 1.889430734333e-03 7.053096876773e-05
1.074559521872e-03 1.859208291024e-03 1.690375965661e-05
9.164956962480e-04 1.855848540601e-03 4.824097276062e-05
5.153777261443e-04 1.862609392947e-03 3.181790805954e-05
1.255349392276e-05 1.784609158079e-03 1.000000000000e-04
2.012553493923e-03 1.784609158079e-03 1.000000000000e-04
1.843515615966e-03 1.613406929326e-03 8.662967793227e-05
2.721083824461e-04 1.903244277100e-03 5.092259238256e-05
6.532501817714e-04 1.849357187955e-03 2.334440415023e-05
1.500945792416e-03 1.797433542330e-03 4.505120704783e-05
1.135354995383e-03 1.888427161542e-03 3.801467870303e-05
1.934493307984e-04 1.841933854248e-03 4.809141427751e-05
5.970395769219e-04 1.925230841728e-03 7.108251698274e-05
4.907542129768e-04 1.951232490577e-03 3.411293095514e-05
1.171483721512e-03 -2.916180127277e-05 5.196791487852e-05
1.171483721512e-03 1.970838198727e-03 5.196791487852e-05
1.863533847118e-03 1.884978070477e-03 7.966860765172e-05
2.413875984006e-06 -3.107002106327e-05 8.261433073425e-05
2.413875984006e-06 1.968929978937e-03 8.261433073425e-05
2.002413875984e-03 -3.107002106327e-05 8.261433073425e-05
2.002413875984e-03 1.968929978937e-03 8.261433073425e-05
3.335062776039e-04 1.941960794811e-03 2.018832836531e-05
1.630503290541e-03 1.685907835969e-03 3.460494686327e-05
1.314227542172e-03 1.965506323953e-03 2.046960138721e-05
1.684868648936e-03 -9.606354205316e-05 1.000000000000e-04
1.684868648936e-03 1.903936457947e-03 1.000000000000e-04
3.737700209211e-04 -2.192741556946e-05 3.389707054673e-05
3.737700209211e-04 1.978072584431e-03 3.389707054673e-05
1.052877087114e-03 1.891242629058e-03 2.177862380479e-05
9.862790443201e-04 -5.505113069103e-05 6.377638508368e-05
9.862790443201e-04 1.944948869309e-03 6.377638508368e-05
1.524506397404e-03 1.900224542149e-03 6.040541061061e-05
1.441259209415e-03 1.840349980111e-03 2.730095849932e-05
1.354509003673e-03 -6.844870901913e-06 2.838787057629e-05
1.354509003673e-03 1.993155129098e-03 2.838787057629e-05
1.771484375000e-03 1.345703125000e-03 2.300004211845e-05
-1.367187500000e-05 9.902343750000e-04 3.357815320186e-05
1.986328125000e-03 9.902343750000e-04 3.357815320186e-05
8.789062500000e-05 4.121093750000e-04 7.198627482092e-05
7.792968750000e-04 2.519531250000e-04 7.715143470197e-05
1.494140625000e-03 1.080078125000e-03 6.725030108383e-05
1.783203125000e-03 1.855468750000e-04 3.322677475515e-05
1.869140625000e-03 1.255859375000e-03 1.871751367429e-05
1.654296875000e-03 1.322265625000e-03 6.780867090795e-05
1.841796875000e-03 1.435546875000e-03 1.688152187902e-05
8.222656250000e-04 9.199218750000e-04 2.490075959007e-05
1.814453125000e-03 3.339843750000e-04 4.834756826679e-05
7.910156250000e-04 1.904296875000e-03 2.770882634724e-05
-9.765625000000e-06 1.529296875000e-03 4.914395791502e-05
1.990234375000e-03 1.529296875000e-03 4.914395791502e-05
-1.757812500000e-05 1.103515625000e-03 3.374146243502e-05
1.982421875000e-03 1.103515625000e-03 3.374146243502e-05
