Lx=3.000000e-03
Ly=3.000000e-03
Lz=9.082031e-05
Nx=1713
Ny=1713
Nz=52
eps=8.756952130264e-07
