# 2D packing, generated 2026-09-30T17:10:16.462552+00:00
# generator = preprocess/generate_packing_gravity.py
# periodic axes = xy
# porosity_achieved = 0.325362  (target 0.325000)
# 1235 distinct grains; 1291 rows including 56 periodic edge images.
# Centres span [-R, L+R]: a grain need only be PARTLY inside.
# Do NOT drop the out-of-box rows -- they carry the conduction
# paths that cross the domain edge, and k_eff depends on them.
# header row is 'Lx Ly'; grain rows are 'x y r', all in metres
4.000000000000e-03 4.000000000000e-03
-2.229582045030e-05 9.329362361290e-05 7.564814050052e-05
3.977704179550e-03 9.329362361290e-05 7.564814050052e-05
1.368977864455e-03 3.541522666848e-05 5.013649030763e-05
1.368977864455e-03 4.035415226668e-03 5.013649030763e-05
9.222787297170e-05 1.411798858683e-05 4.689103725200e-05
9.222787297170e-05 4.014117988587e-03 4.689103725200e-05
1.452577794536e-03 6.578855658256e-05 3.881029011397e-05
9.972648341197e-04 3.611450592865e-05 1.000000000000e-04
9.972648341197e-04 4.036114505929e-03 1.000000000000e-04
1.126946570657e-03 4.229463852549e-05 2.982946583121e-05
3.030481732504e-04 9.504667399712e-05 9.649462674230e-05
3.030481732504e-04 4.095046673997e-03 9.649462674230e-05
2.840337484757e-03 3.999779121497e-05 4.945381508805e-05
2.840337484757e-03 4.039997791215e-03 4.945381508805e-05
1.868160590393e-03 1.077978044530e-05 2.877760380145e-05
1.868160590393e-03 4.010779780445e-03 2.877760380145e-05
1.238079987907e-03 4.998924434889e-05 8.157050591325e-05
1.238079987907e-03 4.049989244349e-03 8.157050591325e-05
8.529768358180e-04 4.233923574453e-05 4.442277339060e-05
8.529768358180e-04 4.042339235745e-03 4.442277339060e-05
1.141383083580e-03 1.039085716681e-04 2.871851383087e-05
1.692493102706e-03 4.838780221423e-05 4.351032516486e-05
1.813426040714e-03 6.445177499850e-05 4.603880093893e-05
1.090621484417e-03 1.317883611458e-04 2.919541032259e-05
1.521359500044e-03 7.200814024666e-05 3.025214729536e-05
3.792379878196e-03 1.310447012152e-05 2.749285453457e-05
3.792379878196e-03 4.013104470122e-03 2.749285453457e-05
1.915659618558e-03 8.905490190171e-05 5.911355664715e-05
2.111719391681e-03 5.314510311364e-05 4.897773109466e-05
3.865032947073e-03 1.075701760245e-04 3.792401100514e-05
4.416060010093e-04 9.496976475630e-05 4.206322682995e-05
2.971153656119e-03 5.821170932493e-05 7.874579659158e-05
2.971153656119e-03 4.058211709325e-03 7.874579659158e-05
8.864823794127e-04 1.779730972020e-04 7.998642773007e-05
7.386500234616e-04 5.123365470207e-05 7.025006743551e-05
7.386500234616e-04 4.051233654702e-03 7.025006743551e-05
1.847161532242e-03 1.139102570507e-04 1.375465754044e-05
2.557618655647e-03 1.386493180427e-04 1.000000000000e-04
3.110913582297e-03 5.572037885077e-05 6.052482037108e-05
3.110913582297e-03 4.055720378851e-03 6.052482037108e-05
2.235652321800e-03 6.434638636464e-05 4.008665839065e-05
2.762989188589e-03 1.760168856770e-04 1.000000000000e-04
2.171281735779e-03 1.416972017860e-04 5.774221566471e-05
4.086765205835e-04 1.571244912742e-04 2.502852865145e-05
1.475008323758e-03 1.510988421346e-04 4.939963072954e-05
2.928294024352e-03 2.330293540136e-04 7.440427046303e-05
1.862599671871e-03 1.601985006168e-04 2.963761142181e-05
1.010081869835e-03 1.791602494540e-04 4.361881134557e-05
1.577053296494e-03 1.710161603834e-04 5.457092481016e-05
3.901494363128e-03 1.646960678364e-04 2.878483402233e-05
1.194260313226e-03 1.903902404700e-04 6.550987703877e-05
1.087538941305e-03 2.264787699254e-04 4.714819826178e-05
2.071617433203e-03 1.419869611266e-04 4.160117399805e-05
2.604592444716e-03 3.117965206535e-04 7.940594106798e-05
1.500097001057e-03 2.386484141535e-04 4.167387961090e-05
3.664126894336e-03 4.994327665122e-05 7.232925189545e-05
3.664126894336e-03 4.049943276651e-03 7.232925189545e-05
1.744825950939e-03 1.049544812512e-04 3.355144366011e-05
3.631540599769e-04 2.150151203266e-04 3.768883230466e-05
-3.170569351042e-05 2.412064098695e-04 7.256275017015e-05
3.968294306490e-03 2.412064098695e-04 7.256275017015e-05
1.390064694486e-03 1.030644881821e-04 2.072306564705e-05
3.784925833691e-03 1.050772541984e-04 4.222190396532e-05
1.788886809399e-03 1.201191486884e-04 1.304604978995e-05
1.287872857202e-03 2.017663288871e-04 2.879137065689e-05
1.263264303670e-03 2.584428287587e-04 3.140611405343e-05
2.844766967376e-04 2.193420537156e-04 2.606750628873e-05
2.373550524935e-03 1.300673661423e-04 8.426808554986e-05
1.614753317789e-03 7.399893889351e-05 3.833956529161e-05
2.107212543275e-03 2.175968267558e-04 4.158358484613e-05
7.467669427749e-04 2.127831810982e-04 6.400023276987e-05
1.331822344088e-03 1.390884410951e-04 4.775977642114e-05
2.720204070691e-03 3.067339498553e-04 2.717633788727e-05
1.159281761551e-03 3.326697496008e-04 8.100626061965e-05
1.050087923407e-03 3.558786996167e-04 2.851340107498e-05
3.061768027616e-03 1.770142762269e-04 7.034723595017e-05
9.565149080045e-04 3.548545568794e-04 6.506522649177e-05
2.708004226860e-03 3.895039446875e-04 4.994799558210e-05
2.264870982793e-03 2.468698942356e-04 7.527524563307e-05
1.674202818706e-03 1.233777677265e-04 3.367794813884e-05
4.424693959904e-04 2.175534325283e-04 4.166720201324e-05
1.330862346656e-03 2.552117022896e-04 3.626911970652e-05
3.732552897570e-03 1.153467636067e-04 1.114839124794e-05
1.918894088934e-03 1.734979951669e-04 2.539146121297e-05
8.309887773714e-04 2.783515665582e-04 3.442869254613e-05
3.156429177800e-03 2.133816676583e-04 3.105947263481e-05
1.728453264216e-03 1.960389981234e-04 5.700151638745e-05
3.043837289040e-03 3.193909874477e-04 6.889477533464e-05
2.002058492591e-03 2.271644026652e-04 6.400482882056e-05
1.639348667568e-03 2.559540947898e-04 5.034059003174e-05
1.416612253162e-03 2.895215698661e-04 5.609004639158e-05
1.326876958828e-03 3.388821754180e-04 4.632525539006e-05
1.554495801849e-03 3.121312843680e-04 4.975354315707e-05
1.656993351189e-03 3.848524640740e-04 7.592115657676e-05
3.816858689887e-03 2.409253447484e-04 7.880210587360e-05
3.700939502189e-03 2.588093985950e-04 3.848854788233e-05
1.483805848231e-03 3.328109574757e-04 2.384086606112e-05
2.824420389379e-03 3.416776723107e-04 7.590936598871e-05
1.910070659401e-03 2.272567935188e-04 2.798305110974e-05
3.737183014388e-03 3.406943998788e-04 4.887740013489e-05
2.947389993319e-03 3.434728956401e-04 3.011561785818e-05
1.420528520711e-03 4.341894928056e-04 8.703971623997e-05
2.921804582183e-03 4.241686773219e-04 5.171683426653e-05
8.368569040363e-04 3.892269880794e-04 5.943178491829e-05
2.591890506747e-03 4.480468590735e-04 5.743518651921e-05
1.930638791171e-03 2.733247679076e-04 2.103371033959e-05
1.562855136137e-03 4.889291826472e-04 6.441404397809e-05
2.150663133547e-03 2.980986653196e-04 4.989592189100e-05
6.220865923264e-04 7.141048245404e-05 4.804677775583e-05
2.833263421924e-03 4.648714210790e-04 4.463995295868e-05
6.765915948093e-04 1.340793464684e-04 3.326220321508e-05
3.359404098484e-03 3.185668399151e-05 2.494897825447e-05
1.787306725920e-03 3.817359225447e-04 5.442950484207e-05
3.609817227089e-03 2.588093424679e-04 5.263372721726e-05
3.145703993963e-03 2.829221356512e-04 3.930320397866e-05
5.661217886550e-05 5.898685041890e-05 1.039505202526e-05
1.739003512883e-03 4.579030216531e-04 3.390622684132e-05
1.876061339526e-03 2.851575297178e-04 3.481172370536e-05
3.414537542220e-03 6.946608736405e-05 3.981342014486e-05
1.475115093235e-03 5.546151821067e-04 4.517995401106e-05
3.532196038533e-03 2.643292174535e-04 2.518348124401e-05
1.963341524095e-03 3.406127147884e-04 5.378030267926e-05
1.663628455728e-04 6.554921280253e-05 4.333747674890e-05
1.659875069976e-03 5.143014946262e-04 3.545715570233e-05
3.222764887888e-03 1.179635193374e-05 3.188178810220e-05
3.222764887888e-03 4.011796351934e-03 3.188178810220e-05
1.572436471082e-03 6.348798161088e-04 8.097020432376e-05
5.836269349261e-04 2.295581853885e-04 1.000000000000e-04
2.671466390884e-03 4.526732860245e-04 2.216967790606e-05
3.455958960921e-03 2.643292070265e-04 5.105359636777e-05
3.739152719844e-04 2.908229974209e-04 3.887920681844e-05
9.485798409256e-05 1.147372838654e-04 4.345202575458e-05
1.386671261280e-03 5.607142248783e-04 4.331534387387e-05
1.725586602676e-03 6.348565729344e-04 7.217992937854e-05
1.734216180059e-04 1.616555665131e-04 4.805518908365e-05
2.912821082108e-03 5.347564135168e-04 5.923518551434e-05
7.295476805383e-04 4.116728293076e-04 5.019982738745e-05
4.671409296335e-04 3.786388803793e-04 8.919376573662e-05
1.655305852665e-03 7.163614831717e-04 3.524768028622e-05
3.327800303023e-03 1.015168092400e-04 5.154502763610e-05
3.893782789262e-03 2.979311229163e-04 1.694207200052e-05
1.816867406335e-03 6.416493957898e-04 1.935327548111e-05
3.155843582359e-03 3.842967757138e-04 6.049237674499e-05
1.739224855228e-03 7.738022351835e-04 6.644715296824e-05
2.396446862944e-03 2.958363748330e-04 6.459009594113e-05
3.865921178902e-03 3.490814346973e-04 3.996166530136e-05
5.651945108280e-04 4.036771711790e-04 1.200614466165e-05
2.075098749796e-03 2.675759278710e-04 1.731569637348e-05
1.598560531693e-03 8.273330898764e-04 8.405233692453e-05
3.223384207235e-03 9.965273887046e-05 5.288770582401e-05
3.408005310945e-03 1.526869449714e-04 4.359290426582e-05
9.266494174431e-04 5.209683934126e-04 1.000000000000e-04
5.650828671160e-04 4.773897696804e-04 4.989032227810e-05
6.588620491869e-04 4.738712893588e-04 4.395490282468e-05
8.011634831674e-04 5.206231537077e-04 2.514328640298e-05
3.634720459627e-03 3.719456826523e-04 5.818605213699e-05
2.073520053217e-03 3.812757085064e-04 6.354779623948e-05
2.299823331317e-03 3.797610475255e-04 6.213554518571e-05
8.132449398307e-04 5.698131204148e-04 2.329894638348e-05
9.208879662138e-05 2.054212733275e-04 4.390730716565e-05
3.805871599926e-03 3.948818765548e-04 3.556073143956e-05
1.026027073989e-03 3.911042681324e-04 1.318887738419e-05
3.720036083519e-03 4.425420346323e-04 5.255058894617e-05
3.629414797671e-03 4.755344950411e-04 4.388967004249e-05
3.240546861191e-03 3.841402387983e-04 2.421085680774e-05
3.496008828882e-03 4.754853597416e-04 8.951632140948e-05
3.806633442179e-03 4.705578190639e-04 3.846585947265e-05
1.890605447963e-03 4.269234101926e-04 5.832039099001e-05
8.387371029255e-04 6.317525581327e-04 4.142738884885e-05
2.737103044702e-03 4.779275375463e-04 4.314052826952e-05
1.988748892020e-03 4.425718572658e-04 4.106276634622e-05
2.186882822683e-03 4.558197633565e-04 7.212804518286e-05
3.062993084767e-04 2.726369590715e-04 2.866657792535e-05
2.066199549567e-03 5.102219895265e-04 6.004589535354e-05
3.591764146098e-03 5.301414391589e-04 2.070667733190e-05
1.841700135954e-03 7.737828473024e-04 3.602812986136e-05
1.247326695378e-03 4.824920350038e-04 9.277132796062e-05
3.238623510579e-04 3.333919998846e-04 2.682793397853e-05
2.776910537334e-03 6.125253402385e-04 9.722045409310e-05
3.922002613840e-03 3.170987290055e-04 1.633362159050e-05
3.236852297004e-03 4.568960812950e-04 4.828754336586e-05
2.170647970537e-03 6.314870544727e-04 1.000000000000e-04
3.750062856445e-03 5.604360069002e-04 6.773358653402e-05
3.007889100046e-03 4.165527926267e-04 3.470391523030e-05
2.606123338962e-03 6.072339788017e-04 7.176525322756e-05
2.424496687174e-03 4.319178785858e-04 7.300801082507e-05
1.818432561276e-03 8.449583148565e-04 3.884955918140e-05
2.929558680980e-03 6.629091240266e-04 6.352773897038e-05
2.667869390137e-03 7.245205596514e-04 5.908981792229e-05
3.935574795281e-03 3.628420668307e-04 3.103820280687e-05
2.466774279583e-03 6.072341653682e-04 6.758380615110e-05
-3.585442685772e-06 3.710983535044e-04 3.035921500467e-05
3.996414557314e-03 3.710983535044e-04 3.035921500467e-05
2.588509895005e-04 3.446516313477e-04 3.915135729286e-05
1.703634230904e-03 8.602230103308e-04 2.604865822677e-05
1.965570442243e-03 5.209055170748e-04 4.062813553159e-05
1.076874602727e-03 4.477643386680e-04 6.054836395373e-05
2.348008380386e-03 6.155085356684e-04 5.146187897638e-05
3.884427680590e-03 4.703772218484e-04 3.932864279536e-05
2.829993445217e-03 7.811553201218e-04 7.956717402728e-05
3.336458270714e-03 1.890705864246e-04 3.643579018137e-05
2.005854094463e-03 5.835853898541e-04 3.388051731770e-05
1.434459720267e-03 6.263089546730e-04 3.723883557769e-05
9.412254733893e-04 7.136320118446e-04 8.975230112077e-05
1.910905929554e-03 8.604412512160e-04 5.491101440409e-05
2.402653557807e-03 6.575244417405e-04 1.390594070028e-05
7.319097888940e-04 5.080135487633e-04 3.667802601620e-05
1.788058299463e-04 2.532394431745e-04 4.368682075177e-05
3.345013136129e-03 4.824405255026e-04 6.163947954466e-05
6.736791635729e-04 5.449492537226e-04 2.865105464593e-05
1.304726154633e-03 6.019279111227e-04 3.974144249609e-05
3.388361063222e-04 3.930192554516e-04 3.465075397137e-05
3.641937065191e-03 5.789162348786e-04 4.196010869556e-05
2.370200961811e-03 7.279537497195e-04 6.315241698770e-05
3.633866235719e-04 4.804820269792e-04 5.619236597776e-05
1.098231550950e-03 7.405011859709e-04 6.953630782295e-05
2.022383658989e-03 6.641743541712e-04 4.838616981553e-05
1.022256123778e-03 8.295715548794e-04 4.753090275194e-05
1.028280044365e-04 2.888956345438e-04 4.024168442609e-05
2.078684136473e-03 7.127186517595e-04 2.270256384198e-05
3.076105441682e-03 4.436308286146e-04 3.869015340179e-05
4.758584017418e-04 5.113065977443e-04 4.376018703283e-05
1.482443328147e-03 8.273330898764e-04 3.206486662143e-05
7.450184180944e-04 6.316963666720e-04 5.229131309751e-05
1.677088153203e-03 9.336738613906e-04 4.814050337402e-05
1.403342179064e-03 8.273330898764e-04 4.703628246150e-05
3.007759202696e-03 8.065266708107e-04 1.000000000000e-04
1.829765648369e-03 9.508481344166e-04 6.656799514425e-05
2.710270061064e-03 8.191547415748e-04 4.457677249676e-05
2.887501049377e-03 8.960549353573e-04 4.892035921970e-05
1.681593235681e-04 3.652922498918e-04 5.385952747061e-05
1.127210328205e-03 5.342420577142e-04 3.547906295030e-05
9.305390201090e-04 8.501769879459e-04 4.647234707119e-05
2.266164289390e-03 7.373867765417e-04 4.131102742275e-05
4.116611196483e-04 5.778649152457e-04 4.871315142160e-05
5.934015630369e-04 6.460132540808e-04 1.000000000000e-04
1.235776239879e-03 6.036959069769e-04 2.898168852007e-05
3.151746671897e-03 8.124811672327e-04 4.411053856650e-05
7.284722932671e-04 7.770723146238e-04 8.818698009703e-05
2.111261885065e-03 7.327369449783e-04 1.553409091060e-05
8.333405418856e-04 8.132097228842e-04 2.273308952114e-05
3.252617956010e-03 5.735346131965e-04 6.811029195942e-05
3.687982720843e-03 6.296267362086e-04 2.518573788725e-05
2.765376493663e-03 9.209463266409e-04 7.117401887876e-05
3.119948090379e-03 8.927770620811e-04 4.151140076308e-05
1.000188393920e-03 9.380069487539e-04 6.312721645234e-05
5.828548628131e-04 8.085155526403e-04 6.078655201176e-05
2.880869674699e-03 1.043665478487e-03 9.734501593840e-05
2.749047130117e-04 5.958814539388e-04 8.922500051551e-05
1.218635638761e-03 6.910350947290e-04 6.002356964428e-05
3.028997684091e-03 1.092794783339e-03 5.871777835213e-05
3.946400027829e-03 4.889591566069e-04 2.536964490347e-05
2.203324279044e-03 7.500020844361e-04 2.278275463268e-05
1.733756205591e-03 1.010961368653e-03 4.670783649227e-05
8.512219251570e-04 8.680471015179e-04 3.483289575299e-05
1.460727102735e-03 9.431426128163e-04 8.221105820098e-05
3.349368814841e-03 5.953168526164e-04 3.105469299052e-05
3.315228234285e-03 6.623031474452e-04 4.051705202063e-05
1.366766932855e-03 6.363080166317e-04 3.118846700343e-05
1.370879993228e-03 9.756759464705e-04 1.334479397736e-05
3.448698378825e-03 7.031871442038e-04 9.907442647959e-05
8.737414949019e-05 3.819522646057e-04 2.862565022146e-05
1.211675593017e-04 4.710578618935e-04 6.187549600296e-05
2.536222283744e-03 6.769710449547e-04 2.697336203675e-05
1.183479385306e-03 7.612862790163e-04 1.820885366139e-05
8.919131520551e-04 9.050935059758e-04 2.019629677000e-05
2.135837238429e-03 8.102340137199e-04 6.576623907956e-05
8.932817825451e-04 9.770476208861e-04 5.068489905443e-05
7.791790832211e-04 9.029571434796e-04 4.522259814944e-05
1.483358569291e-04 6.377934229851e-04 4.410297577093e-05
2.499824973939e-03 7.753307809677e-04 7.485833491365e-05
2.957515272617e-03 1.166173556964e-03 4.365677688945e-05
2.048399502071e-04 6.860292241462e-04 2.494920131831e-05
1.379295240637e-03 1.022219742724e-03 3.129815128997e-05
2.299555657728e-03 8.750255532821e-04 1.000000000000e-04
3.561961906536e-03 5.866046620176e-04 3.838376705126e-05
1.247997089347e-03 1.022219742724e-03 1.000000000000e-04
1.366727416523e-03 1.088594664198e-03 3.602397138758e-05
6.520783148478e-04 8.664440488168e-04 2.938574978271e-05
3.153861011074e-03 5.834319177754e-04 3.114136394397e-05
2.764003835736e-03 1.047756222081e-03 1.950687574568e-05
1.060590221619e-03 1.076812016740e-03 8.825054838853e-05
3.729696466231e-03 6.460273469968e-04 1.963633124476e-05
2.160529893818e-03 9.294694808979e-04 4.930607584749e-05
9.257818163935e-04 1.068698596731e-03 4.655785683739e-05
6.989717035825e-04 8.781960207529e-04 1.715194306536e-05
9.388675235113e-04 1.211564571337e-03 9.333873049352e-05
3.044384228474e-03 1.200311882026e-03 4.967939364338e-05
3.115384054243e-03 1.200311882026e-03 2.132043212570e-05
8.045322438360e-04 1.211564571337e-03 4.099654918178e-05
1.588960156339e-03 1.008110554463e-03 6.154063562679e-05
3.115902892241e-03 1.284685884611e-03 6.092753009670e-05
2.723766425822e-03 1.047756222081e-03 2.073053416869e-05
1.511952994069e-03 1.030085649359e-03 1.854062208441e-05
3.236504190979e-03 6.808970761969e-04 4.037305365743e-05
1.088048373114e-03 1.219916411594e-03 5.607572370604e-05
1.039049161785e-03 1.328386733495e-03 6.055661777462e-05
1.760805149218e-05 5.481776489103e-04 6.724475523869e-05
4.017608051492e-03 5.481776489103e-04 6.724475523869e-05
6.728953747308e-04 9.800426546738e-04 8.607249972757e-05
5.294315421838e-04 5.286532760060e-04 1.255139750983e-05
1.512555366660e-03 1.127814566215e-03 7.919015117887e-05
7.075724197335e-05 6.338511416035e-04 3.357589098479e-05
7.115105299485e-04 1.216564298299e-03 5.215943035934e-05
3.325027983479e-03 7.457550549266e-04 3.171530316358e-05
3.856432160549e-03 5.603616752138e-04 3.862657583901e-05
2.608732196997e-03 8.000186342461e-04 3.681204327707e-05
3.218855089941e-03 1.293972052509e-03 4.244261997341e-05
3.831149802597e-03 7.094313332938e-04 1.000000000000e-04
4.895314958715e-04 8.137372882481e-04 3.268278702559e-05
2.862327451600e-03 1.198841358880e-03 5.698072383540e-05
2.946807365777e-03 1.256885870349e-03 4.551816011526e-05
1.822372706891e-03 1.091912519777e-03 7.331704913967e-05
3.638390140989e-03 7.635830258239e-04 1.000000000000e-04
1.609446014656e-04 7.038849827290e-04 2.243896899883e-05
2.745030222529e-03 1.104750510703e-03 4.010118441567e-05
1.613854034368e-03 1.127814566215e-03 2.210851652956e-05
1.199440254267e-03 1.335675420862e-03 1.000000000000e-04
9.443907660527e-04 1.341112273299e-03 3.495333587347e-05
2.571419841436e-03 8.847772750943e-04 5.579594312812e-05
1.080127670173e-03 1.446928554585e-03 6.313415487356e-05
-8.453412991497e-07 7.059553495856e-04 6.804086009097e-05
3.999154658701e-03 7.059553495856e-04 6.804086009097e-05
2.429288204752e-03 8.526426274940e-04 2.979613189843e-05
2.446186741352e-03 9.469048290775e-04 6.330127058187e-05
3.179314873801e-03 1.357103318220e-03 3.204889231271e-05
1.708293504396e-03 1.095935775060e-03 4.083307580524e-05
5.115993272372e-04 8.968661359858e-04 5.271753129679e-05
1.939438044713e-03 1.122781409579e-03 4.774979882809e-05
3.023839382421e-03 1.278472190835e-03 3.113597972323e-05
3.298465940823e-03 1.414023729220e-03 1.000000000000e-04
8.324583758165e-04 1.285377992268e-03 3.616543091738e-05
3.938866601495e-03 8.112595149806e-04 4.804849954841e-05
2.750083202983e-03 1.200107104947e-03 5.527066128097e-05
1.745642376591e-03 1.145451964722e-03 2.024584816988e-05
1.363138019121e-03 1.335675420970e-03 6.369776485356e-05
3.039996279735e-03 1.337402325498e-03 2.996889816913e-05
3.495419414747e-03 8.755175315754e-04 7.947701612649e-05
9.967824592213e-05 6.959650420632e-04 3.173572458074e-05
3.423171457288e-03 1.414023729220e-03 2.470551646511e-05
3.169218366869e-03 1.441081569801e-03 3.204946841965e-05
3.876676591549e-03 8.157795355649e-04 1.430555343195e-05
1.661794996518e-03 1.157037877415e-03 3.403716691418e-05
2.559082290041e-03 9.934013755358e-04 5.352656336428e-05
5.333146686263e-04 1.000846865474e-03 5.350651568173e-05
1.187926335911e-03 1.495574771791e-03 5.513252168073e-05
2.807969522778e-03 1.257682769173e-03 2.312605484837e-05
3.419875182309e-03 1.477798056319e-03 3.713996031481e-05
2.479140187935e-03 1.061252452601e-03 5.132813792098e-05
3.385734255503e-03 9.172731986162e-04 3.788724545271e-05
2.051325004234e-03 8.102340137199e-04 1.874599511523e-05
2.002032869551e-03 1.122781409579e-03 1.484502601074e-05
3.649839926746e-03 9.669850381710e-04 1.000000000000e-04
3.090942060372e-03 1.382039462919e-03 3.776548454698e-05
3.526492232200e-03 9.798873553815e-04 2.402052122169e-05
4.602313003788e-04 6.431067383579e-04 3.262295805504e-05
2.358226228336e-03 9.923712809147e-04 3.119548638128e-05
1.105464632994e-03 1.552790652143e-03 4.523475093612e-05
2.063737890035e-04 7.570700023857e-04 4.610822466727e-05
1.294216680818e-03 1.497445614997e-03 5.117428654258e-05
2.347131097170e-03 1.115073021597e-03 9.123081034404e-05
7.926707849106e-05 7.458194524914e-04 2.130717478400e-05
3.197668124139e-03 1.510816786028e-03 3.974654090329e-05
1.409965313298e-03 1.144210108675e-03 2.470177758041e-05
4.266163766846e-04 8.968661359858e-04 3.226541925575e-05
3.280514604168e-03 1.566786482638e-03 5.381387882603e-05
1.881886435847e-03 1.258861589512e-03 1.000000000000e-04
3.371862372528e-03 1.566786482638e-03 3.753388953421e-05
5.888857928008e-04 1.046410010654e-03 1.835550516855e-05
1.606057560991e-03 1.187752204195e-03 2.960269157633e-05
1.548105613166e-03 1.303676444142e-03 1.000000000000e-04
1.727316498516e-03 1.315560192521e-03 6.464081240546e-05
8.616593962063e-04 1.372377715672e-03 5.348877764391e-05
1.816612656582e-03 1.397942513887e-03 5.363648585015e-05
1.718706567583e-03 1.432163212469e-03 5.007782596068e-05
1.225515412680e-04 8.101948273712e-04 5.313099621129e-05
4.022227868096e-05 7.946761046995e-04 2.972378984311e-05
7.081706185624e-04 1.372377715779e-03 1.000000000000e-04
2.479588057735e-04 8.982560862122e-04 1.000000000000e-04
3.017353263183e-03 1.405291780025e-03 3.940951997277e-05
2.580355313696e-03 1.105545830407e-03 5.915446253290e-05
3.781640918748e-03 1.013681268404e-03 3.982860730912e-05
3.736652771391e-03 1.099547003623e-03 5.710875792369e-05
3.507895137065e-03 1.106220496697e-03 9.883367395409e-05
3.664758367029e-03 1.239240798895e-03 1.000000000000e-04
1.448215562258e-03 1.398244097696e-03 3.755385625008e-05
1.414353615547e-03 1.511731737203e-03 6.980908576031e-05
2.846193203457e-03 1.273475576105e-03 1.823168342951e-05
2.748742133637e-03 1.319287546830e-03 6.233172568923e-05
2.191837831518e-03 1.051278133992e-03 7.646170592397e-05
2.886277658767e-03 1.319300718831e-03 4.142698777618e-05
9.478485810469e-04 1.423001580938e-03 4.646796959214e-05
3.345548735947e-03 1.675953128195e-03 7.325616012227e-05
8.122739208835e-04 1.428942074716e-03 1.847794839612e-05
2.042992176660e-03 1.258861589512e-03 6.110574081353e-05
1.501853514518e-03 1.511731737203e-03 1.769081321150e-05
5.494908559933e-04 1.095765936354e-03 4.278106947059e-05
3.246784749077e-03 1.675953128288e-03 2.550782674759e-05
3.108881690693e-03 1.447536651884e-03 2.863152182150e-05
3.844915243522e-03 1.288978880016e-03 8.689670104398e-05
2.833696526642e-03 1.408789062459e-03 6.106912597204e-05
1.031003124893e-03 1.552790652143e-03 2.922675716440e-05
6.308879641146e-04 1.106401104118e-03 3.930788230668e-05
3.961892833396e-03 1.288978880016e-03 3.008088883032e-05
5.850287613115e-04 1.158493780667e-03 2.931418118169e-05
1.991322773255e-03 1.358092969522e-03 4.772670281273e-05
3.724961304478e-04 9.284723640835e-04 2.815057036715e-05
1.787229295084e-03 1.473434220805e-03 2.737203065467e-05
2.105016089768e-03 1.372771783772e-03 6.691027990958e-05
1.329161146977e-03 1.596687352381e-03 5.050389463306e-05
5.434415904194e-05 8.492721624804e-04 2.547744896078e-05
3.477767677680e-04 9.855645265765e-04 3.261368442057e-05
1.191640024010e-03 1.669696318656e-03 1.000000000000e-04
2.715119072768e-03 1.439021125521e-03 6.130158214124e-05
2.471969106184e-03 1.160349295266e-03 4.151271515930e-05
2.783844905442e-03 1.460300078975e-03 1.061468641746e-05
1.422858119091e-03 1.634135024354e-03 5.039928033876e-05
4.543618975558e-04 9.352908047149e-04 1.512940214226e-05
1.330793955180e-03 1.689000809814e-03 4.048658277285e-05
2.225025226000e-03 1.169457726827e-03 4.243870734711e-05
9.023836059477e-04 1.565303609963e-03 1.000000000000e-04
2.953128049339e-03 1.424925141818e-03 2.774959697045e-05
3.454220772203e-03 1.675953128195e-03 3.541587613373e-05
3.439340079963e-03 1.774210384489e-03 6.257941926280e-05
1.250895863041e-04 8.861612067625e-04 2.287777453393e-05
1.007116663548e-03 1.742689425956e-03 9.843604579135e-05
8.639500661270e-04 1.759525531209e-03 4.571709866700e-05
2.812413680808e-03 1.568445893865e-03 1.000000000000e-04
2.286711118568e-03 1.226327282028e-03 3.537126026938e-05
1.732504841222e-03 1.548609192680e-03 6.561206608732e-05
1.425800163079e-03 1.777318954560e-03 8.922954664258e-05
2.947487284841e-03 1.578475713292e-03 3.544547162742e-05
1.581479633054e-03 1.822976673769e-03 7.300708514973e-05
3.947186030095e-03 1.354116842677e-03 3.435620805962e-05
7.580917412468e-05 8.998046867128e-04 2.825639829935e-05
2.917258726311e-03 1.619521945766e-03 1.553059090358e-05
4.989189041777e-04 1.188160157624e-03 6.176271719173e-05
1.240826704958e-04 9.473177799098e-04 3.323793258610e-05
1.270078648114e-03 1.833299641769e-03 7.624863186830e-05
1.829972749641e-03 1.562474795833e-03 3.283714986821e-05
2.629533600549e-03 1.439530047778e-03 2.428540318264e-05
4.240742557179e-04 9.885230150539e-04 4.374114071537e-05
9.088739984613e-04 1.821868278998e-03 2.774205061367e-05
7.889382253009e-04 1.482146499301e-03 3.628129781553e-05
7.193372652812e-04 1.515130605358e-03 4.073977000388e-05
1.360261915063e-03 1.863931507753e-03 1.899491306333e-05
3.892446047386e-03 1.432613624463e-03 6.134233141568e-05
6.346010231510e-04 1.530412421806e-03 4.536345086668e-05
3.317867176334e-03 1.816474207262e-03 6.603588710256e-05
1.646275252228e-04 1.035691254964e-03 6.072500716498e-05
1.686593162919e-03 1.822976673769e-03 3.210644471502e-05
1.687030551691e-03 1.957367620443e-03 9.787861633841e-05
2.686893829475e-03 1.612035383899e-03 3.287316026958e-05
3.730359558780e-03 1.416663132608e-03 8.464417824322e-05
2.540573229338e-03 1.439530047778e-03 6.467496802814e-05
2.419202747489e-03 1.445560382609e-03 5.684523112557e-05
2.149544950007e-03 1.177455863415e-03 3.346414015661e-05
3.109945923660e-03 1.528322927138e-03 4.970539833389e-05
6.995288977760e-04 1.617325288577e-03 6.312376180695e-05
5.790883342950e-04 1.617325288684e-03 5.731680167401e-05
2.021829511698e-03 1.451394341863e-03 4.755156269235e-05
2.266166980569e-03 1.445560382609e-03 9.619053579472e-05
1.134729749039e-03 1.802399688397e-03 4.245545512038e-05
1.157776401587e-03 1.903585304447e-03 5.623483484810e-05
3.110501550188e-04 1.112991153353e-03 1.000000000000e-04
6.296948629591e-04 1.720927070214e-03 5.798432529239e-05
2.370950396753e-03 1.542315046026e-03 4.643144427840e-05
2.105209177289e-03 1.485343299095e-03 4.247454647203e-05
7.895333089666e-04 1.625681247209e-03 2.726769840047e-05
1.498333973120e-03 1.964866251117e-03 9.096689784335e-05
2.723334755912e-03 1.681357088979e-03 4.381930622389e-05
2.043511706205e-03 1.533394880000e-03 3.572732285185e-05
4.332195780201e-05 9.727293253440e-04 5.142634179313e-05
4.043321957802e-03 9.727293253440e-04 5.142634179313e-05
1.256143502071e-03 1.977176663289e-03 6.661374900141e-05
1.344409676881e-03 1.908748721846e-03 2.854324144835e-05
9.452692968766e-04 1.828661179906e-03 7.470702064220e-06
7.707187664663e-04 1.685315632041e-03 3.526426833480e-05
7.723389758999e-04 1.767350048422e-03 4.622753098707e-05
1.866242384133e-04 1.118018873884e-03 2.449055613261e-05
9.654654844346e-04 1.918341535845e-03 8.208676282220e-05
2.169711979081e-03 1.602350193560e-03 8.789263054640e-05
3.966206329180e-04 1.247164236480e-03 5.633223453956e-05
2.469678410884e-03 1.547259153180e-03 5.242028797718e-05
2.065470467930e-03 1.602350193560e-03 1.634888060385e-05
8.213685131238e-04 1.817821210265e-03 2.413747237509e-05
1.380340398008e-03 1.968065247781e-03 2.707003428891e-05
1.402089680461e-03 2.003737274689e-03 1.283059896179e-05
3.821138265371e-03 1.482286738755e-03 2.556116712919e-05
4.839439015486e-04 1.292566660091e-03 4.208896904030e-05
1.975977302700e-04 1.175027671337e-03 2.930577034699e-05
3.401558848660e-03 1.856210102653e-03 2.660987588430e-05
7.760645846075e-04 1.840170119499e-03 2.637905643439e-05
2.055159074940e-03 1.658187104210e-03 3.954413196002e-05
1.408560475914e-03 2.053882374749e-03 3.545758976527e-05
2.624690147539e-04 1.297727545338e-03 8.703200388370e-05
1.082180622631e-03 1.982395250376e-03 5.104964027437e-05
2.950097592762e-03 1.635170410571e-03 2.084612693251e-05
-1.050794120663e-05 1.445808304409e-03 3.659656743956e-05
3.989492058793e-03 1.445808304409e-03 3.659656743956e-05
2.558110634112e-03 1.548147774411e-03 3.601639984306e-05
3.357914468810e-03 1.949489811353e-03 7.287752681600e-05
3.548306556869e-03 1.775676270735e-03 4.639691721311e-05
2.795826382644e-03 1.699364909114e-03 3.087552313097e-05
1.331185138504e-03 2.054795696389e-03 4.134902929713e-05
1.797649566027e-03 1.593738840545e-03 1.213204726405e-05
2.116946216453e-03 1.737857912820e-03 5.752596415459e-05
2.619395689016e-03 1.492156568679e-03 2.930870052661e-05
2.298371111555e-03 1.560512614651e-03 2.318752627713e-05
5.052623155133e-04 1.766524258982e-03 7.453949327372e-05
-4.743200728558e-05 1.528099479959e-03 5.149470554443e-05
3.952567992714e-03 1.528099479959e-03 5.149470554443e-05
1.374019979859e-03 2.119851609939e-03 3.654253328612e-05
1.895830121968e-03 1.585059336918e-03 3.678508067514e-05
8.973435235984e-05 1.445808304409e-03 6.364572612691e-05
3.209287989738e-03 1.816474207262e-03 4.254329949325e-05
1.958266156847e-03 1.654911259781e-03 5.690349695923e-05
6.369245087367e-04 1.881106550754e-03 1.000000000000e-04
1.162481738646e-03 2.056665944625e-03 5.623197447030e-05
2.904704752518e-03 1.691045676331e-03 5.114383951540e-05
2.177367926361e-04 1.452236617934e-03 6.451802823236e-05
4.946123495975e-04 1.887164522011e-03 4.244103922190e-05
1.840063781422e-03 1.633245759802e-03 3.691577473590e-05
2.622609651838e-03 1.612035383899e-03 3.141101736692e-05
2.410753258541e-03 1.626335899045e-03 4.619667463650e-05
2.309091812591e-03 1.648788004232e-03 5.791454771735e-05
2.838789381768e-03 1.739389801346e-03 2.784254301485e-05
2.526904734854e-03 1.672891929827e-03 7.893777086815e-05
3.584712007738e-03 1.439667905591e-03 6.280896246445e-05
3.963318347945e-04 1.375327143889e-03 6.769663691848e-05
2.640769382465e-03 1.729051892161e-03 4.802324419166e-05
1.029797582318e-03 2.112650036419e-03 8.777949685851e-05
3.528963913399e-03 1.974564236249e-03 1.000000000000e-04
3.247169461881e-03 1.868761871771e-03 2.189685246979e-05
3.410424893553e-03 2.043123208781e-03 3.447496649691e-05
2.252582677613e-03 1.780748054221e-03 8.473019151271e-05
3.954687648410e-04 1.766524259089e-03 3.525405739857e-05
2.146398690095e-03 1.824396425179e-03 3.007494553410e-05
8.172119403236e-04 1.925624329381e-03 6.634555314428e-05
3.003973482195e-03 1.578475713292e-03 2.104072572649e-05
1.133164946870e-03 2.145950057415e-03 2.081932197858e-05
2.558624874131e-03 1.819933763240e-03 7.148652241373e-05
3.775526612287e-03 1.542421404754e-03 4.897919447120e-05
3.670022731861e-03 1.563462801366e-03 5.860244502285e-05
2.951910970094e-04 1.766524259182e-03 6.502361043304e-05
5.187748117207e-04 1.978570277003e-03 5.210438172257e-05
1.892949049007e-04 1.779060434603e-03 4.161202712455e-05
8.850839784650e-04 1.989205034544e-03 2.507116712170e-05
2.186178931753e-03 1.874291895120e-03 2.998644910356e-05
1.311426270673e-03 2.124912654866e-03 2.625544920907e-05
1.874910093741e-03 1.707991192248e-03 4.191812257406e-05
2.426532800169e-03 1.695931298197e-03 2.404444976860e-05
3.777373240767e-04 1.859163636360e-03 5.905674178706e-05
3.467005180052e-03 2.136692609631e-03 7.356409217715e-05
1.797805882290e-03 1.801706848278e-03 7.943954553344e-05
7.330205698324e-04 1.958986618876e-03 2.369219041159e-05
5.006198054072e-05 1.543891804105e-03 4.215725113838e-05
8.347478548090e-04 2.032497962880e-03 4.132162607629e-05
1.426930975544e-03 2.130521197900e-03 1.743351299066e-05
1.115216198834e-03 2.207629801765e-03 3.996045723779e-05
2.450863457744e-03 1.739730432112e-03 2.230283962061e-05
3.336539735373e-03 2.136692609631e-03 5.690135250218e-05
1.589946133526e-03 2.058492968057e-03 4.002451431532e-05
2.750833623798e-03 1.830242629224e-03 9.861081476289e-05
2.003379485112e-03 1.761981709793e-03 5.857468204436e-05
3.616226140508e-03 2.136692609631e-03 7.565686827873e-05
3.030207317134e-03 1.658220889193e-03 6.251389048414e-05
3.171611456157e-03 1.574191856321e-03 2.714898711330e-05
2.102679024560e-03 1.904023646051e-03 5.864882330268e-05
1.337779190450e-03 2.176927466673e-03 3.106699443725e-05
1.283171730128e-03 2.186949524535e-03 2.445251894859e-05
3.731500095199e-04 2.022492480081e-03 1.000000000000e-04
1.918637535705e-03 1.815158456765e-03 4.147012995426e-05
4.899343644551e-04 2.048820539865e-03 1.971529680714e-05
3.542292123041e-03 2.224115535564e-03 3.883770328499e-05
1.993080370889e-03 1.865784242714e-03 4.573753006217e-05
1.905486792358e-03 1.912364381945e-03 5.347106014386e-05
3.723298778946e-03 2.163011512214e-03 3.460298178106e-05
2.288815720197e-04 1.870995228208e-03 5.848347971110e-05
4.785291465816e-04 2.098089716413e-03 2.969080410317e-05
-2.148093006978e-06 1.590861173818e-03 2.589820826809e-05
3.997851906993e-03 1.590861173818e-03 2.589820826809e-05
8.961662172072e-04 2.041545450335e-03 2.075954875891e-05
1.670200122461e-03 2.114553936339e-03 5.787101624965e-05
4.324518566697e-04 2.132390324560e-03 2.487692059188e-05
1.301894452694e-04 1.884764807346e-03 4.116458696434e-05
2.630225486522e-03 1.906728981388e-03 4.103039892716e-05
3.807775934442e-04 2.153495686657e-03 3.094122868892e-05
3.926975684042e-03 1.636411424366e-03 5.835298937822e-05
4.937084941139e-05 1.671929146532e-03 6.909144986364e-05
4.049370849411e-03 1.671929146532e-03 6.909144986364e-05
2.256528399271e-03 1.925632939641e-03 5.710517180643e-05
3.266545830728e-03 2.146243041359e-03 1.374110947072e-05
6.923273337720e-04 1.996299177224e-03 2.782337116045e-05
2.355616831467e-04 1.971909252289e-03 4.265140121990e-05
3.614950215094e-03 2.253077549525e-03 3.937992000614e-05
3.701491920552e-03 2.282111740941e-03 5.190234034544e-05
1.562464106444e-03 2.152705482426e-03 5.642067030655e-05
1.828071138710e-03 2.114553936446e-03 1.000000000000e-04
7.639755701252e-04 2.005266046302e-03 2.945065860752e-05
1.245270084796e-03 2.074780658199e-03 2.851502020345e-05
7.344001159236e-04 2.132007426236e-03 1.000000000000e-04
5.862333741249e-04 2.069039472305e-03 6.074655066235e-05
2.480301842788e-04 2.036930481217e-03 2.355451794032e-05
2.174433121884e-03 1.962832465701e-03 3.302495250448e-05
2.104009431204e-03 2.023428874277e-03 5.988048835489e-05
1.720885932052e-03 2.172029005167e-03 1.876079718869e-05
1.667882211310e-03 2.249232383800e-03 7.488617865565e-05
1.734737531405e-04 1.916453680564e-03 1.247976030227e-05
3.126261872309e-03 1.659939853738e-03 3.355604450580e-05
3.190322603188e-03 2.146243041359e-03 6.248211806913e-05
3.102398187791e-03 1.736629536677e-03 4.406677289590e-05
2.447063838152e-03 1.829772746077e-03 4.050754141093e-05
3.392487835864e-03 2.193394084516e-03 2.007292955553e-05
3.613182711926e-03 2.365682155331e-03 6.968108981444e-05
3.851687531580e-03 1.650409799594e-03 1.822546980025e-05
3.028287372877e-03 2.158285583872e-03 1.000000000000e-04
9.248364729118e-04 2.075101251028e-03 2.337632465878e-05
2.701580580061e-03 1.996271134448e-03 7.346565580196e-05
2.202431250946e-03 2.038103444059e-03 3.962929809612e-05
1.467136744197e-04 2.057069540209e-03 7.974416001380e-05
2.485646683324e-03 1.904568286305e-03 4.026686155263e-05
2.586040372087e-04 2.100797440549e-03 3.875318593323e-05
2.018859390687e-03 2.033430331465e-03 2.585491008683e-05
2.374205668084e-03 1.705162279717e-03 2.821252766301e-05
1.213575593394e-03 2.257955703345e-03 7.052604360341e-05
6.062607245881e-04 2.163283980166e-03 3.190119953024e-05
-5.463496444762e-05 1.779923711983e-03 8.084198697939e-05
3.945365035552e-03 1.779923711983e-03 8.084198697939e-05
3.344947521629e-03 2.244700585952e-03 4.987303935736e-05
1.984175249918e-03 1.945850350797e-03 3.204609289049e-05
1.805679506475e-03 2.283227182413e-03 6.704246851479e-05
1.348662132700e-03 2.272892256102e-03 6.538375630122e-05
2.489857532867e-05 2.067000617240e-03 4.247508829665e-05
4.024898575329e-03 2.067000617240e-03 4.247508829665e-05
2.898466627130e-03 2.175033110852e-03 3.089654573863e-05
1.527714853116e-03 2.271430155640e-03 6.702798334923e-05
2.267896926337e-03 2.038103444059e-03 2.583637729482e-05
2.068841094486e-04 2.169021015442e-03 4.685877058439e-05
2.372748732725e-03 1.899566274063e-03 6.144279671150e-05
3.233000870425e-03 2.278491886269e-03 6.706243298920e-05
9.082607721411e-04 2.133418990804e-03 3.551910692209e-05
3.136511851689e-04 2.151645942279e-03 3.618517958640e-05
1.112293514599e-03 2.286095069753e-03 3.459238212108e-05
5.871113739853e-05 2.141693955870e-03 3.951505860784e-05
4.420312686703e-04 2.215244580381e-03 5.603542682799e-05
1.271335404713e-03 2.354813738006e-03 4.224662454837e-05
1.150769236758e-03 2.330080637577e-03 2.384657211705e-05
1.435668444535e-03 2.342258125500e-03 4.588943065929e-05
2.448473920123e-03 1.998766170942e-03 6.100038781291e-05
6.349906400775e-04 2.227430337789e-03 3.779613905021e-05
2.582323164146e-03 2.009652538250e-03 4.654014913416e-05
1.107655132841e-04 2.230323237428e-03 6.327019129821e-05
2.836779054836e-03 2.015655508989e-03 6.311538811648e-05
2.764403088693e-03 2.149063933145e-03 8.866105310918e-05
8.542926630569e-04 2.159937912052e-03 2.310294430263e-05
3.463936671815e-03 2.259116583780e-03 4.697983637325e-05
5.467145576296e-04 2.241881378525e-03 5.165496105877e-05
8.466380545820e-04 2.240685254893e-03 5.623131989406e-05
1.196283069136e-03 2.358195799097e-03 2.965082263327e-05
2.921031500449e-03 2.244701635275e-03 3.773727204494e-05
3.521974253050e-03 2.272775045830e-03 1.264326670914e-05
4.712791168269e-04 2.328411015747e-03 6.084946832596e-05
1.366486429058e-03 2.365399832373e-03 2.706048272274e-05
5.862240645558e-04 2.347439507474e-03 5.565986394322e-05
1.221739039914e-03 2.422991907316e-03 3.996628796835e-05
1.725058748747e-03 2.353219090144e-03 3.972163464894e-05
3.396159171537e-03 2.348412763495e-03 6.512545902281e-05
6.953262946424e-04 2.254414055895e-03 2.829858278603e-05
9.784539187682e-04 2.324547065419e-03 1.000000000000e-04
3.136275675921e-03 2.278491886269e-03 2.966276151435e-05
7.566411852444e-04 2.315802532763e-03 5.846581602854e-05
3.724134367295e-03 2.375701129316e-03 4.172200560456e-05
3.312236544339e-03 2.302320184369e-03 1.567860767927e-05
-4.753972145772e-05 2.151622727073e-03 6.719869638792e-05
3.952460278542e-03 2.151622727073e-03 6.719869638792e-05
3.165704556743e-04 2.269041527510e-03 8.047291400876e-05
3.151668174593e-03 2.351786602388e-03 4.242328672882e-05
2.361893552402e-03 2.026476961109e-03 2.990642142840e-05
2.516790500393e-03 2.083700251020e-03 4.799939704236e-05
1.812685753241e-03 2.428355372425e-03 7.570779327784e-05
5.224594106932e-04 2.404960035551e-03 3.021529097622e-05
3.258883784554e-03 2.433763942422e-03 9.035210466794e-05
8.428204209415e-04 2.377667259571e-03 4.566468604092e-05
2.247107527894e-03 2.094519380526e-03 3.233407876652e-05
-2.376006613074e-06 2.267913045293e-03 5.595227797661e-05
3.997623993387e-03 2.267913045293e-03 5.595227797661e-05
2.314941324342e-03 2.048677735486e-03 2.202994446989e-05
3.761159013483e-04 2.393288625222e-03 5.432492896528e-05
2.396367726956e-03 2.133315845281e-03 8.224403486907e-05
2.277152234441e-03 2.168817616135e-03 4.214531109555e-05
3.071902760704e-03 2.360138731775e-03 3.777820526579e-05
3.794102079545e-03 1.650409799594e-03 3.935998223440e-05
2.586205225547e-03 2.092106815096e-03 2.192251931902e-05
3.391141552468e-03 2.463132759848e-03 4.512720965920e-05
2.992528738022e-03 2.378782907036e-03 4.375608658744e-05
2.599047380213e-03 2.204042888667e-03 8.559506838166e-05
1.324121690301e-03 2.387466178438e-03 1.982248058712e-05
3.471453771021e-03 2.478997517465e-03 3.673696433134e-05
1.518001812320e-03 2.389977854326e-03 4.927335602821e-05
2.465104541520e-03 2.259997385068e-03 5.956549687124e-05
3.792628538921e-03 2.385918758720e-03 2.753008098779e-05
1.400971936189e-03 2.401402651188e-03 2.268113598783e-05
1.648645202355e-03 2.359768170899e-03 3.697204521491e-05
3.149215890963e-03 2.433763942422e-03 1.931578892302e-05
1.622325994260e-03 2.496743953265e-03 1.000000000000e-04
1.447911246200e-03 2.454625569047e-03 4.607869941694e-05
3.894789002814e-03 2.281342958767e-03 4.775595632542e-05
2.182795958425e-03 2.183258857129e-03 5.330968492387e-05
3.533295707712e-03 2.478997517465e-03 2.510497236021e-05
1.100142298653e-03 2.464826955408e-03 8.570543700764e-05
2.036807724433e-03 2.113251955927e-03 5.229907925976e-05
1.357106748589e-03 2.415362436979e-03 2.335179029965e-05
1.969475010060e-03 2.228389589971e-03 8.108146354147e-05
6.713080778014e-04 2.371715737005e-03 3.281965137085e-05
1.939576431781e-04 2.306770008667e-03 4.781325078941e-05
3.055394064855e-03 2.499363199040e-03 9.222794239302e-05
3.684008001290e-03 2.456555192984e-03 4.553232340577e-05
1.776587359249e-03 2.579761319140e-03 7.518119695058e-05
1.215777021962e-03 2.500604215927e-03 3.533753720018e-05
3.610044146441e-03 2.481602668414e-03 3.255754693320e-05
3.566238617625e-03 2.523549390142e-03 2.809269476964e-05
2.849835450154e-03 2.244701635275e-03 3.345877824927e-05
2.880231610666e-03 2.305412309232e-03 3.443608537248e-05
1.359743906450e-03 2.492626439010e-03 4.992935189425e-05
1.457216809582e-03 2.609610941950e-03 1.000000000000e-04
5.856473931455e-04 2.453376491268e-03 4.938919562999e-05
6.672282922035e-04 2.453376491826e-03 3.219170342819e-05
3.751172973037e-03 2.456555192984e-03 2.163264834108e-05
2.533780724482e-04 2.356901503774e-03 2.775209570196e-05
1.342489888464e-03 2.634139154766e-03 1.731964734474e-05
4.500751146070e-04 2.408369053034e-03 2.115609201921e-05
2.541960419682e-03 2.307938530529e-03 3.101694864751e-05
1.240981008354e-03 2.617389657195e-03 8.413664504070e-05
4.717398905987e-04 2.501636077907e-03 7.431976459205e-05
2.341592683239e-03 2.275681573442e-03 6.493820950350e-05
3.950193266281e-03 2.347678624398e-03 3.684977740853e-05
2.897720583611e-03 2.390224951601e-03 5.174002080261e-05
9.748023842256e-04 2.464826955515e-03 3.963447741971e-05
7.787933943764e-04 2.387979895055e-03 1.703446209667e-05
2.419501055496e-03 2.358322691910e-03 4.863673900783e-05
1.111271403836e-03 2.595632767211e-03 4.557295947725e-05
3.204765766969e-03 2.609289396708e-03 9.323276591541e-05
6.399035462413e-04 2.506546928443e-03 2.657675423024e-05
2.065699849176e-04 2.375945979447e-03 2.250307802258e-05
3.076159025471e-04 2.411386650992e-03 1.652553590646e-05
3.083644182000e-03 2.617376028882e-03 2.815846921054e-05
3.086948535127e-03 2.712471688633e-03 6.337976706240e-05
1.201550705011e-04 2.321575990986e-03 2.745983102722e-05
3.727900203827e-04 2.518659321236e-03 2.608375939084e-05
2.226927881409e-03 2.275762420981e-03 4.918195352291e-05
3.889197059680e-03 2.354119537670e-03 2.448555159136e-05
1.668656152210e-03 2.632093391963e-03 4.305926775893e-05
1.904831524510e-03 2.327523014556e-03 3.726639699655e-05
1.122472270352e-03 2.697595011916e-03 5.700266509289e-05
1.963250249908e-03 2.342877905750e-03 2.313658439193e-05
2.898429713647e-03 2.511246908012e-03 6.518562147299e-05
2.787307789041e-03 2.270476357662e-03 3.417290602997e-05
2.161115650908e-03 2.275762420981e-03 1.663027697752e-05
1.936602755593e-03 2.393306261291e-03 3.389943927637e-05
2.089843168582e-03 2.294864644298e-03 5.642281433328e-05
1.339855802798e-03 2.698011118317e-03 4.344095867473e-05
2.004452054606e-03 2.342877905750e-03 1.806522030636e-05
3.188607492351e-03 2.749421479884e-03 4.478598841188e-05
3.344283409143e-03 2.541621509716e-03 4.628487625839e-05
1.203634862342e-03 2.723521386953e-03 2.820028826653e-05
2.274454763660e-03 2.339313659705e-03 2.756337236165e-05
1.422630783401e-03 2.783713840031e-03 7.570875354900e-05
3.373181048973e-03 2.672058512849e-03 8.649944920840e-05
2.425132064394e-04 2.418423491192e-03 3.314091695809e-05
3.812399767843e-03 2.456555192984e-03 3.959414646498e-05
1.881014125518e-03 2.579761319140e-03 2.924556931865e-05
3.739574747519e-03 2.515911981220e-03 3.577506614834e-05
3.501864160644e-03 2.555161224474e-03 4.362465864872e-05
3.250158031175e-04 2.533890085565e-03 2.405955539147e-05
3.939516768806e-04 2.580728155308e-03 3.661518238781e-05
1.528732836258e-03 2.794203494363e-03 3.091056209583e-05
1.156143738418e-04 2.458712324060e-03 1.000000000000e-04
3.270348915535e-03 2.710190619439e-03 2.317509305376e-05
2.767389268207e-03 2.511246908012e-03 6.585482396678e-05
8.548764626690e-04 2.521979754475e-03 9.321381609643e-05
3.297563603781e-03 2.759787696437e-03 2.932113475878e-05
2.326198402496e-03 2.401493446182e-03 5.332995249432e-05
3.343074503655e-03 2.774634359096e-03 1.855020739346e-05
3.117117607402e-03 2.859591323990e-03 8.654640744061e-05
3.650431746431e-03 2.507546159286e-03 1.544477542348e-05
3.851718512496e-03 2.592453764347e-03 1.000000000000e-04
2.462812308426e-04 2.535489149839e-03 5.155364890132e-05
-2.492457043277e-05 2.619775245859e-03 2.634631906540e-05
3.975075429567e-03 2.619775245859e-03 2.634631906540e-05
-4.280505517390e-05 2.690825842919e-03 4.423017582938e-05
3.957194944826e-03 2.690825842919e-03 4.423017582938e-05
2.976326251855e-03 2.872594761956e-03 5.484416931549e-05
4.550915971948e-04 2.596638589130e-03 2.213044438723e-05
3.027589576465e-03 2.939003927500e-03 2.904924948674e-05
1.273042600866e-03 2.771723249832e-03 5.604513223756e-05
2.036476882489e-03 2.427233495815e-03 7.157993532239e-05
3.680529311559e-03 2.521007710975e-03 1.752607231361e-05
3.630937198761e-03 2.601756449888e-03 7.340730816158e-05
2.961832648362e-03 2.572416606715e-03 2.291468596044e-05
9.701043922729e-04 2.672146164179e-03 9.606752573125e-05
1.061085229748e-03 2.780526920070e-03 4.543830819551e-05
3.385517621179e-03 2.782991521994e-03 2.470786002611e-05
-5.117268508674e-06 2.480519360000e-03 2.268527328556e-05
3.994882731491e-03 2.480519360000e-03 2.268527328556e-05
2.232205094667e-03 2.403316820843e-03 4.068103947974e-05
9.568850711099e-04 2.853645503773e-03 8.185662627913e-05
3.247909153758e-03 2.877159583041e-03 4.541977127346e-05
2.162052368889e-03 2.403316820843e-03 2.947168629746e-05
1.894524275716e-03 2.709296393538e-03 1.000000000000e-04
4.660651464947e-05 2.690825842919e-03 4.518139399399e-05
1.936004187381e-03 2.465182598207e-03 3.582070170832e-05
3.495916501010e-03 2.672058512849e-03 3.623600282903e-05
1.731077062565e-03 2.696497486184e-03 4.663051650871e-05
8.458617205019e-04 2.886320450276e-03 3.387511746121e-05
3.730271864142e-03 2.649794444125e-03 3.430279950095e-05
2.629051437265e-03 2.360535223004e-03 7.072418071032e-05
2.969292359072e-03 2.962403007825e-03 3.376860240115e-05
2.833605831902e-03 2.574357320266e-03 2.528569873090e-05
2.138059922514e-03 2.465540865678e-03 3.698602898802e-05
1.171025533894e-03 2.779175803091e-03 3.630383824845e-05
7.022603810751e-04 2.586980269074e-03 7.266787445219e-05
2.873847920518e-03 2.594086873732e-03 1.953261199326e-05
1.328649621381e-03 2.867534613154e-03 5.022130966755e-05
3.870565308544e-03 2.757118343868e-03 6.485414735382e-05
3.676419315919e-03 2.701775638218e-03 3.646744333031e-05
7.963208598451e-04 2.699874855620e-03 7.427620109290e-05
1.447516304294e-03 2.959388592771e-03 1.000000000000e-04
1.648027404688e-03 2.710648877936e-03 3.761619002733e-05
2.084988825489e-03 2.534305075057e-03 4.596891280067e-05
2.885387333892e-03 2.962403007825e-03 5.013642277921e-05
1.690670664181e-03 2.815075836571e-03 7.518202480768e-05
3.199479883075e-03 2.934674049674e-03 2.490295393097e-05
3.027637389113e-03 3.013112768800e-03 4.353354756049e-05
2.424652819093e-03 2.481848287765e-03 7.375337730619e-05
1.112648782346e-03 2.896042533550e-03 7.957398380437e-05
3.108257588088e-03 3.013112768800e-03 3.708665141480e-05
1.024005213785e-03 2.926803833869e-03 1.425532848398e-05
1.208974103314e-05 2.521762144861e-03 2.121315729424e-05
4.012089741033e-03 2.521762144861e-03 2.121315729424e-05
1.859943187131e-06 2.749042367970e-03 2.824489180708e-05
4.001859943187e-03 2.749042367970e-03 2.824489180708e-05
1.186194536470e-04 2.702540960375e-03 2.777823429492e-05
5.704642546782e-04 2.529596045063e-03 2.828754278485e-05
5.457207713330e-04 2.635574501101e-03 7.650855625678e-05
3.961036688689e-03 2.803059910318e-03 3.661357240601e-05
1.213645349246e-03 2.903191215849e-03 2.167526401579e-05
1.030806983859e-03 2.975301293469e-03 3.435595520856e-05
1.839637123154e-03 2.885549440161e-03 8.460156001640e-05
2.642453514329e-03 2.523148985714e-03 5.964657861779e-05
3.071445212614e-03 3.095309011234e-03 4.960799886230e-05
3.603207294336e-03 2.723747699666e-03 3.997058116432e-05
2.952129142468e-03 3.105131085265e-03 7.011166424055e-05
2.821994376643e-03 3.105085466052e-03 6.000442068843e-05
3.344941028317e-03 2.835633402964e-03 4.175737540079e-05
1.269417772718e-03 2.934064999175e-03 3.885564672507e-05
1.203163378822e-03 2.951215476182e-03 2.643047729924e-05
2.873250913486e-03 3.230376632211e-03 7.536584520588e-05
1.241083055302e-03 3.066461270253e-03 9.489344827037e-05
2.261392487200e-03 2.541315086533e-03 1.000000000000e-04
2.121735671412e-03 2.647626210210e-03 7.316131156577e-05
4.062169836177e-04 2.694203739114e-03 7.481450417426e-05
2.377465045658e-04 2.748758088141e-03 1.000000000000e-04
3.607265851563e-04 2.787962602926e-03 2.907786100494e-05
1.731660218984e-03 2.908956549667e-03 2.588330143315e-05
2.392854584008e-03 2.597361472745e-03 4.291074243939e-05
3.897104982290e-03 2.911863991609e-03 8.958306458765e-05
1.586050254167e-03 2.890882303525e-03 5.401569430336e-05
3.733429730705e-03 2.935178342440e-03 7.574432859429e-05
6.400238321385e-04 2.653700503382e-03 1.857344124207e-05
2.495091397016e-03 2.341374440641e-03 2.655618198395e-05
4.971445070614e-05 2.816078490114e-03 5.301470938199e-05
4.049714450706e-03 2.816078490114e-03 5.301470938199e-05
1.580497456860e-03 3.006420662958e-03 4.105319054814e-05
1.645570768143e-03 3.006420662958e-03 2.402012073547e-05
2.333583822747e-03 2.679566248152e-03 5.596465181937e-05
3.814439395331e-03 3.006912196959e-03 3.246062345045e-05
2.445881635090e-03 2.715850407162e-03 6.204949501033e-05
1.634055083553e-03 3.094331124682e-03 6.188693116165e-05
7.397848518618e-04 2.891078633203e-03 7.230841405509e-05
2.039774603887e-03 2.740503617054e-03 4.856496435268e-05
1.521183199431e-04 2.904303574166e-03 7.755632656185e-05
8.272973336822e-04 2.952479675363e-03 3.459585364606e-05
2.704738708159e-03 2.613973330788e-03 5.048292255463e-05
1.988742205965e-03 2.808403513899e-03 3.637443539395e-05
2.243441092765e-03 2.703869699120e-03 3.739684719182e-05
3.047270468503e-03 3.252064742489e-03 1.000000000000e-04
3.264111355498e-04 2.938189608809e-03 1.000000000000e-04
1.752010249603e-03 2.971773656145e-03 3.833372535877e-05
1.095990171806e-03 3.023135704538e-03 4.649563026293e-05
2.800641741553e-03 2.646505546442e-03 5.078768951816e-05
1.837912109286e-03 3.050634078154e-03 7.827714744660e-05
7.697579384448e-04 3.005352099582e-03 4.354680593915e-05
2.365511036909e-03 2.759789006106e-03 2.954763119513e-05
1.527800357190e-03 3.078619865490e-03 4.374152337962e-05
3.547647522789e-03 2.723747699666e-03 1.558919038230e-05
2.412262303268e-03 2.822012629585e-03 4.828205610362e-05
2.632197618503e-05 2.911863991609e-03 3.963392930712e-05
4.026321976185e-03 2.911863991609e-03 3.963392930712e-05
2.001640384317e-04 3.012682607020e-03 4.092635382788e-05
5.434746768748e-04 2.812068765805e-03 1.000000000000e-04
6.141720446104e-04 2.971359849046e-03 7.427497537327e-05
1.113786023490e-03 3.115387017535e-03 4.147518300531e-05
4.788604149615e-04 2.994845688179e-03 6.263669456475e-05
3.320764077911e-03 2.911012008788e-03 3.491594122286e-05
2.492597522000e-03 2.822012629585e-03 3.205316262818e-05
3.454923528626e-03 2.925279208232e-03 1.000000000000e-04
3.177800917393e-03 3.252505646224e-03 3.047613064494e-05
3.735540225579e-03 3.113311152674e-03 1.000000000000e-04
2.570828344565e-04 3.042656762075e-03 2.340248350166e-05
2.587551070159e-03 2.822012629678e-03 6.290038553148e-05
6.984357940542e-04 3.046048375927e-03 3.832500489442e-05
6.727179944187e-05 2.974069271727e-03 3.228985969702e-05
2.310569577694e-03 2.822012629585e-03 5.341066947081e-05
2.066051793757e-03 2.829580379601e-03 4.378310951295e-05
3.977094636767e-04 3.064336469873e-03 4.319802041101e-05
2.011725131607e-03 3.090371883242e-03 1.000000000000e-04
9.054359670521e-04 2.963696200581e-03 3.962656669921e-05
3.164679531272e-03 3.325313542507e-03 3.810548802785e-05
4.670766264079e-04 3.085608426922e-03 2.888780173873e-05
3.235221652031e-03 3.328255221287e-03 3.249794160053e-05
2.182229115160e-03 2.734441458932e-03 3.102492346885e-05
9.913593078323e-04 3.073883597320e-03 6.979265942092e-05
1.896051044934e-03 3.140469547431e-03 2.601943077168e-05
2.772475880798e-03 3.256399710433e-03 2.871493023374e-05
3.265633816194e-03 2.961153501332e-03 3.960596851786e-05
3.112197606870e-03 3.354521976564e-03 2.129723050516e-05
1.446175657632e-03 3.101997501284e-03 4.116492768960e-05
1.929162041652e-03 3.177781037120e-03 2.023736536486e-05
1.741774689614e-03 3.160972415533e-03 6.478025155007e-05
1.860388245209e-03 3.276407549293e-03 1.000000000000e-04
2.022055774754e-03 3.332015563024e-03 7.075330672024e-05
2.795164752417e-03 3.341506998448e-03 5.936401742671e-05
1.926162838854e-03 3.405645477295e-03 4.501289385450e-05
2.930236911946e-03 3.334589446869e-03 4.320328277489e-05
8.539143988525e-04 3.020931083776e-03 3.738189935549e-05
7.623981672766e-04 3.085928214239e-03 3.705129617221e-05
2.999081985756e-03 3.376162954443e-03 3.311268656341e-05
8.348855832072e-04 3.089667054284e-03 3.393941209163e-05
2.002031363685e-03 3.439109787914e-03 3.790811311907e-05
2.365319797064e-03 2.916340574770e-03 5.565512610225e-05
3.591324948881e-03 3.115359558365e-03 4.422982354211e-05
3.860911344726e-03 3.134868243130e-03 2.721094947061e-05
1.366919078322e-03 3.123971021924e-03 4.108129394574e-05
3.202732206918e-03 3.369956095159e-03 2.036534363100e-05
1.052866188352e-03 3.156656064767e-03 3.210076403978e-05
1.163371293072e-03 3.209421786258e-03 6.483209343295e-05
2.938230440001e-03 3.418336972572e-03 4.092486096234e-05
9.899898657617e-04 3.178146525912e-03 3.434674804821e-05
1.806031787367e-03 3.452156948211e-03 8.380786005317e-05
7.978599485738e-04 3.151627890537e-03 3.760783206961e-05
4.231855791941e-04 3.187381108333e-03 8.194588042218e-05
2.621455864373e-03 2.623671740384e-03 3.336271667455e-05
2.071349169372e-03 3.439669213210e-03 3.141195026765e-05
3.146583875423e-03 3.388014971653e-03 2.670481316718e-05
3.624882890764e-03 3.199548801062e-03 4.029247217111e-05
6.137358291248e-04 3.121707291442e-03 7.524592448820e-05
1.518981388307e-03 3.220159057880e-03 9.762566232337e-05
2.195475543752e-03 2.827821793031e-03 6.182987473476e-05
2.883636118700e-03 3.418660869059e-03 1.367042137072e-05
3.843768064605e-03 3.198179953188e-03 3.753537159954e-05
3.082288949797e-04 3.075433399889e-03 3.734475918005e-05
2.657473976429e-03 2.672977314893e-03 2.511750737637e-05
2.459098589616e-04 3.194196758449e-03 9.428943672384e-05
1.368799427629e-03 3.274252233996e-03 6.200106794281e-05
2.469444937033e-03 2.883548186692e-03 3.369382953976e-05
2.836818547278e-03 3.425467536689e-03 3.363936351154e-05
3.684094600867e-03 3.234411142585e-03 2.842004102650e-05
1.919498237212e-03 3.489852365331e-03 3.552384729220e-05
3.927659425950e-03 3.198179953188e-03 4.635598974485e-05
1.226819596664e-03 3.169329859729e-03 8.959298216867e-06
1.118238013160e-04 3.043405519741e-03 5.012613487583e-05
3.498818458481e-03 3.072745683213e-03 5.386073609024e-05
9.144882250704e-04 3.192246146550e-03 4.246013347435e-05
8.300726192345e-04 3.238577998247e-03 5.383438864533e-05
3.558235408941e-03 3.224253638632e-03 3.078646868106e-05
2.685201853537e-03 2.858204048281e-03 4.124131732964e-05
3.218503041802e-03 3.479714979485e-03 8.983384122573e-05
2.542985652742e-03 2.933481285912e-03 5.519684075089e-05
3.526359519196e-04 3.295166003276e-03 4.687507380361e-05
3.014789480977e-03 3.449672852727e-03 4.179892129657e-05
2.632574990814e-03 2.902989686082e-03 2.786251782701e-05
1.251825560881e-03 3.298380263081e-03 5.730549280113e-05
3.785393884773e-03 3.227910141196e-03 2.497325916113e-05
7.052467065148e-04 3.235052222502e-03 7.042944925673e-05
2.760284403272e-03 3.439761163529e-03 4.421808967899e-05
6.961720700408e-05 3.229045918183e-03 8.451245216381e-05
4.069617207004e-03 3.229045918183e-03 8.451245216381e-05
2.827844549717e-03 3.514409189789e-03 5.520467850886e-05
2.451224755634e-03 2.957069814553e-03 3.941607290296e-05
2.268042938690e-03 2.906998759959e-03 4.162173227208e-05
3.826738110004e-03 3.259173274224e-03 2.579080438428e-05
1.670268618760e-03 3.160972415533e-03 6.725819303969e-06
1.129367151331e-03 3.342906368987e-03 7.291556215214e-05
1.879525526048e-03 3.553177520117e-03 3.936201956632e-05
1.321906687981e-03 3.369180876971e-03 4.231424126303e-05
2.566461221415e-04 3.355204412121e-03 6.634446412474e-05
1.435765480999e-04 3.337549987989e-03 4.680060689917e-05
4.494429649014e-04 3.322923002315e-03 5.383267158687e-05
3.740793498295e-04 3.423520826035e-03 6.873661026245e-05
1.636175901075e-04 3.446573604861e-03 6.404972587953e-05
3.430257860999e-03 3.251213750147e-03 1.000000000000e-04
5.287461893451e-04 3.173871950470e-03 2.447564413363e-05
5.667616595878e-04 3.246588272977e-03 5.757823886153e-05
3.622900981299e-03 3.312684338368e-03 7.093463804716e-05
2.206337767173e-03 2.909527152983e-03 2.013521845545e-05
2.621139590633e-03 2.960907112081e-03 2.762956777295e-05
5.026883974458e-05 3.363766960911e-03 4.901552085971e-05
2.043812764015e-03 3.513895345183e-03 4.775731366661e-05
3.089947783362e-03 3.450114188859e-03 3.336067689146e-05
6.328477428270e-04 3.316371064774e-03 3.844831334958e-05
1.434443774048e-03 3.391864402202e-03 7.211587559569e-05
2.707970280311e-03 3.537229582717e-03 6.640225346387e-05
9.195621124291e-04 3.284362685318e-03 4.668728544743e-05
3.531556910300e-03 3.315884382737e-03 2.018231196312e-05
3.075046963557e-03 3.554279549203e-03 7.184337298884e-05
1.555494312471e-03 3.392391946765e-03 4.893581790711e-05
5.530205240076e-04 3.378870271819e-03 6.279716253519e-05
3.343850453887e-03 3.519291957280e-03 4.161314798800e-05
6.560637784421e-04 3.392004627006e-03 4.066823689900e-05
3.958819599428e-03 3.268042064818e-03 3.014022619152e-05
1.509476459137e-03 3.441672798464e-03 1.794399512375e-05
-5.094991801981e-05 3.389846669284e-03 5.550906104572e-05
3.949050081980e-03 3.389846669284e-03 5.550906104572e-05
2.944013313796e-03 3.510702542401e-03 5.162156069699e-05
2.592778563315e-03 3.543007548451e-03 4.893428265615e-05
1.485117314138e-03 3.495893998383e-03 4.145979928374e-05
1.966639346766e-03 3.570854746606e-03 4.815988906888e-05
1.590789125499e-03 3.516678658807e-03 6.623669048419e-05
2.968970275331e-03 3.604651532369e-03 4.558575746240e-05
3.502574878372e-03 3.380115433052e-03 4.780187704280e-05
1.244000423592e-03 3.395985669412e-03 3.989439044676e-05
3.165800874770e-03 3.584884304293e-03 2.393200736624e-05
2.881896614339e-03 3.592636252635e-03 3.913038854935e-05
1.655287335790e-03 3.192221492529e-03 2.717934384186e-05
8.462904551918e-04 3.336248088303e-03 4.309484416203e-05
2.796520405567e-03 3.609799977758e-03 4.519753499018e-05
4.689725083821e-04 3.410562359493e-03 2.702742959713e-05
3.582363429018e-03 3.417183729760e-03 4.017693537803e-05
2.931191808817e-05 3.487755283199e-03 7.109292904929e-05
4.029311918088e-03 3.487755283199e-03 7.109292904929e-05
2.487854855094e-03 3.559641464942e-03 5.715807641129e-05
7.641807690960e-04 3.418100401934e-03 7.055350532441e-05
1.814570827394e-03 3.561794547324e-03 2.616176574863e-05
1.314608761140e-04 3.560456204147e-03 5.428586419281e-05
2.561203663565e-03 3.633607747203e-03 4.701033842256e-05
5.029889097993e-04 3.467970268039e-03 3.938858029577e-05
4.445469656924e-05 3.617480504802e-03 4.974224312203e-05
4.044454696569e-03 3.617480504802e-03 4.974224312203e-05
3.038791153155e-03 3.685611384246e-03 6.069882596845e-05
2.159367830795e-03 2.909527152983e-03 2.683471792305e-05
3.714290631170e-03 3.312684338368e-03 2.045501182376e-05
3.841171120868e-03 3.392957726025e-03 5.241475905940e-05
2.137230158280e-03 3.439057500422e-03 3.447187890635e-05
3.714715704105e-03 3.444148999649e-03 8.400928791596e-05
4.400262890533e-04 3.496867666450e-03 2.988876987098e-05
1.705742060448e-03 3.541542714561e-03 5.052874283834e-05
1.768139330811e-03 3.586992303805e-03 2.666636484610e-05
1.811881277880e-03 3.614362606069e-03 2.490227254603e-05
1.342401764619e-03 3.440691494287e-03 3.207538664707e-05
2.912466683272e-03 3.655398962214e-03 3.036131438201e-05
2.842418008046e-03 3.691333115350e-03 4.836657427689e-05
3.888773033517e-04 3.518534426586e-03 2.566001259171e-05
4.328830296162e-04 3.565672006978e-03 3.829255618080e-05
3.295283960646e-03 3.552437694944e-03 1.592013196239e-05
1.714197897779e-03 3.649651885378e-03 5.601315235222e-05
1.172445138261e-03 3.460759819104e-03 5.256412043890e-05
1.585592304462e-03 3.655545574276e-03 7.272743615077e-05
2.148525910059e-03 3.530340069810e-03 5.750693391042e-05
6.358092395088e-04 3.531206920091e-03 1.000000000000e-04
3.455882980587e-03 3.518018553500e-03 7.042661564051e-05
8.789486769243e-04 3.439401811218e-03 4.617448710271e-05
3.111386886268e-04 3.603027791354e-03 8.905397976161e-05
9.852848495094e-04 3.284362685318e-03 1.903545163286e-05
1.271868625462e-03 3.480108741736e-03 4.872465283902e-05
3.833947722736e-03 3.492135721777e-03 4.414459997960e-05
7.933515331445e-04 3.550744997133e-03 5.458238713912e-05
2.256517324518e-03 3.565721006528e-03 5.613265667524e-05
2.681332897799e-03 3.684831658551e-03 8.358415653811e-05
1.797570214163e-03 3.666344768746e-03 2.901388388252e-05
2.079665987983e-03 3.569185401286e-03 1.813991235480e-05
8.939098110136e-04 3.553263257320e-03 4.590920692603e-05
3.778949954013e-03 3.534524054545e-03 2.528589481162e-05
2.803830735001e-03 3.779586187815e-03 4.795363504637e-05
2.109548060894e-03 3.633731987445e-03 5.298814561177e-05
3.597114074283e-03 3.548311291361e-03 7.308917595997e-05
2.707850093449e-03 3.823498377245e-03 5.759523606750e-05
3.915528341502e-03 3.576440712883e-03 7.317005884609e-05
3.808722354069e-03 3.588690989331e-03 3.433616828258e-05
8.554840784362e-04 3.661017931412e-03 6.849187135965e-05
3.702880520120e-03 3.685327056442e-03 1.000000000000e-04
3.240797924464e-03 3.643056492836e-03 7.098143223778e-05
1.017815627465e-03 3.332491329321e-03 3.905600977019e-05
3.373886183248e-03 3.610072294072e-03 5.162359326746e-05
1.204974159547e-03 3.564197242975e-03 5.586419899662e-05
7.047978890923e-04 3.703558377503e-03 8.564622764762e-05
3.360338758573e-03 3.765304761169e-03 1.000000000000e-04
2.393833128490e-03 3.000662229633e-03 3.265401464208e-05
1.743338256296e-04 3.669827850053e-03 6.318865953055e-05
1.442668868714e-03 3.714334253613e-03 8.181454962212e-05
7.944812744177e-05 3.689484544234e-03 3.031474875188e-05
1.664713755027e-03 3.724895911250e-03 3.244759549237e-05
3.851493549004e-03 3.685953929986e-03 4.648326421484e-05
2.951345674078e-03 3.698512121491e-03 2.769314675949e-05
-4.287159238462e-05 3.699192547828e-03 5.643927527252e-05
3.957128407615e-03 3.699192547828e-03 5.643927527252e-05
3.814285676033e-03 3.756243518134e-03 3.206156214557e-05
2.354995551091e-03 3.565693360716e-03 4.234557432039e-05
3.501965530574e-03 3.620928823408e-03 4.233031352065e-05
2.187695267285e-03 3.600016407523e-03 2.067918949668e-05
1.599632352654e-03 3.787396080196e-03 5.778467639857e-05
1.351032058985e-03 3.500655789057e-03 2.742697679270e-05
1.904443262447e-03 3.615215005812e-03 2.749262367126e-05
2.414143301764e-03 3.623697469492e-03 4.049724724133e-05
2.793673135158e-03 3.864417274962e-03 3.748341952177e-05
2.004143492861e-03 3.668998499773e-03 5.631574150691e-05
1.730381060371e-03 3.834269867034e-03 8.111234495927e-05
1.897227578442e-03 3.702097421028e-03 5.528083187252e-05
1.060206011631e-03 3.559640894313e-03 7.841038566917e-05
2.611859734003e-04 3.718874090615e-03 3.655516268162e-05
3.762002182274e-03 3.837772984993e-03 6.299902965315e-05
2.753304544033e-03 3.937571129062e-03 4.606961512144e-05
9.594404758890e-04 3.553909116119e-03 1.962464060792e-05
2.971975194348e-03 3.758156504579e-03 3.541810073389e-05
3.233413260310e-03 3.764945543675e-03 2.613714643559e-05
2.315946442534e-03 3.625645814389e-03 2.826404186074e-05
1.609587886267e-03 3.905305159115e-03 5.745714042139e-05
1.690753249058e-03 3.940895961737e-03 3.116859708393e-05
1.830468680299e-03 3.839817945241e-03 1.912894697175e-05
4.275805813780e-04 3.641358286709e-03 3.353452578434e-05
2.462007497285e-03 3.628889283349e-03 7.647702165471e-06
2.484268667858e-03 3.669010937993e-03 3.767956358916e-05
1.303026980717e-03 3.565525365903e-03 4.219761804270e-05
3.131852772452e-03 3.648878152967e-03 3.730356773166e-05
3.527429024690e-03 3.765025301733e-03 6.709049987893e-05
3.892760438013e-03 3.786528927709e-03 5.205441162945e-05
1.809995744762e-03 3.730560541977e-03 3.639299367793e-05
9.575284165986e-04 3.611484127468e-03 3.661313353811e-05
2.084375803116e-03 3.722262927569e-03 3.905191069412e-05
3.151779860476e-03 3.739626439326e-03 5.560682094314e-05
3.571334129026e-04 3.740042061138e-03 5.486821422188e-05
3.200139882959e-03 3.812278292484e-03 3.166851090052e-05
2.180116575354e-03 3.722096961020e-03 5.668901466362e-05
2.296398286044e-03 3.747333982798e-03 6.229982992600e-05
3.255426216931e-03 3.865212296735e-03 4.487289971429e-05
1.499640114303e-03 3.837893617845e-03 5.423522569780e-05
1.430628562433e-03 3.842707134177e-03 1.494404468617e-05
3.057327111341e-03 3.863187744878e-03 9.992040522580e-05
3.189910924914e-03 3.935055351091e-03 5.088881359161e-05
1.325579074579e-03 3.654560911091e-03 4.964979843240e-05
3.679927691738e-03 3.834468279745e-03 1.914197755504e-05
8.257362692016e-04 3.787816792227e-03 6.174974955783e-05
6.886271183227e-04 3.888498714923e-03 1.000000000000e-04
2.891277118709e-03 -7.574508706317e-05 7.700273954284e-05
2.891277118709e-03 3.924254912937e-03 7.700273954284e-05
3.300042113811e-03 -3.913754999348e-05 6.067107259769e-05
3.300042113811e-03 3.960862450007e-03 6.067107259769e-05
1.127020756227e-04 3.752852433238e-03 3.863432994401e-05
1.321722242592e-03 3.747810248432e-03 4.367941361846e-05
2.007613537140e-03 3.786659795747e-03 6.114492480973e-05
1.760102939199e-03 3.939920003452e-03 2.863892984476e-05
1.144749237369e-03 3.612073136853e-03 2.107176895479e-05
9.216565236646e-04 3.800160189936e-03 3.496144525928e-05
5.307687231548e-04 3.895794579700e-03 5.802697326625e-05
1.918610167750e-04 3.771546227017e-03 4.002880972070e-05
5.847035456376e-04 -1.227979087711e-05 4.361321674420e-05
5.847035456376e-04 3.987720209123e-03 4.361321674420e-05
2.098528908740e-03 3.791181285022e-03 2.806358066684e-05
1.899039012130e-03 3.819675835593e-03 5.233851094203e-05
2.547549102478e-03 3.743553936931e-03 5.953273251439e-05
8.310100863236e-04 3.891789896836e-03 4.235702285600e-05
1.193639950872e-03 3.711265026967e-03 8.951456508990e-05
1.387350775386e-04 3.831881779359e-03 4.036243546827e-05
2.885392160069e-04 3.767063944071e-03 1.885658995777e-05
1.728185610986e-03 -1.343776747926e-05 2.787844477360e-05
1.728185610986e-03 3.986562232521e-03 2.787844477360e-05
1.986041980412e-03 -5.364564309184e-05 1.000000000000e-04
1.986041980412e-03 3.946354356908e-03 1.000000000000e-04
2.613449858136e-03 3.807826336423e-03 3.245060574782e-05
1.778117082677e-05 3.819165490300e-03 7.715601271950e-05
4.017781170827e-03 3.819165490300e-03 7.715601271950e-05
1.053189300281e-03 3.838502513742e-03 1.000000000000e-04
4.579507451620e-04 3.754290273365e-03 4.695096404605e-05
2.227544974547e-03 3.777610430161e-03 1.283209488718e-05
1.326512340281e-03 3.891409601068e-03 1.000000000000e-04
2.404092454590e-03 3.752747942144e-03 4.553034120981e-05
3.413497608599e-03 -2.517073560129e-05 5.364087444240e-05
3.413497608599e-03 3.974829264399e-03 5.364087444240e-05
2.185716341446e-03 3.879123067950e-03 9.577262412989e-05
9.626356533004e-05 3.867028148536e-03 1.476558218431e-05
1.504925859525e-03 -5.301123717215e-05 5.498790173750e-05
1.504925859525e-03 3.946988762828e-03 5.498790173750e-05
4.034978624639e-04 3.830582339966e-03 4.678055534174e-05
2.102218313129e-03 3.954077206410e-03 1.643273976398e-05
3.671334253685e-03 3.898059322517e-03 4.502708091141e-05
3.579539895239e-03 3.901785476739e-03 4.684287372969e-05
2.349944988966e-03 3.827788598661e-03 3.062475801935e-05
3.631829833320e-03 3.955420121093e-03 2.462103830258e-05
3.593874875192e-03 3.968731817676e-03 1.560059940754e-05
8.091522534511e-04 3.968660754101e-03 3.133761885069e-05
3.465806041860e-03 3.826224464763e-03 1.916319096860e-05
3.860220668864e-03 3.874703924844e-03 4.193318925571e-05
3.524111054085e-03 -5.863057293484e-06 5.864501428880e-05
3.524111054085e-03 3.994136942707e-03 5.864501428880e-05
3.809028568845e-03 3.923764875946e-03 2.897244490653e-05
3.931107935632e-03 3.926831855379e-03 4.605733744374e-05
2.319283164268e-03 3.891088602578e-03 3.832909180689e-05
2.560462089518e-04 3.809315832643e-03 3.444461765065e-05
2.468385649297e-03 3.848078589926e-03 6.945464842712e-05
2.392173657673e-03 3.930083685168e-03 4.249669551445e-05
2.607421390583e-03 -5.505067249643e-05 1.000000000000e-04
2.607421390583e-03 3.944949327504e-03 1.000000000000e-04
9.160896815861e-04 3.863782841131e-03 2.645122685440e-05
2.463306587308e-03 3.953462833988e-03 2.829085780155e-05
8.848630431147e-04 3.953462479628e-03 3.951878896276e-05
3.741133489822e-03 -4.155950096703e-05 4.726495623386e-05
3.741133489822e-03 3.958440499033e-03 4.726495623386e-05
2.077075507450e-04 3.874154211433e-03 3.925774012139e-05
3.133134653534e-04 3.863866221148e-03 4.464579718157e-05
3.857261482197e-03 -2.100284351733e-05 4.435571456173e-05
3.857261482197e-03 3.978997156483e-03 4.435571456173e-05
2.469685131842e-05 3.945509545855e-03 4.937720854125e-05
4.024696851318e-03 3.945509545855e-03 4.937720854125e-05
1.310949077326e-04 3.923571372531e-03 5.164494879004e-05
3.807610718889e-04 3.913226546656e-03 3.893426279885e-05
3.845662218686e-04 -1.081673131811e-05 3.711775442737e-05
3.845662218686e-04 3.989183268682e-03 3.711775442737e-05
9.451835491426e-04 3.914656098800e-03 3.215375173003e-05
2.150253296756e-04 3.955546884644e-03 3.817014335092e-05
2.987953961760e-04 3.952976408202e-03 4.563936123715e-05
2.371093750000e-03 3.277343750000e-03 4.732923863002e-05
2.574218750000e-03 3.167968750000e-03 6.800883070061e-05
3.800781250000e-03 1.980468750000e-03 3.765761834149e-05
3.246093750000e-03 1.058593750000e-03 6.410543504339e-05
3.019531250000e-03 1.910156250000e-03 4.430277035031e-05
2.253906250000e-03 3.113281250000e-03 4.419933623461e-05
3.730468750000e-03 1.816406250000e-03 5.353282563622e-05
3.867187500000e-04 1.582031250000e-03 3.758660741020e-05
2.527343750000e-03 3.371093750000e-03 4.131587803677e-05
-1.171875000000e-05 1.136718750000e-03 1.000000000000e-04
3.988281250000e-03 1.136718750000e-03 1.000000000000e-04
3.253906250000e-03 3.121093750000e-03 4.223247785081e-05
2.199218750000e-03 3.269531250000e-03 4.871988558371e-05
3.160156250000e-03 1.972656250000e-03 5.718168545982e-05
2.574218750000e-03 1.269531250000e-03 2.507456185063e-05
1.582031250000e-03 1.636718750000e-03 3.237535865000e-05
2.824218750000e-03 2.800781250000e-03 2.940783538423e-05
2.011718750000e-03 9.882812500000e-04 4.692662742107e-05
2.277343750000e-03 3.402343750000e-03 2.554381231531e-05
3.332031250000e-03 1.207031250000e-03 1.761608485411e-05
2.148437500000e-04 1.621093750000e-03 7.001237625106e-05
2.417968750000e-03 1.292968750000e-03 3.415224627079e-05
3.472656250000e-03 1.300781250000e-03 2.936571798419e-05
3.933593750000e-03 1.957031250000e-03 4.677386790391e-05
2.394531250000e-03 3.128906250000e-03 8.639087347202e-05
2.925781250000e-03 2.722656250000e-03 2.711423471162e-05
2.402343750000e-03 3.425781250000e-03 4.184953802174e-05
3.789062500000e-04 7.460937500000e-04 7.342288453706e-05
3.902343750000e-03 9.492187500000e-04 1.500310924464e-05
3.261718750000e-03 8.945312500000e-04 3.896646706289e-05
1.269531250000e-03 8.320312500000e-04 4.005995295028e-05
2.746093750000e-03 2.972656250000e-03 5.598786807145e-05
2.644531250000e-03 3.308593750000e-03 5.830090409827e-05
1.675781250000e-03 3.324218750000e-03 7.111750890811e-05
5.117187500000e-04 1.480468750000e-03 2.950096900928e-05
3.324218750000e-03 3.164062500000e-04 5.138136348150e-05
3.503906250000e-03 1.566406250000e-03 8.225120845300e-05
-2.734375000000e-05 3.074218750000e-03 6.986952672290e-05
3.972656250000e-03 3.074218750000e-03 6.986952672290e-05
8.984375000000e-05 1.292968750000e-03 3.027606749950e-05
3.535156250000e-03 1.367187500000e-04 3.594177685020e-05
3.824218750000e-03 8.945312500000e-04 7.288978608884e-05
8.007812500000e-04 1.089843750000e-03 4.558907743606e-05
1.683593750000e-03 1.691406250000e-03 3.465395102746e-05
1.308593750000e-03 1.191406250000e-03 5.934827430777e-05
1.597656250000e-03 1.480468750000e-03 1.865996626074e-05
3.816406250000e-03 2.097656250000e-03 7.984152837729e-05
3.652343750000e-03 1.707031250000e-03 8.043461047646e-05
3.042968750000e-03 5.742187500000e-04 3.138688930854e-05
2.988281250000e-03 1.792968750000e-03 4.282519044733e-05
2.183593750000e-03 3.011718750000e-03 3.549988031513e-05
1.144531250000e-03 8.789062500000e-04 2.762252211499e-05
3.613281250000e-03 2.839843750000e-03 5.215667919188e-05
3.371093750000e-03 3.082031250000e-03 6.528190262977e-05
2.722656250000e-03 2.746093750000e-03 3.778601872936e-05
1.855468750000e-03 5.585937500000e-04 4.244023251037e-05
1.902343750000e-03 6.757812500000e-04 3.478169460548e-05
3.699218750000e-03 1.941406250000e-03 7.411588266020e-05
2.691406250000e-03 3.089843750000e-03 5.101704675883e-05
3.113281250000e-03 6.757812500000e-04 4.397659012159e-05
2.519531250000e-03 2.589843750000e-03 1.005117341028e-05
