Lx=2.525000e-04
Ly=3.985000e-04
Lz=2.525000e-04
Nx=139
Ny=220
Nz=139
eps=9.096296587520e-07
