Lx=1.000000e-03
Ly=1.000000e-03
Lz=1.347656e-04
Nx=571
Ny=571
Nz=77
eps=8.756952130264e-07
