Lx=2.000000e-03
Ly=2.000000e-03
Lz=2.000000e-03
Nx=1100
Ny=1100
Nz=1100
eps=9.096296587520e-07
