# 2D packing, generated 2026-09-28T18:44:25.915794+00:00
# generator = preprocess/generate_packing_gravity.py
# periodic axes = xy
# porosity_achieved = 0.400272  (target 0.400000)
# 264 distinct grains; 288 rows including 24 periodic edge images.
# Centres span [-R, L+R]: a grain need only be PARTLY inside.
# Do NOT drop the out-of-box rows -- they carry the conduction
# paths that cross the domain edge, and k_eff depends on them.
# header row is 'Lx Ly'; grain rows are 'x y r', all in metres
2.000000000000e-03 2.000000000000e-03
3.384035060880e-04 3.573063202930e-05 4.857504707898e-05
3.384035060880e-04 2.035730632029e-03 4.857504707898e-05
2.405495535372e-04 8.148349029422e-05 5.944680572641e-05
3.243014481718e-04 1.369949060966e-04 3.794844723197e-05
1.479060062718e-03 3.711376513206e-05 2.282207245008e-05
1.288291780695e-03 6.427265870333e-06 5.150769308039e-05
1.288291780695e-03 2.006427265870e-03 5.150769308039e-05
4.379624106784e-04 7.822334227511e-05 5.891025864070e-05
1.846153658954e-03 2.911741344839e-05 3.384877672933e-05
1.846153658954e-03 2.029117413448e-03 3.384877672933e-05
1.350085659674e-03 8.376454410232e-05 4.714153910355e-05
5.032605651129e-04 1.152786299273e-04 1.616940221527e-05
1.646471339676e-03 5.526936030482e-05 3.037282981784e-05
1.915494417939e-03 5.943978879657e-05 4.183204956622e-05
1.592751803203e-03 8.490873961710e-05 3.098091194816e-05
2.715368705256e-04 1.849002932447e-04 3.331884383590e-05
6.892076778403e-04 4.375686481096e-05 6.189579744672e-05
6.892076778403e-04 2.043756864811e-03 6.189579744672e-05
1.510330726356e-04 1.383305661143e-05 2.741913333561e-05
1.510330726356e-04 2.013833056611e-03 2.741913333561e-05
1.539468116879e-03 7.667062340651e-05 2.293585586034e-05
4.103511807596e-04 1.991480672116e-04 6.512732173473e-05
1.422171584001e-03 1.437322617061e-04 4.662683317988e-05
5.440606570841e-05 7.016616032095e-06 3.462446462452e-05
5.440606570841e-05 2.007016616032e-03 3.462446462452e-05
1.561895089489e-03 1.302896861221e-04 2.389683551453e-05
1.060805838346e-04 6.682022836657e-05 4.206733110210e-05
1.670569488076e-03 1.325303294791e-04 5.055910605035e-05
1.802992862170e-03 7.645439909542e-05 3.021091181193e-05
1.929457046566e-04 1.988956148593e-04 4.650872277004e-05
4.977649084024e-05 2.299983805477e-04 1.000000000000e-04
2.049776490840e-03 2.299983805477e-04 1.000000000000e-04
1.494197699394e-03 2.041919776179e-04 4.741113014699e-05
5.878744119016e-04 9.023525401787e-05 4.958819663059e-05
7.912936898842e-04 9.008347473395e-05 3.723554529581e-05
5.586615365691e-04 2.214639137987e-04 8.485277683356e-05
7.499502850885e-04 1.202909613843e-04 1.396767110544e-05
6.928585654891e-04 2.203529870189e-04 4.788345078246e-05
8.882222392311e-04 9.565827706998e-05 5.922775043829e-05
1.545805801621e-04 3.096518240594e-04 3.163053881428e-05
3.299277747766e-04 2.053361709687e-04 1.469128454920e-05
1.394658395497e-03 2.519358730223e-04 6.298611877070e-05
3.038202298288e-04 3.052173664093e-04 8.520489555211e-05
1.854312012668e-03 1.164534308363e-04 3.485503741249e-05
1.503767724492e-03 3.182801408890e-04 6.471042602353e-05
1.908727125533e-03 1.223862924560e-04 1.988254890324e-05
7.952776552463e-04 2.747342457708e-04 6.799027274849e-05
6.697705741145e-04 3.410531746406e-04 7.396122776911e-05
1.098586235236e-03 5.779961880004e-05 5.302190554140e-05
1.015242673263e-03 1.677015437151e-04 8.490772297436e-05
1.232400277442e-03 5.244842055691e-05 2.089263022356e-05
1.040846394944e-04 3.557515600503e-04 3.652661748398e-05
4.098087250383e-04 3.506758267968e-04 3.012094335880e-05
1.906253138345e-04 3.914160196488e-04 5.707491427568e-05
1.284145193418e-03 2.649122192089e-04 4.828630995377e-05
1.783384616122e-03 2.322338456067e-04 1.000000000000e-04
1.124990077239e-03 1.677015437151e-04 2.483968100182e-05
1.332085574347e-03 3.888728171591e-04 8.462159036765e-05
2.734147666488e-04 4.498429584877e-04 4.384848517431e-05
6.976452840636e-05 4.917401799698e-04 1.000000000000e-04
2.069764528406e-03 4.917401799698e-04 1.000000000000e-04
3.914833721660e-04 4.628329716421e-04 7.493255729676e-05
1.223140348004e-03 3.888728171591e-04 2.432363597582e-05
1.944380790996e-03 1.557307734894e-04 2.893382414374e-05
9.383689681166e-04 3.089782923653e-04 7.592972991534e-05
1.917271469110e-03 3.134499165387e-04 5.659418789012e-05
1.599778623487e-03 1.643784318839e-04 2.706594252174e-05
2.079244340678e-04 5.014997177360e-04 3.694600363973e-05
1.458790168507e-03 4.201162235686e-04 4.587823578274e-05
1.564928242721e-03 4.300373389393e-04 6.072251153249e-05
5.671265570479e-04 3.348699483441e-04 2.886886785425e-05
1.941283985139e-03 5.526915852706e-04 4.220581537931e-05
5.659214184307e-04 4.167584075797e-04 5.302855469643e-05
1.632917369426e-03 2.403448152721e-04 4.808498575503e-05
8.465836709727e-04 3.613882855853e-04 2.976486862737e-05
1.672747810033e-03 3.128964782930e-04 3.468099642377e-05
1.485780978718e-03 5.428993280832e-04 7.712492347955e-05
5.886522674557e-06 6.338972227816e-04 5.584952440581e-05
2.005886522675e-03 6.338972227816e-04 5.584952440581e-05
7.597094517459e-04 3.541631741093e-04 1.692812438823e-05
6.533978195969e-04 4.622473920785e-04 4.556846450077e-05
5.212386042883e-04 5.349599967479e-04 7.333672737614e-05
1.855340368538e-03 6.627542747239e-04 9.743745272069e-05
1.674022248115e-03 4.418802352950e-04 4.901242459525e-05
2.961295928116e-04 6.020838292409e-04 9.383694403323e-05
1.734534850761e-03 5.000018636926e-04 3.489167999180e-05
-2.027246106003e-05 7.315649813968e-04 4.445642511676e-05
1.979727538940e-03 7.315649813968e-04 4.445642511676e-05
4.109545087533e-04 6.469725848244e-04 2.945036958362e-05
3.810720168259e-04 7.233107648313e-04 5.252817059953e-05
1.352044431822e-03 5.550578712568e-04 5.716317791801e-05
1.259876215992e-03 5.983881694264e-04 4.468226753899e-05
1.347808416362e-03 7.097882326541e-04 9.723925153938e-05
1.431136368726e-04 6.351543149343e-04 6.108296837492e-05
1.619475982317e-03 5.632069466192e-04 5.810359939038e-05
1.697485668186e-03 6.528473160461e-04 6.072782309481e-05
1.740909326752e-03 7.599911021171e-04 5.272783563203e-05
8.934708480726e-04 4.538453958423e-04 7.390154161945e-05
3.075514578186e-04 7.283837701077e-04 2.116720224902e-05
2.141734666862e-04 7.000142568654e-04 3.386260672637e-05
1.910461344397e-03 8.262605781895e-04 7.286817485444e-05
1.258472744949e-03 7.932106581575e-04 2.499070904200e-05
1.581148595375e-03 6.746644960472e-04 5.763730673749e-05
7.573567018014e-04 4.087613747298e-04 3.674437572501e-05
1.488236942145e-03 7.137963631506e-04 4.317875536798e-05
5.861891954357e-04 5.947583377673e-04 1.490784713726e-05
1.606784306951e-03 8.330400518972e-04 1.000000000000e-04
1.747220698595e-03 8.669234507055e-04 4.418947493326e-05
1.699420499381e-03 9.308280847069e-04 3.452976932573e-05
7.981998063513e-04 4.901264619991e-04 2.804396908179e-05
1.830871264810e-03 9.284220774014e-04 5.663685473869e-05
5.858069565422e-05 8.718704054333e-04 8.211440015986e-05
2.058580695654e-03 8.718704054333e-04 8.211440015986e-05
1.644154495637e-03 9.473063632193e-04 2.017376063741e-05
1.533179648574e-04 7.320349117778e-04 3.490304199344e-05
6.950222394162e-04 5.999543916400e-04 9.404916474317e-05
8.144864039697e-04 6.760777583118e-04 4.760694548830e-05
5.540722354635e-04 6.549369157565e-04 5.105184157163e-05
9.904751171909e-04 4.538453958423e-04 2.310272749878e-05
4.651626429970e-04 7.233107648969e-04 3.156245557153e-05
6.236240571993e-04 7.127019916946e-04 3.935978541644e-05
4.490180479865e-04 8.193471809997e-04 6.511389832541e-05
5.289335917829e-04 8.879357621020e-04 4.019938477744e-05
3.147883251095e-04 7.981930992080e-04 4.747628824741e-05
4.566531292046e-04 9.295065830473e-04 4.318285808401e-05
2.142724920546e-04 8.381643497501e-04 6.069548979388e-05
1.954819098966e-03 9.174464571656e-04 2.853436414284e-05
9.606463344465e-04 5.119981924914e-04 1.494829646526e-05
1.693440063564e-04 9.824599770511e-04 7.440577217695e-05
1.029285462686e-03 4.675484429200e-04 1.805570318884e-05
1.675739309079e-03 1.033480726970e-03 7.081900255970e-05
1.039441310278e-03 5.653669497339e-04 8.021930551136e-05
3.046314987806e-04 1.003433222844e-03 6.249778017097e-05
9.250612293511e-04 5.653669498411e-04 3.416077541604e-05
1.155468604653e-03 6.861932170250e-04 8.729582785709e-05
7.380757315954e-04 7.277150853427e-04 4.076954016733e-05
1.453384030060e-03 8.158895976848e-04 5.243943722098e-05
1.188531199769e-03 8.444643329842e-04 6.172006840458e-05
1.838280214070e-03 1.086012487271e-03 1.000000000000e-04
2.324864552958e-04 1.095194807182e-03 5.422880488901e-05
1.291517104145e-03 8.582314446356e-04 4.218195209288e-05
1.465741758814e-03 9.535704655418e-04 8.552812234427e-05
1.248512488951e-03 9.125425283701e-04 2.709351791217e-05
-9.063032322986e-06 9.638647028374e-04 3.028020863839e-05
1.990936967677e-03 9.638647028374e-04 3.028020863839e-05
9.429300672603e-04 6.394865098827e-04 4.146935141918e-05
1.714168589406e-03 1.125111134872e-03 2.854367271936e-05
3.823060744742e-04 1.026921266521e-03 1.865040468225e-05
8.859489469792e-04 6.714535790684e-04 2.386625587739e-05
6.737523715530e-04 7.769151721853e-04 4.021282329827e-05
4.335945753246e-04 1.005311632579e-03 3.605161952239e-05
1.004944996853e-03 6.687123398622e-04 2.708719918231e-05
1.296095855922e-03 9.222814582405e-04 2.147626247929e-05
1.746226609690e-03 1.180370383897e-03 3.182290671567e-05
1.441396057460e-04 1.148549037679e-03 4.897894548502e-05
7.485534215145e-04 8.222206418371e-04 4.723874881917e-05
-1.923449931853e-05 1.094712724065e-03 4.275066031742e-05
1.980765500681e-03 1.094712724065e-03 4.275066031742e-05
1.349728510359e-03 9.222814582405e-04 3.215639195792e-05
1.046427345264e-03 8.444643329842e-04 8.038378610013e-05
1.192900995713e-03 9.414702940841e-04 3.538426520372e-05
1.102182144793e-03 9.764445463340e-04 6.184283098187e-05
1.361914084652e-03 1.012615720538e-03 3.391459299298e-05
3.744373130762e-04 1.105695020033e-03 6.051538116199e-05
4.520797485675e-04 1.171899684644e-03 4.152091338684e-05
5.976727946828e-04 8.104351941882e-04 4.292377449008e-05
3.747206699477e-04 1.214248134102e-03 4.666943167727e-05
9.090149070036e-04 8.845259358939e-04 6.274940437796e-05
2.120871062560e-04 1.209075603454e-03 4.201736207767e-05
1.606306559219e-03 1.185291234532e-03 9.497094969861e-05
1.415387061074e-03 1.104005022805e-03 7.196652730213e-05
1.944491946372e-03 1.158009440547e-03 2.831404194199e-05
5.666874466562e-04 1.171899684644e-03 7.308678470187e-05
7.970625427119e-04 9.050565571662e-04 4.875564532839e-05
8.142063674336e-05 1.200518339106e-03 3.247335567076e-05
1.259195238826e-03 1.021005029188e-03 6.815655166555e-05
4.683450299313e-04 1.283464837539e-03 6.976283680301e-05
1.452617296056e-03 1.246332125905e-03 7.039645951857e-05
1.902205215051e-03 1.216267226637e-03 4.367302138115e-05
4.134529918283e-05 1.232237076957e-03 1.863545972791e-05
6.661451192365e-04 1.218682539167e-03 3.682437993742e-05
5.986606233958e-04 1.304331908851e-03 6.221287661934e-05
7.395878233527e-04 1.242480729300e-03 4.037785216457e-05
-1.523842080757e-05 1.334585720845e-03 9.831308568247e-05
1.984761579192e-03 1.334585720845e-03 9.831308568247e-05
9.790651315734e-04 1.016627174084e-03 6.766563405819e-05
6.731897290811e-04 1.355754872431e-03 2.833494995398e-05
9.077266813368e-04 1.082299305632e-03 2.929829399908e-05
8.527345141456e-05 1.432822164908e-03 4.222553966220e-05
1.541439604468e-03 1.283972105064e-03 2.312069279847e-05
2.898264264233e-04 1.241207141727e-03 4.210063630506e-05
1.171224097134e-06 1.493762137357e-03 6.163429350116e-05
2.001171224097e-03 1.493762137357e-03 6.163429350116e-05
8.538765723569e-04 9.628032184009e-04 3.225368035862e-05
3.684472924827e-04 1.316672463803e-03 3.550200582537e-05
1.717115499546e-03 1.229156299577e-03 2.420440508475e-05
4.161984761251e-04 1.435133567718e-03 9.062004357746e-05
8.707416754342e-04 1.244092761629e-03 9.078590641240e-05
1.883283752038e-03 1.518164908668e-03 5.875238157523e-05
1.036323596783e-04 1.526767642477e-03 4.601164355931e-05
1.821941974176e-03 1.574689266258e-03 2.414165844590e-05
1.788835349525e-03 1.266850425076e-03 5.681771521709e-05
3.192358650787e-04 1.504990100078e-03 2.888595639946e-05
1.708460336506e-03 1.279711248264e-03 2.457972633308e-05
1.510306595139e-03 1.378293394189e-03 7.362378751563e-05
5.031170108739e-04 1.505662905615e-03 2.131396606967e-05
1.314815392534e-03 1.116180334764e-03 2.933943863425e-05
1.892784606477e-03 1.676632728787e-03 1.000000000000e-04
1.726636428873e-03 1.347894699590e-03 4.534333490419e-05
1.394134134973e-03 1.449514724477e-03 6.264256339015e-05
1.776817673622e-03 1.664526446565e-03 1.659715105301e-05
1.074316039153e-03 1.089710689024e-03 5.239241669532e-05
1.001185882440e-03 1.244092761629e-03 3.965830059339e-05
4.631934183903e-04 1.620219296952e-03 1.000000000000e-04
1.576173816645e-03 1.284617843126e-03 8.825761953589e-06
1.708727139432e-03 1.759176187067e-03 1.000000000000e-04
1.599372268387e-03 1.887256149056e-03 4.953736859059e-05
9.781445063849e-04 1.331406464374e-03 4.763031656468e-05
1.082034470903e-03 1.331406464467e-03 5.625964795354e-05
3.037388687165e-05 1.678978812820e-03 3.755531927295e-05
2.030373886872e-03 1.678978812820e-03 3.755531927295e-05
7.854341222341e-04 1.399682532247e-03 8.665578923437e-05
1.598736707145e-04 1.566137540149e-03 2.264018773034e-05
6.659964852442e-04 1.493231806104e-03 6.505714946503e-05
7.401036341586e-06 1.756866104155e-03 3.990830314099e-05
2.007401036342e-03 1.756866104155e-03 3.990830314099e-05
6.098138541011e-04 1.745810100072e-03 9.290029710750e-05
1.178775943098e-03 1.111619705572e-03 5.299741113220e-05
7.530565286826e-05 1.793925971691e-03 3.745109771369e-05
4.405867587519e-04 1.805281402233e-03 8.643791706645e-05
3.193879001842e-04 1.833404079278e-03 3.798096216125e-05
1.263015232101e-03 1.209069726622e-03 7.581549355670e-05
1.852556666876e-03 1.805838909196e-03 3.228187622798e-05
9.119292914604e-04 1.359909918629e-03 2.445922214918e-05
7.671141887366e-04 1.742892906765e-03 6.442708542093e-05
8.714023872023e-04 1.775757860733e-03 4.135232240759e-05
6.972386988291e-04 1.812738325751e-03 1.702734406341e-05
1.661588819988e-03 1.865970353501e-03 1.621964157200e-05
7.406934422289e-04 1.844888047998e-03 3.699671893096e-05
6.544023916513e-04 1.909973580914e-03 7.108792268883e-05
5.418762124078e-04 1.889192508220e-03 4.334123879200e-05
1.291778309278e-04 1.594643886455e-03 1.924525975951e-05
1.182373454650e-03 1.286175958162e-03 3.575720566985e-05
8.160416633895e-04 1.834151354461e-03 3.911266436134e-05
9.524397271145e-04 1.443240700145e-03 6.711998612702e-05
-2.918643925362e-06 1.853233818028e-03 5.701041621812e-05
1.997081356075e-03 1.853233818028e-03 5.701041621812e-05
1.058237074506e-03 1.502945167179e-03 5.436129678889e-05
1.120706965360e-03 1.563621437458e-03 3.272542457666e-05
9.252533782474e-05 1.869190702632e-03 3.975840449824e-05
8.184396322407e-04 -3.651887964354e-05 9.023934914337e-05
8.184396322407e-04 1.963481120356e-03 9.023934914337e-05
2.168436134834e-04 -8.620060448069e-05 9.232128447312e-05
2.168436134834e-04 1.913799395519e-03 9.232128447312e-05
1.298204854634e-03 1.449514724477e-03 3.328671694882e-05
1.732947436766e-03 -4.229579069584e-05 1.000000000000e-04
1.732947436766e-03 1.957704209304e-03 1.000000000000e-04
1.033930070820e-03 1.637759826330e-03 8.140927711605e-05
1.918499538358e-03 -5.331931686972e-05 6.508557763093e-05
1.918499538358e-03 1.946680683130e-03 6.508557763093e-05
4.771386128964e-04 1.910285398116e-03 2.474626783244e-05
3.409284362504e-04 1.950200014846e-03 3.699284298168e-05
4.275861388582e-04 -3.172752608743e-05 5.152971600034e-05
4.275861388582e-04 1.968272473913e-03 5.152971600034e-05
9.437270327311e-04 -3.336491057143e-06 3.936777648315e-05
9.437270327311e-04 1.996663508943e-03 3.936777648315e-05
1.247757823758e-03 1.476862014556e-03 2.409600866496e-05
1.305117404789e-03 1.586906086775e-03 1.000000000000e-04
1.434390905840e-03 1.586906086882e-03 2.927350105019e-05
1.421389274399e-03 1.650683676512e-03 3.261496376775e-05
1.204338311062e-03 1.662726687633e-03 2.611577715345e-05
1.146484375000e-03 1.849609375000e-03 2.379637141842e-05
1.396484375000e-03 1.833984375000e-03 2.788810433060e-05
1.666015625000e-03 1.521484375000e-03 4.689518093193e-05
2.480468750000e-04 1.685546875000e-03 2.287738398629e-05
7.363281250000e-04 1.068359375000e-03 5.372130844170e-05
1.005859375000e-03 1.853515625000e-03 2.508234188246e-05
8.457031250000e-04 1.587890625000e-03 3.374502425116e-05
2.246093750000e-04 1.376953125000e-03 2.947426176995e-05
1.263671875000e-03 1.791015625000e-03 4.117506967696e-05
1.505859375000e-03 1.759765625000e-03 7.727540718139e-05
1.115234375000e-03 3.261718750000e-04 8.654422372415e-05
5.996093750000e-04 1.005859375000e-03 7.234804158488e-05
1.853515625000e-03 4.511718750000e-04 4.654832921867e-05
1.552734375000e-03 1.599609375000e-03 5.420222987985e-05
1.466796875000e-03 1.927734375000e-03 1.998916789349e-05
1.185546875000e-03 4.902343750000e-04 1.977992485136e-05
1.464843750000e-04 1.693359375000e-03 8.067472571451e-06
