# periodic 2D packing, generated 2026-07-28T01:51:39.613233+00:00
# porosity_achieved = 0.323142  (target 0.325000)
# header row is 'Lx Ly'; grain rows are 'x y r', all in metres
2.000000000000e-03 2.000000000000e-03
1.247408606421e-03 1.642351321857e-03 2.866758131646e-05
8.565532988685e-04 1.390961321790e-03 3.639035778763e-05
1.027778551688e-03 3.715454425277e-04 9.000000000000e-05
1.606395506630e-03 3.085412903560e-04 5.521509437286e-05
5.993794710896e-04 5.852597316715e-04 1.747836521139e-05
1.356205116174e-03 1.565977707310e-03 3.960917794459e-05
1.818213492763e-03 7.742465156942e-04 2.907650963853e-05
1.503005430348e-03 1.163782750996e-03 4.277604507523e-05
1.147585967970e-03 9.535339102892e-04 1.777101212825e-05
1.421471728818e-03 1.236015231417e-03 4.481524753183e-05
1.840072168814e-03 9.124284469055e-04 4.467226990900e-05
1.017198645702e-04 2.424856695259e-04 8.731091690504e-05
1.961865949841e-03 1.947190738867e-03 4.652477647015e-05
9.062348618405e-04 1.152341167701e-03 5.126128662591e-05
1.756176574166e-03 4.806232803357e-05 1.882346344577e-05
1.436932299164e-04 4.188711740421e-04 9.000000000000e-05
5.559443946655e-04 1.865795383587e-03 1.523872234008e-05
1.055851392285e-03 1.864075620405e-03 6.889360910912e-05
1.086816183366e-03 9.932596713969e-04 3.367347558534e-05
1.901026934597e-03 6.726647437763e-04 2.556794020221e-05
6.197571237569e-04 9.420684723292e-04 2.860323960479e-05
5.077830659040e-04 6.954158951791e-04 2.837916216975e-05
1.273763758975e-03 9.798084868128e-04 4.802669662068e-05
3.471897263316e-04 1.204940617899e-03 3.758605643530e-05
1.819595313389e-03 3.149795870781e-04 8.334162058647e-05
5.126833828131e-04 1.891441306973e-03 1.590861009467e-05
1.984173779067e-03 5.114861169246e-04 3.965123152261e-05
1.202615022260e-03 1.411222575156e-04 2.542249966764e-05
4.811940292209e-04 1.287418250055e-03 5.853345162736e-05
1.829830478168e-03 7.282636393456e-04 1.377193008251e-05
3.347799216730e-04 1.475327427952e-03 3.344209095167e-05
8.907301086531e-04 3.886572415551e-04 4.411275428446e-05
1.214271108420e-03 1.111872511198e-03 1.890692387880e-05
9.581132312243e-04 2.281637764825e-04 6.499239617953e-05
6.381022648727e-05 1.723936825048e-03 4.342430052452e-05
9.996282094701e-04 5.335766763651e-04 6.569947109304e-05
3.189202635108e-04 1.916660474501e-03 6.415197764963e-05
4.827974119473e-05 4.888596870531e-04 2.433060946896e-05
1.811836936458e-03 1.151233822272e-03 2.664934602272e-05
4.370849240736e-04 8.652443923901e-04 3.587340620977e-05
1.051971625421e-04 1.925727086998e-03 5.772222912285e-05
1.998820306788e-03 7.400893138242e-04 6.077303183689e-05
1.721018351450e-03 1.205617956713e-03 2.784964040431e-05
1.770620410916e-03 1.800133939602e-03 2.931396129199e-05
1.549587137901e-03 1.110437710265e-04 2.664898416334e-05
1.582047799591e-03 1.019908338876e-03 2.965240915290e-05
6.006579083973e-04 1.791021321624e-03 3.525829430414e-05
1.106478284354e-03 5.311159670129e-04 3.717940451620e-05
1.478227313828e-03 2.105814415757e-04 9.000000000000e-05
5.352353300044e-04 1.211286043882e-03 3.082914965802e-05
1.428214262071e-03 1.595911427281e-03 3.437399455520e-05
1.559271078590e-03 1.748801523041e-03 4.994644614511e-05
1.024603640813e-03 9.971179074199e-04 2.465859341520e-05
1.244843523984e-03 4.426114942893e-04 3.302777635674e-05
1.933060177653e-03 1.292674686003e-04 3.997769726944e-05
8.347524373904e-04 8.426459762650e-04 5.848296196054e-05
6.560503761703e-04 2.496689900476e-04 2.056632563619e-05
7.013686976771e-04 1.226522153421e-03 7.883816589777e-05
1.824615920304e-03 1.357123699333e-03 3.329588470175e-05
1.892037080242e-03 1.313105239124e-03 4.322291093232e-05
1.171938772535e-04 5.712392392214e-04 6.065527716455e-05
1.067680477085e-03 1.991682574261e-03 5.526053221928e-05
5.273777986641e-04 1.544270245754e-03 6.744270569073e-05
1.284386949070e-03 1.306208635517e-03 4.330470969305e-05
1.889121316010e-03 1.624411487931e-03 3.932481769518e-05
4.462564826312e-04 1.890858873086e-03 4.652090397424e-05
8.390087546399e-04 7.296879991410e-04 2.413842078890e-05
6.601125106881e-04 1.600920778252e-03 7.287576734804e-05
1.440028257669e-03 9.206325444882e-04 2.694962453777e-05
1.634002062880e-03 8.031171831580e-04 2.114789873211e-05
5.214064424643e-05 6.787003165704e-05 9.000000000000e-05
4.557871794311e-04 3.573574844802e-04 3.709343575065e-05
7.442029250031e-04 1.027909064341e-03 2.202327951347e-05
1.774144678648e-03 1.546311915203e-03 9.000000000000e-05
1.521422770194e-03 1.324259264678e-03 3.367669912379e-05
1.234191983530e-03 7.967601355460e-04 6.753867411540e-05
1.894143745499e-03 1.553762201426e-03 2.623037598923e-05
7.264005346646e-04 4.807900626293e-04 3.506741946868e-05
1.622333373444e-03 1.050729760290e-03 1.707128501354e-05
4.938465352324e-04 1.002071508043e-03 1.528990505569e-05
5.212511607264e-04 3.577924960573e-04 2.437225013972e-05
1.794933934327e-03 4.380676007584e-04 3.819264586687e-05
1.678123798476e-03 1.800674576858e-03 5.918424323332e-05
1.202931174319e-03 3.151762353345e-04 9.000000000000e-05
3.894079662519e-04 1.975561725552e-03 2.370606665107e-05
6.108901750147e-04 6.717466934493e-04 6.577123861476e-05
1.887748048959e-03 4.449129557204e-06 2.935585485973e-05
9.413143526700e-04 1.414581004382e-03 3.679631987284e-05
7.396722789675e-05 9.561204558474e-04 1.893603424408e-05
4.920693498923e-04 1.816774618768e-03 1.895693108907e-05
1.218243039225e-03 1.952415978189e-04 2.690823001613e-05
1.787321452887e-03 1.104787629721e-03 2.186981069260e-05
9.067034132074e-04 1.487192147296e-03 3.964184667124e-05
5.910068499786e-04 1.467914643917e-03 2.794966623064e-05
1.711294998084e-03 6.806921473103e-04 7.421832049550e-05
6.069136026236e-04 1.145880361173e-04 4.287000277803e-05
6.161422889077e-04 1.921951937171e-03 4.313270751635e-05
1.156783490682e-03 1.720647886346e-03 7.013206371557e-05
1.006607025563e-03 7.136822339846e-04 5.145556523631e-05
1.788093136288e-03 1.678556176993e-03 3.897794598929e-05
8.817757164281e-04 3.030604261904e-04 3.795118804695e-05
1.314319901223e-03 6.653475412941e-04 3.738195760979e-05
8.960119400877e-04 1.859730698661e-03 6.803508090422e-05
1.355001456149e-03 3.008381746515e-04 5.874495624052e-05
1.795931708414e-03 1.232334669452e-03 4.768521866925e-05
2.460451160915e-04 1.436672044518e-03 5.920921291295e-05
1.808327370736e-03 1.748965827135e-03 3.024696474223e-05
1.862846939799e-03 1.923566122285e-03 5.127349192935e-05
7.095463978550e-04 1.579193239117e-04 1.959933541542e-05
1.907242567457e-03 1.437377136284e-03 7.789001487438e-05
9.228856737768e-04 1.334332294413e-03 4.154123794180e-05
1.367463238624e-03 9.985362294607e-04 4.352602304546e-05
3.332470077103e-04 5.820282076425e-04 5.358956748550e-05
4.491634179001e-04 1.771360391872e-03 3.952003279016e-05
7.054618054510e-04 7.167774995493e-04 3.497412657186e-05
1.716551909547e-03 1.340815046993e-03 7.199198553532e-05
1.166557326185e-03 7.054670760163e-04 4.207853802716e-05
1.384429726767e-03 9.278976409496e-04 2.512156531842e-05
1.160124355191e-03 1.934435308372e-03 4.947373623522e-05
1.302867140452e-03 4.944470946070e-04 1.693025517988e-05
8.537289319704e-04 1.703309766546e-03 9.000000000000e-05
1.002274386826e-03 1.297961280212e-04 3.645566751217e-05
1.708137986413e-04 4.287020389367e-06 4.063397000879e-05
1.928783567363e-03 1.180894057453e-03 9.000000000000e-05
3.877355909075e-04 7.191911447369e-04 9.000000000000e-05
1.639802469327e-03 1.521030114127e-03 4.207971643749e-05
1.264690125344e-03 1.470378622916e-03 5.427673407571e-05
1.442199518182e-03 1.839337082743e-03 6.849442961161e-05
1.080037741576e-03 1.416117794117e-03 9.000000000000e-05
1.102085675016e-03 1.574915928967e-03 3.719283146127e-05
7.451831099011e-04 7.879025066797e-04 4.249101308442e-05
1.691991912310e-04 1.632358201315e-03 7.325742448451e-05
1.188490286568e-03 1.589735488674e-03 4.544203878613e-05
1.175457580496e-03 1.029024871042e-03 5.791129356035e-05
6.446749773223e-04 5.250447708715e-04 5.387099746906e-05
1.825960974771e-03 1.992053797748e-03 2.251555752043e-05
1.869380060088e-03 9.809423696788e-04 2.584693392998e-05
7.426898034363e-04 1.636243442557e-03 1.060147420815e-05
9.269589637609e-04 1.286094396835e-04 3.486913791875e-05
4.931903613153e-04 5.831245037960e-04 7.756227824687e-05
1.425272369615e-03 4.359061231859e-04 2.280680868535e-05
4.328055593667e-04 1.423173971591e-03 7.359405709476e-05
6.515784522674e-04 8.493120571278e-04 6.545975826872e-05
1.865655566388e-03 1.703957774213e-03 3.863819891976e-05
2.749951069341e-04 7.908030111128e-04 3.956150968325e-05
1.830224206617e-03 6.679498551221e-04 4.139164546896e-05
1.093818840086e-03 7.221232130410e-04 2.581921630937e-05
3.980738474742e-04 5.166445376192e-04 3.448406341982e-05
1.519165811461e-03 1.247817453190e-03 3.879845151714e-05
1.107084375536e-03 1.122532168169e-03 5.392700983918e-05
1.571892087497e-03 1.861041937625e-03 5.900185668095e-05
7.838394453438e-04 7.233552594587e-04 2.739316320043e-05
5.924190250194e-04 3.053844745405e-04 6.001047079894e-05
3.067840814167e-04 1.820914065865e-03 2.691616995340e-05
2.518308305628e-04 7.885189254067e-09 3.649605685131e-05
1.001754537105e-03 1.113719826250e-03 4.777082834871e-05
7.704284621727e-04 1.735814952384e-04 3.926508852004e-05
9.961439434461e-05 1.010590176106e-03 3.726975256746e-05
4.176620427219e-04 4.350390257138e-04 4.543956124708e-05
9.624717574254e-04 7.870008161374e-04 3.012221578735e-05
9.690344403362e-05 8.730435680866e-04 2.865504211396e-05
1.986569348580e-03 1.885180318752e-04 3.585938922684e-05
1.301954018545e-03 1.092584160432e-03 6.421893442610e-05
2.070049991226e-04 9.553213299299e-04 3.774407272994e-05
8.401405974719e-04 5.417948638485e-04 9.000000000000e-05
1.900392597069e-03 2.111735199941e-04 4.420284376752e-05
1.230278423071e-04 1.173736886466e-03 8.975181712613e-06
7.870658884739e-04 1.361307685731e-03 3.187702852302e-05
5.143122313552e-04 1.379959841283e-05 9.000000000000e-05
1.590620796297e-03 1.289327224627e-03 3.983856477177e-05
9.342339146691e-04 4.558148297820e-04 3.190445488430e-05
2.556231084463e-04 4.618226954150e-04 2.565741516961e-05
1.552131317937e-03 1.999622553786e-03 7.698121290909e-05
1.827378267975e-03 1.004374850335e-04 6.556714638932e-05
1.499633203391e-03 1.656945356999e-03 5.557202429101e-05
4.754665059709e-04 1.516206560642e-04 4.919113675141e-05
1.971370299930e-03 9.359577767205e-04 8.162336985732e-05
1.339634746360e-03 4.224913850252e-04 5.987525657919e-05
7.670321750172e-04 1.307571364213e-03 2.147226898934e-05
2.794831156327e-04 1.553506306450e-03 5.831645262060e-05
1.057438155060e-03 1.210665453776e-03 4.322744771776e-05
2.106785633798e-04 1.342290903596e-03 3.758114992543e-05
2.467803252704e-04 2.064064112258e-04 5.816923192696e-05
1.294794593565e-03 2.172363807469e-04 4.028002716866e-05
1.501665080219e-03 1.034183241201e-04 9.160356185147e-06
1.227709558374e-03 5.712356423989e-04 8.651835169545e-05
8.049504207439e-04 6.915370015562e-05 6.672118311773e-05
1.605626684085e-03 1.441075723547e-03 3.735130606858e-05
1.721351166876e-03 1.714790140007e-03 3.296558621158e-05
1.430025471196e-04 1.513475770893e-03 4.447764499219e-05
1.476414488401e-03 5.430522568748e-04 2.089407396438e-05
1.676842189345e-03 8.800561551326e-04 4.628719336256e-05
1.212402336684e-03 1.346920042201e-03 3.539476611609e-05
8.186390138547e-04 3.508569671895e-04 3.328767034753e-05
1.516103965992e-03 6.137291614182e-04 2.503070351313e-05
1.049306328367e-04 1.303748203646e-03 2.828536093723e-05
1.775056716406e-03 1.010664952484e-03 6.904860709561e-05
1.074337645664e-03 8.279931617962e-04 7.741441520277e-05
1.152589553292e-03 4.512249407255e-04 5.106409075419e-05
1.273784601552e-03 1.567046881593e-03 3.881839299304e-05
8.894416931792e-04 6.507640519547e-04 2.560303241499e-05
5.311998339019e-04 8.875861291453e-04 5.685699918570e-05
5.621767121582e-04 1.087020229031e-03 8.886608619072e-05
3.219511182155e-04 4.289526153709e-04 1.771497828695e-05
8.284571679600e-06 1.834409672518e-03 7.143529970884e-05
1.778213089432e-03 6.180449227121e-04 1.344796324564e-05
1.792272265222e-03 1.420103518930e-03 3.350376938968e-05
1.378362565512e-03 1.322852006297e-03 4.813332650066e-05
6.052703438842e-04 3.884757767592e-04 2.006885161996e-05
7.796534920663e-04 1.983489632165e-03 1.860010315497e-05
1.662790102136e-03 9.728611880561e-04 4.357568775386e-05
9.940843610623e-04 1.545776238944e-03 6.156047378446e-05
7.585005944592e-04 3.178573966983e-04 3.130995083433e-05
1.515969920003e-03 1.519847647998e-03 7.775854870034e-05
5.534211835725e-04 4.027239954062e-04 2.688857450045e-05
1.535187740719e-04 7.352856539008e-04 9.000000000000e-05
8.134982227875e-04 2.539110904418e-04 4.217657592955e-05
1.695941711830e-03 3.612069557124e-04 4.467053636974e-05
2.213129475420e-05 1.066035462694e-03 5.400790047858e-05
5.545157302444e-04 1.398325420312e-03 4.662682028253e-05
1.669547966167e-03 1.239113717454e-04 9.000000000000e-05
3.393731443343e-04 1.693553891644e-03 9.000000000000e-05
1.267965901618e-03 1.208087355238e-03 5.218115370046e-05
2.942028333373e-04 1.073327337505e-03 3.655471219022e-05
4.312146247466e-04 1.020382149639e-03 2.205660580992e-05
1.598881757143e-03 2.224196283021e-04 2.723424330530e-05
2.117398509671e-04 1.930325529516e-03 3.989641954983e-05
9.840943410242e-04 1.684257392046e-03 3.775028635531e-05
6.539056914969e-04 1.862846324636e-04 3.885456955900e-05
1.980622927026e-03 6.014843137816e-04 3.981273019466e-05
1.561220021668e-03 4.089383863380e-04 5.087808856582e-05
5.034076437277e-04 9.637432858353e-04 2.021285700167e-05
1.982416173709e-03 8.271115844600e-04 2.378189735118e-05
1.249399233975e-03 1.830549594872e-03 6.959014239321e-05
3.597062758244e-04 1.306144710157e-03 6.038910810838e-05
6.402747816040e-04 1.848292068871e-03 3.037961229627e-05
1.634366546458e-03 1.642881861925e-03 7.589338147964e-05
1.863580947193e-03 4.219478112365e-04 2.831712817435e-05
2.441234369212e-05 1.444528141828e-03 3.501464658142e-05
1.135414868447e-03 1.204199065328e-03 1.594151889837e-05
3.574640329296e-04 2.596522064740e-04 6.065630720394e-05
1.418319734936e-03 1.147091080990e-03 3.953897697054e-05
6.656615305303e-06 1.322720749079e-03 6.779944760658e-05
1.460105434974e-03 3.601034230900e-04 5.661618050393e-05
1.043145052726e-03 1.743276103733e-03 4.173741731457e-05
1.252303580982e-03 1.963400470972e-03 4.314929014206e-05
9.386242291761e-04 1.791775538947e-05 7.243555901427e-05
1.396092122734e-03 1.996263005462e-03 3.675434575469e-05
1.695578655746e-03 7.948186460818e-04 3.698539469900e-05
2.182291032633e-04 3.058967665900e-04 4.133692845240e-05
6.890287496774e-04 3.828176912710e-04 5.980149386991e-05
4.085246372812e-04 1.115928945045e-03 6.348189884508e-05
9.042509003090e-04 9.783699908723e-04 9.000000000000e-05
1.196737016135e-03 1.270554601991e-03 3.855907650949e-05
8.008357910539e-04 1.542133674560e-03 7.563319000738e-05
1.579849635751e-03 8.051340579612e-04 2.904209350590e-05
1.962446087600e-03 1.712771852088e-03 5.455291971830e-05
3.806397498358e-04 1.824203797686e-03 4.301272933572e-05
3.460935936831e-04 9.025035683883e-05 9.000000000000e-05
1.975079784177e-04 1.001923293071e-04 5.491748322067e-05
1.244074463334e-03 6.930525705155e-04 3.239292704545e-05
1.342747622054e-03 1.917760068119e-03 5.415807891583e-05
7.206407682456e-04 1.779223391986e-03 4.825917222461e-05
1.432768640480e-03 5.025365807481e-04 3.465829978400e-05
7.251612333314e-04 1.692018755129e-03 3.506257723048e-05
1.153752554803e-03 1.855868593543e-03 2.535097726225e-05
1.282135956212e-05 1.573021029734e-03 9.000000000000e-05
7.240772313876e-04 2.469460417353e-04 4.351532438208e-05
1.202974776328e-04 1.401047932619e-03 6.622043468618e-05
1.453196087866e-03 1.968551981555e-03 2.271821888141e-05
1.346734599925e-03 1.221070641428e-03 2.364685013630e-05
1.732529250921e-03 1.137024998515e-03 3.770246153666e-05
1.684271438083e-03 1.449921038530e-03 3.778932878472e-05
1.088935456557e-03 6.315858682236e-04 6.081059289451e-05
2.866964710073e-04 9.531680055502e-04 2.465055100616e-05
5.422078933774e-04 7.739199169865e-04 5.334102350142e-05
1.305286164419e-03 8.650450674871e-05 8.687229918843e-05
1.306940661211e-03 7.321090849555e-04 2.578620227048e-05
1.395155072693e-03 1.437959848171e-03 6.419296032506e-05
2.771791662304e-04 1.350976722960e-03 2.519666128859e-05
2.896011016203e-04 3.667115379876e-04 4.843117572981e-05
1.444235909900e-03 7.183482562365e-05 4.885005047486e-05
1.879509780135e-04 1.798560196944e-03 9.000000000000e-05
1.017232139794e-03 1.310547828037e-03 2.883957568052e-05
8.579928898390e-04 1.751166420346e-04 4.431289773134e-05
1.615993723517e-03 1.140219776322e-03 6.864308842081e-05
2.172392729108e-04 5.094410168107e-04 2.267014875440e-05
1.497940061790e-03 1.398876709349e-03 4.054865282004e-05
6.618109303619e-04 1.708470468793e-03 2.636289441666e-05
1.363570467886e-03 7.151675242863e-04 2.867294210546e-05
3.990708038306e-04 1.554555274063e-03 5.727602648065e-05
1.158003124565e-03 6.616138573302e-05 5.780921520045e-05
1.612804065838e-03 5.443218064491e-04 9.000000000000e-05
1.427397953704e-03 8.093209770304e-04 8.107626079561e-05
1.553152978710e-03 9.124904900967e-04 7.758392985727e-05
1.200970111110e-03 9.005728179494e-04 3.746025816600e-05
9.773072075429e-04 1.790060098090e-03 3.502995479631e-05
1.355755129438e-03 5.313911756574e-04 4.358343315601e-05
2.507352344369e-04 4.194025939767e-04 1.304342558036e-05
1.354177272493e-03 1.702748219695e-03 9.000000000000e-05
3.149734736677e-04 1.139770850946e-03 2.905969394802e-05
9.384001834109e-04 1.266641303602e-03 2.390493494681e-05
9.294898878271e-04 8.446273152211e-04 3.227528178701e-05
1.918685643897e-04 1.058773171654e-03 6.280936567753e-05
5.395179228107e-04 1.693972861359e-03 7.544351575145e-05
1.483616111089e-03 4.512928023133e-04 3.353188566775e-05
1.316340853035e-03 8.867509025821e-04 5.030867751669e-05
9.561332610705e-04 6.335059610954e-04 3.928537951155e-05
1.353986686255e-03 1.169383208448e-03 2.454686910890e-05
7.579667236162e-04 6.525962681243e-04 4.394763444690e-05
9.103487350914e-04 7.181001244766e-04 4.090407321933e-05
8.555263706195e-04 6.858674670117e-04 1.869181178840e-05
1.544988295105e-03 7.083122578962e-04 6.986455581368e-05
1.064816201208e-04 1.202869306710e-03 1.835832864863e-05
1.698919989560e-03 2.600328274384e-04 4.525435974061e-05
2.234850038084e-05 6.546930016428e-04 2.380522956195e-05
6.492204593899e-04 2.983512380860e-05 2.677488269133e-05
1.928922993518e-03 8.102606417413e-04 2.830263600671e-05
4.792829699343e-04 2.619298189598e-04 5.718428948738e-05
7.259041337452e-04 1.125147925717e-03 2.146294467049e-05
3.781870476872e-04 3.586815942550e-04 3.651826909424e-05
1.711999841516e-03 1.947243924956e-03 8.724919098491e-05
3.263239564637e-04 1.392659680766e-03 2.834288649703e-05
7.853750518291e-04 4.200554616141e-04 3.949079441584e-05
7.184393970373e-04 1.934329284973e-03 5.591054789746e-05
4.480568811933e-04 1.633942250677e-03 2.995849099986e-05
1.135362535854e-03 1.870719752727e-04 5.083174690575e-05
7.192044877553e-04 1.337555155368e-03 2.879348599718e-05
1.878996100926e-03 1.806440830184e-03 5.684251041003e-05
8.378367235572e-04 1.957020281887e-03 4.132113912285e-05
1.360262505949e-03 1.942848540698e-04 2.507541552369e-05
1.971529986208e-03 3.874752502685e-04 8.100259624026e-05
1.658117983704e-03 1.242727287888e-03 3.818232823175e-05
1.182792581111e-03 1.176083581980e-03 3.480640728560e-05
5.829382516117e-04 1.968349645828e-04 2.520991843461e-05
1.048916955292e-03 1.847768328508e-04 3.164433042271e-05
1.968400474430e-03 2.643721033548e-04 3.814046331450e-05
3.166135415185e-04 8.673992394772e-04 4.361117203892e-05
1.419073939862e-03 6.296306273111e-04 6.929375170822e-05
9.776360472007e-04 8.750890218983e-04 2.069815278729e-05
1.801032037759e-03 1.859726005843e-03 3.358956854026e-05
1.477526343232e-03 1.047013933955e-03 7.274025485822e-05
1.889400036662e-03 7.452292768600e-04 4.379692186150e-05
1.772122278986e-03 8.422092074542e-04 4.904126037676e-05
2.171239467497e-04 1.212193630609e-03 8.867622110957e-05
