# 2D packing, generated 2026-09-30T17:09:20.440969+00:00
# generator = preprocess/generate_packing_gravity.py
# periodic axes = xy
# porosity_achieved = 0.324830  (target 0.325000)
# 171 distinct grains; 194 rows including 23 periodic edge images.
# Centres span [-R, L+R]: a grain need only be PARTLY inside.
# Do NOT drop the out-of-box rows -- they carry the conduction
# paths that cross the domain edge, and k_eff depends on them.
# header row is 'Lx Ly'; grain rows are 'x y r', all in metres
1.500000000000e-03 1.500000000000e-03
1.449190202848e-03 1.903628197896e-05 2.733462166327e-05
1.449190202848e-03 1.519036281979e-03 2.733462166327e-05
3.926607724087e-04 1.595937588644e-05 3.356582119243e-05
3.926607724087e-04 1.515959375886e-03 3.356582119243e-05
6.975798492320e-04 5.488461647471e-05 1.000000000000e-04
6.975798492320e-04 1.554884616475e-03 1.000000000000e-04
9.640083012971e-04 1.138009695873e-05 8.417555545166e-05
9.640083012971e-04 1.511380096959e-03 8.417555545166e-05
8.483087102065e-04 3.124755959161e-05 3.316979800718e-05
8.483087102065e-04 1.531247559592e-03 3.316979800718e-05
8.810637400388e-04 8.314420619859e-05 2.550540043188e-05
1.239060288358e-03 4.143351996987e-05 5.508498991522e-05
1.239060288358e-03 1.541433519970e-03 5.508498991522e-05
8.241850976176e-04 9.302086688655e-05 3.222457266675e-05
2.731473673973e-04 4.949592766017e-05 8.938605439416e-05
2.731473673973e-04 1.549495927660e-03 8.938605439416e-05
5.719328421571e-04 7.688607482674e-05 2.755923458851e-05
7.931952266100e-04 2.206117519317e-04 9.133183813168e-05
9.286652849129e-04 1.414234159302e-04 4.840794058908e-05
5.661089119337e-04 1.904892845088e-04 8.619474520560e-05
6.885468552400e-06 6.209517822621e-05 4.465712946634e-05
1.506885468552e-03 6.209517822621e-05 4.465712946634e-05
4.360941320150e-04 2.384589038682e-04 5.196894229437e-05
5.160946170342e-04 3.292587382528e-04 6.131385112304e-05
1.074401005395e-03 5.167675377724e-05 3.334209479559e-05
8.961974612863e-04 2.609772328479e-04 1.929771779648e-05
1.133028310456e-03 6.191747799294e-05 2.617301013791e-05
1.175842201072e-03 1.043790636306e-04 3.412651471818e-05
1.424791791184e-03 1.242682707025e-04 5.832279717889e-05
8.447708824485e-05 9.541115418160e-05 3.978267883099e-05
6.682933810499e-04 2.687880959808e-04 4.253927089970e-05
7.227639316350e-04 3.345787450638e-04 4.264224555319e-05
3.810269105742e-05 2.000965113147e-04 7.471452359844e-05
1.538102691057e-03 2.000965113147e-04 7.471452359844e-05
6.466107990315e-04 3.513185078224e-04 3.532905744086e-05
1.277708249515e-03 1.916326100478e-04 1.000000000000e-04
1.635371919031e-04 2.379181038359e-04 5.629802761821e-05
6.933555114743e-04 3.977819767955e-04 2.706790492171e-05
5.900211729188e-04 3.789543739866e-04 2.764815319216e-05
4.165102782390e-04 3.265854191054e-04 3.830669510846e-05
9.433298924492e-05 2.830839318759e-04 2.544706236621e-05
2.791419023174e-04 3.422251955382e-04 9.940817468772e-05
2.561916001726e-05 3.356888105356e-04 6.109115801032e-05
1.525619160017e-03 3.356888105356e-04 6.109115801032e-05
3.937419766311e-04 3.813060304818e-04 2.096174705403e-05
1.101534455123e-03 1.255551971891e-04 4.313982366797e-05
9.414815083303e-04 2.587256474743e-04 2.604249585255e-05
1.411192785241e-03 2.198400038539e-04 3.643239770464e-05
1.004583261269e-03 2.701000713475e-04 3.807637920711e-05
5.337095569458e-04 4.554762704153e-04 6.612809708401e-05
8.123500651810e-04 4.455793212952e-04 1.000000000000e-04
3.723925552526e-04 4.266910613231e-04 2.640982832289e-05
1.458000889571e-03 2.612279829454e-04 2.604934316120e-05
1.373400808501e-03 2.891409404051e-04 3.661972854271e-05
6.559219387680e-04 5.127417760339e-04 6.883582888728e-05
1.020520696792e-03 1.425837346695e-04 3.964429308616e-05
1.115427060035e-03 3.524329978769e-04 1.000000000000e-04
4.219714874038e-04 4.836554697398e-04 4.910849064090e-05
7.388072802800e-04 5.385372786275e-04 1.797089153348e-05
1.370725191625e-04 3.449313965747e-04 4.267939051969e-05
1.162717894093e-03 2.220085518789e-04 1.737652042465e-05
5.314276148384e-04 6.090446689345e-04 8.745815211009e-05
9.219712910304e-05 4.180389214043e-04 4.310237222558e-05
9.072396348817e-04 2.970800281182e-04 1.845604693910e-05
1.287689060300e-03 3.612738931944e-04 6.993470469253e-05
3.297698652146e-04 4.611986378272e-04 2.841038013708e-05
3.438120071030e-04 6.133227899446e-04 1.000000000000e-04
4.548701227497e-04 7.345267802653e-04 5.953502859107e-05
1.219301643399e-03 4.470829349663e-04 3.979239188342e-05
1.592492613471e-04 4.533353372747e-04 3.267246140522e-05
6.471051494133e-04 6.099819311337e-04 2.822325473828e-05
1.379976355339e-03 3.637432288299e-04 2.238562969557e-05
5.402145714520e-04 7.332305975288e-04 2.562002790947e-05
3.400802111787e-04 7.777942391174e-04 6.313899716185e-05
5.287159357227e-04 7.924418586063e-04 3.431267977579e-05
2.276121552119e-04 4.709240602398e-04 3.791683263509e-05
4.484283464142e-04 8.830746080061e-04 8.676744164498e-05
6.373660817459e-04 6.804778314292e-04 4.031394471287e-05
9.717173615928e-04 4.285570646519e-04 6.027381024916e-05
2.582089386497e-06 4.845532513042e-04 6.849965027149e-05
1.502582089386e-03 4.845532513042e-04 6.849965027149e-05
6.043149498442e-04 9.045509015991e-04 7.053869610689e-05
2.118542990122e-04 8.173321410840e-04 7.104454956865e-05
1.296450295622e-03 4.679913607400e-04 3.714182264673e-05
1.393573770661e-03 5.600207783773e-04 6.408300769700e-05
9.728998093196e-05 8.520993069939e-04 4.867922670254e-05
7.044656396951e-04 9.506563018829e-04 3.971495967347e-05
1.582213599837e-04 9.114045365835e-04 3.604528629814e-05
7.804212368368e-04 5.833974482502e-04 4.146833260157e-05
9.331585766868e-04 5.353409214900e-04 5.050529541415e-05
8.682314870552e-04 6.113641899272e-04 4.940466654466e-05
8.678436630253e-05 9.430212921961e-04 4.207164899242e-05
1.822101981824e-04 1.039426617025e-03 9.357523430687e-05
1.159528843611e-03 4.677335337260e-04 2.344712340731e-05
7.573039730606e-06 6.169601183167e-04 6.334509666482e-05
1.507573039731e-03 6.169601183167e-04 6.334509666482e-05
1.001762167539e-03 6.660352620409e-04 9.488451793013e-05
6.533442869174e-04 9.817184534489e-04 2.010351548036e-05
1.149790581508e-03 7.464709413966e-04 7.358598351043e-05
1.419684165674e-03 6.536346323843e-04 3.188869022290e-05
1.041342927655e-03 8.103332957400e-04 5.226488645725e-05
3.071264190260e-04 9.052890084232e-04 5.627003774749e-05
1.347363299309e-03 4.834665231278e-04 1.607110001906e-05
5.244389582668e-04 1.003336739462e-03 5.550207522739e-05
1.286116720441e-03 7.464709413966e-04 6.274015542260e-05
6.844657631394e-04 1.010244341182e-03 2.211345448660e-05
6.227955501639e-04 1.086529928431e-03 7.332013838209e-05
7.970943905615e-04 6.593737407588e-04 3.631593252347e-05
1.390830908186e-03 7.840626040823e-04 4.851717790277e-05
3.663588027249e-04 9.900178284461e-04 4.709879306456e-05
1.228528689346e-03 8.445500838079e-04 5.099594043782e-05
1.315758301590e-03 8.687528335792e-04 3.952907460633e-05
7.699644415799e-04 1.100405306137e-03 7.450156780364e-05
8.635223261441e-04 7.295614075795e-04 5.725300182010e-05
2.951673051550e-04 1.096714328825e-03 3.307859076738e-05
-1.001575045360e-05 9.431031979885e-04 5.472850365866e-05
1.489984249546e-03 9.431031979885e-04 5.472850365866e-05
4.347950407977e-04 1.050022788624e-03 4.391831481929e-05
3.707892500725e-04 1.089761585215e-03 3.142034193049e-05
5.192395655951e-05 1.013824497199e-03 3.679267730684e-05
9.066922810956e-04 8.814233719603e-04 1.000000000000e-04
1.123317496224e-03 8.926688412912e-04 6.392019123802e-05
8.559268552484e-05 1.118715808624e-03 3.141164470392e-05
6.814027268597e-04 1.200928942515e-03 5.513397660219e-05
1.363293988780e-03 9.690602726738e-04 7.147193392214e-05
5.719838603024e-04 1.203588677785e-03 5.429114106251e-05
1.337314027855e-04 1.143493922937e-03 2.122700540241e-05
-1.661724058549e-05 1.031610272596e-03 3.401854717441e-05
1.483382759415e-03 1.031610272596e-03 3.401854717441e-05
2.488688792218e-04 1.216106295345e-03 9.497610372297e-05
7.885258551043e-04 9.460831976211e-04 3.470039839983e-05
8.673196971968e-04 1.155301287803e-03 3.726445842278e-05
1.069910428389e-04 1.254432631813e-03 5.013977425507e-05
1.227467798503e-03 1.030080776571e-03 7.743157799403e-05
1.048386708944e-03 1.038460485364e-03 1.000000000000e-04
9.628644552240e-04 1.181359487802e-03 6.177014625075e-05
1.159230326090e-03 1.100657941668e-03 2.073913492199e-05
1.196395816754e-03 1.124671013347e-03 2.213137165641e-05
1.111436865122e-03 1.219378283733e-03 9.158961476933e-05
1.666992953696e-04 1.330305024439e-03 4.571232085688e-05
9.718542187958e-04 1.327776797453e-03 8.488892273884e-05
7.592182982625e-04 1.248063276691e-03 3.584354046085e-05
1.331836132555e-03 1.068898843623e-03 3.320536527629e-05
1.249946879394e-03 1.246888994853e-03 4.606064513056e-05
1.231001620857e-05 1.101801357029e-03 4.189966223185e-05
1.512310016209e-03 1.101801357029e-03 4.189966223185e-05
1.424522209337e-03 1.041580563581e-03 2.343901163203e-05
1.405393904240e-03 1.114594100152e-03 5.203859152593e-05
1.087795941418e-03 1.351907257133e-03 3.353727540093e-05
3.566041434537e-04 1.249378892529e-03 1.778017977703e-05
2.488822584117e-04 1.361426093503e-03 4.216608936665e-05
1.192933347517e-03 1.340884837499e-03 5.471672374397e-05
7.515271249324e-05 1.365997057487e-03 5.254630832683e-05
8.949126917881e-04 1.400667794429e-03 2.109741017365e-05
7.864482820973e-04 1.389253942586e-03 8.796594397138e-05
3.273784363339e-04 1.353108812442e-03 3.676994131622e-05
4.518327864639e-04 1.260125195658e-03 7.805307710576e-05
1.464052788802e-04 1.406509621124e-03 2.941829614144e-05
-7.414751703697e-05 1.371418664352e-03 9.685255891014e-05
1.425852482963e-03 1.371418664352e-03 9.685255891014e-05
5.595333811531e-04 1.288188998004e-03 3.122080302587e-05
1.305398394588e-03 1.384479686103e-03 2.301954494327e-05
1.250831085892e-03 1.411648649640e-03 3.671454091880e-05
8.858443871642e-04 1.441464390218e-03 2.069491652000e-05
5.273862958936e-04 1.357609513320e-03 4.528228046041e-05
3.887277960499e-04 1.360675978745e-03 2.504491109174e-05
1.315990914048e-03 -3.063632211377e-05 5.033047341675e-05
1.315990914048e-03 1.469363677886e-03 5.033047341675e-05
5.988475985605e-04 1.388243013692e-03 3.098300053551e-05
3.587036130767e-04 1.438678440178e-03 5.061532669419e-05
4.466089627770e-04 1.399962506670e-03 4.491050283967e-05
5.387560877529e-04 -2.143360762229e-05 7.620871296324e-05
5.387560877529e-04 1.478566392378e-03 7.620871296324e-05
1.380373699746e-03 1.098862697315e-06 2.144882174820e-05
1.380373699746e-03 1.501098862697e-03 2.144882174820e-05
1.238899124276e-03 1.466707175551e-03 1.962207281303e-05
1.136193725962e-03 -4.075101947427e-05 7.654433483069e-05
1.136193725962e-03 1.459248980526e-03 7.654433483069e-05
1.223144531250e-03 5.874023437500e-04 2.781298540445e-05
7.221679687500e-04 7.866210937500e-04 2.794154327819e-05
1.567382812500e-04 6.606445312500e-04 3.792185603538e-05
1.318359375000e-05 7.573242187500e-04 2.772854572467e-05
1.513183593750e-03 7.573242187500e-04 2.772854572467e-05
-1.025390625000e-05 1.214355468750e-03 5.633783874205e-05
1.489746093750e-03 1.214355468750e-03 5.633783874205e-05
4.262695312500e-04 1.157226562500e-04 1.401607187209e-05
1.274414062500e-04 5.551757812500e-04 2.941013775911e-05
1.079589843750e-03 5.200195312500e-04 2.893407803139e-05
8.935546875000e-05 -1.318359375000e-05 3.411181488961e-05
8.935546875000e-05 1.486816406250e-03 3.411181488961e-05
1.360839843750e-03 1.223144531250e-03 3.728917064637e-05
3.325195312500e-04 1.889648437500e-04 3.045753386208e-05
6.547851562500e-04 1.313964843750e-03 2.778125726881e-05
1.010742187500e-04 7.426757812500e-04 5.957778703403e-05
