# 2D packing, generated 2026-09-28T18:43:53.151089+00:00
# generator = preprocess/generate_packing_gravity.py
# periodic axes = xy
# porosity_achieved = 0.349976  (target 0.350000)
# 313 distinct grains; 345 rows including 32 periodic edge images.
# Centres span [-R, L+R]: a grain need only be PARTLY inside.
# Do NOT drop the out-of-box rows -- they carry the conduction
# paths that cross the domain edge, and k_eff depends on them.
# header row is 'Lx Ly'; grain rows are 'x y r', all in metres
2.000000000000e-03 2.000000000000e-03
1.118438080141e-03 8.606523197162e-06 5.292692412337e-05
1.118438080141e-03 2.008606523197e-03 5.292692412337e-05
1.627297794811e-04 7.186319977623e-06 2.686358809217e-05
1.627297794811e-04 2.007186319978e-03 2.686358809217e-05
2.997222466635e-04 7.414835695134e-05 6.739824252313e-05
1.985801910165e-04 9.223753277890e-05 3.534920788227e-05
2.387349677966e-04 1.484114769543e-04 2.869790135309e-05
-9.345682094179e-06 5.332598387685e-05 5.662352491386e-05
-9.345682094179e-06 2.053325983877e-03 5.662352491386e-05
1.990654317906e-03 5.332598387685e-05 5.662352491386e-05
1.990654317906e-03 2.053325983877e-03 5.662352491386e-05
1.458486769610e-03 5.266860673671e-05 4.830135301335e-05
1.549725910617e-03 3.378083717519e-05 4.487229534567e-05
1.549725910617e-03 2.033780837175e-03 4.487229534567e-05
4.133414859781e-04 5.473060242105e-05 4.509776613912e-05
8.090833525580e-04 4.653792692260e-05 1.000000000000e-04
8.090833525580e-04 2.046537926923e-03 1.000000000000e-04
3.799832285275e-04 1.123702968641e-04 2.149949370528e-05
5.896531360969e-04 5.288301945976e-06 3.090755405252e-05
5.896531360969e-04 2.005288301946e-03 3.090755405252e-05
1.369878948924e-03 5.625042259828e-05 2.496295895729e-05
4.999902192185e-04 6.220223415917e-05 4.138660646647e-05
1.396426687822e-03 1.173338235226e-04 4.132589769603e-05
1.038388518478e-03 6.914705915143e-06 2.413117288206e-05
1.038388518478e-03 2.006914705915e-03 2.413117288206e-05
1.666263957155e-03 6.449551101641e-06 3.978238743404e-05
1.666263957155e-03 2.006449551102e-03 3.978238743404e-05
1.876302748295e-03 1.580219949095e-04 9.841706061826e-05
1.206971913545e-03 3.534753086191e-05 3.955724535892e-05
1.206971913545e-03 2.035347530862e-03 3.955724535892e-05
1.306407347704e-03 5.240697707457e-05 3.862490336663e-05
1.160689989600e-03 7.190400844355e-05 1.942066089136e-05
2.997567304014e-04 1.652321769532e-04 2.368591734670e-05
9.177915532014e-05 3.582437608986e-05 3.221288832826e-05
1.494740453570e-03 1.227853666682e-04 3.063337093965e-05
3.712031054887e-04 1.833501487878e-04 5.002227113773e-05
2.912648027361e-05 1.358095616237e-04 3.439112533763e-05
2.029126480274e-03 1.358095616237e-04 3.439112533763e-05
4.472802289379e-04 2.009237031203e-04 2.803352688708e-05
4.136365216703e-04 3.195970350687e-04 9.268070533247e-05
5.716636557787e-04 3.234607640065e-04 6.534864010092e-05
1.715867369277e-03 1.050044521181e-04 7.055150972287e-05
5.145030650609e-04 4.629887879920e-04 8.263516959165e-05
6.243705438633e-04 4.789206349603e-04 2.838241616318e-05
1.740446930069e-03 2.671409512169e-04 7.583498927739e-05
2.580345685691e-04 2.232154508701e-04 4.774817589133e-05
2.788735799975e-04 3.593966795103e-04 4.783662572191e-05
6.636649507068e-04 1.090902012076e-04 5.830131038043e-05
1.242433474929e-03 1.155765841875e-04 4.815949025669e-05
1.857204317699e-03 2.843339451948e-04 2.297949563836e-05
3.351350713514e-04 4.007732880824e-04 2.024440783523e-05
9.611512176850e-04 2.853975287133e-05 3.205749633396e-05
9.611512176850e-04 2.028539752871e-03 3.205749633396e-05
1.320668638829e-03 1.543387789835e-04 3.915173641352e-05
1.149136808210e-03 1.609558290500e-04 5.558801545730e-05
1.829740420674e-03 3.314188111525e-04 3.103971512480e-05
7.467052918929e-04 1.700308525711e-04 3.816898848771e-05
1.560773231560e-03 1.142995424299e-04 3.594243064972e-05
4.319686939870e-04 5.091175617781e-04 1.191556846776e-05
1.922192784133e-03 3.572557789138e-04 6.495501604437e-05
1.453527727010e-03 2.126457915326e-04 6.822706522845e-05
9.503430552625e-04 1.064437454168e-04 4.319217585642e-05
3.575294707027e-04 5.193355919220e-04 6.322185298762e-05
1.052114132746e-03 2.243065908288e-04 6.028570555822e-05
8.796341657167e-04 2.048556300614e-04 7.332616460403e-05
8.081794759497e-06 3.968741140274e-04 2.963051732406e-05
2.008081794759e-03 3.968741140274e-04 2.963051732406e-05
1.337442435860e-03 2.439349573147e-04 5.200108377015e-05
1.262581605751e-03 2.725043593668e-04 2.812603259184e-05
1.305375166822e-03 3.655764344262e-04 7.379621510741e-05
1.564952684826e-03 2.263320312367e-04 4.363089604611e-05
9.629863969131e-04 3.366321668694e-04 8.259913630555e-05
1.437946994259e-03 4.099637421727e-04 6.600909033786e-05
7.774891866656e-04 2.338066002098e-04 3.264763501451e-05
6.778938092645e-04 4.781066069253e-04 2.514786442226e-05
1.967209482759e-03 4.308509891064e-04 2.131640517105e-05
1.147148421523e-03 2.544875717898e-04 3.793115976871e-05
1.796152809350e-03 4.530679073479e-04 9.328168859442e-05
4.533024362910e-04 5.809886800181e-04 5.029174595683e-05
1.518480219571e-03 2.983479084199e-04 3.930748567470e-05
8.120497748421e-04 3.035388702116e-04 4.517924809610e-05
1.143295753535e-04 1.178007301422e-04 5.269460229420e-05
1.858793159431e-04 3.887573491369e-04 4.968262228652e-05
1.354032922856e-03 4.632668162716e-04 3.329785715131e-05
1.634816684253e-03 2.263679101172e-04 2.623311259368e-05
6.727497515293e-05 1.986685943206e-04 3.913824370018e-05
7.986161211335e-04 4.897526242532e-04 9.613546249646e-05
1.616250535163e-03 2.894710526839e-04 3.770969010684e-05
1.613170234831e-03 4.792162501585e-04 9.155975267143e-05
1.204993809705e-03 2.991419942873e-04 3.514487175030e-05
2.129245689330e-05 4.747175120207e-04 4.832007897190e-05
2.021292456893e-03 4.747175120207e-04 4.832007897190e-05
5.589725343354e-04 5.939453596309e-04 5.566601656567e-05
1.078446452840e-03 3.412449713461e-04 3.295304055264e-05
1.166856084989e-03 3.947824174457e-04 6.776835372925e-05
1.504532823150e-03 4.792162502657e-04 1.707765900934e-05
3.888713895190e-04 5.897362978943e-04 1.348403077847e-05
1.719439115030e-03 5.699492989187e-04 4.652621744704e-05
1.050226588650e-03 3.882695886026e-04 1.877776510591e-05
2.496046640837e-04 4.713644497200e-04 5.454051172690e-05
1.645529193121e-03 6.001189088509e-04 3.330411463330e-05
1.407244519979e-03 5.079048563900e-04 3.615737083038e-05
1.284347098671e-04 4.835298081023e-04 5.918396250812e-05
1.248675777313e-03 4.559398810939e-04 3.288261908715e-05
1.911052989929e-03 4.704641097693e-04 2.292794678876e-05
1.893999004958e-03 5.168428046271e-04 2.351349759900e-05
1.552059363511e-03 6.211461005608e-04 6.250168810571e-05
2.005773510669e-04 5.473322039607e-04 3.587396225834e-05
6.144452168639e-05 5.422245384696e-04 2.987322538658e-05
6.561771420571e-04 5.443674576993e-04 4.405875984855e-05
1.470877777627e-03 6.669288197479e-04 3.069974569686e-05
1.296998043230e-03 5.157645713608e-04 4.402014436912e-05
2.755449534148e-04 5.416051842477e-04 2.033711775997e-05
7.148442936687e-04 5.823507144890e-04 2.583088512526e-05
1.268687812070e-04 6.065462862567e-04 5.867370198008e-05
1.528872184477e-05 6.136057148273e-04 5.312945172778e-05
2.015288721845e-03 6.136057148273e-04 5.312945172778e-05
1.520435574959e-03 7.096396485994e-04 3.147262778347e-05
7.560078036980e-04 5.906032030050e-04 1.262189671945e-05
6.642679268345e-04 6.598423576696e-04 6.670518159998e-05
1.021327547856e-03 4.866870786330e-04 7.839841927734e-05
1.589865621011e-03 7.159887776007e-04 3.824711643418e-05
1.215922281065e-03 5.675522846640e-04 5.218404712744e-05
1.362585166275e-03 5.774348944536e-04 4.600707102500e-05
9.230474530570e-04 5.845166199524e-04 6.027253786508e-05
2.788184143258e-04 6.623248117819e-04 1.000000000000e-04
1.454352265556e-03 7.350414533550e-04 3.932465653307e-05
4.908130297826e-04 6.584886139736e-04 3.580879142962e-05
3.975625028671e-04 7.311484232230e-04 3.724739737853e-05
1.133182516018e-03 4.903042643900e-04 3.351508502908e-05
1.516349518688e-03 7.782699088978e-04 3.625549141948e-05
8.505755066045e-04 6.230980837177e-04 2.181001598793e-05
5.553940606055e-04 6.846619918414e-04 3.387449997539e-05
1.460205772992e-03 7.983361302248e-04 2.336642920646e-05
8.836961402415e-04 6.945620990800e-04 5.659731438436e-05
7.781070917110e-04 6.940038819722e-04 4.899325436251e-05
1.205748252499e-04 7.432443336003e-04 7.773298640071e-05
6.006204624224e-04 7.285991162652e-04 2.698842319068e-05
1.913847274516e-03 6.575181226980e-04 5.740862678400e-05
5.052253533155e-04 7.210027388434e-04 2.802285052101e-05
1.288575196972e-03 6.687811708286e-04 7.155830553925e-05
1.493417928335e-03 8.473163905466e-04 3.581222542279e-05
5.489046477856e-04 7.938077767793e-04 5.623834467626e-05
4.344940189286e-04 8.448825052153e-04 6.905499066237e-05
7.097422602459e-04 7.974753652515e-04 7.502328353686e-05
3.287372889953e-04 7.973476408851e-04 4.395508263530e-05
2.256051094001e-04 8.452584043564e-04 6.864927529580e-05
9.769338728678e-04 7.384898678528e-04 4.647029114746e-05
1.372700198726e-03 7.467333872483e-04 4.313068244531e-05
1.817797606133e-03 7.170002261385e-04 5.556773988731e-05
1.599822147663e-03 8.696872730489e-04 7.291824075336e-05
7.863485761208e-04 8.541826057037e-04 2.027799252429e-05
5.644641750908e-04 9.529905455039e-04 1.000000000000e-04
7.508400973524e-04 9.114836919116e-04 4.616636910630e-05
6.851940921195e-04 9.317133722412e-04 2.252526002027e-05
1.416354250623e-03 7.983361302248e-04 2.048509316247e-05
1.113659435013e-03 5.762723030438e-04 5.025111163171e-05
3.452494771467e-04 9.007806099952e-04 3.625021507720e-05
7.303884641914e-04 1.049442170928e-03 9.192091072576e-05
1.072631914028e-03 7.389504238650e-04 4.922887637277e-05
9.981624800605e-05 8.845068597989e-04 6.312051982216e-05
5.797771512840e-04 1.140507503748e-03 8.408097147482e-05
1.694184385688e-03 6.451869464391e-04 3.283690345036e-05
-6.446529422959e-05 8.087241557245e-04 9.368139374400e-05
1.935534705770e-03 8.087241557245e-04 9.368139374400e-05
1.726311664215e-03 7.052153059044e-04 3.524808730127e-05
7.049744815020e-04 1.187858084445e-03 4.880821032392e-05
2.032989763904e-05 9.065488247507e-04 1.936540693874e-05
9.103318367739e-04 7.798364089928e-04 3.189757164247e-05
1.503028505457e-03 9.250682421230e-04 3.859884720723e-05
1.419940410623e-03 9.862871845780e-04 6.460672637454e-05
1.324842214924e-03 1.033335596696e-03 4.149332031799e-05
9.635855548494e-04 8.211292277275e-04 3.548978153243e-05
4.616045906616e-04 1.161412765526e-03 3.592646252864e-05
1.183348894606e-03 1.033335596696e-03 1.000000000000e-04
1.968547355339e-04 9.785214432798e-04 6.767981749268e-05
7.474607695678e-05 1.071814681688e-03 8.598915410614e-05
2.074746076957e-03 1.071814681688e-03 8.598915410614e-05
1.032156785153e-03 8.452594191962e-04 3.720327016869e-05
2.171219821322e-04 1.105086836027e-03 6.022279694038e-05
7.984011823892e-04 1.194587836264e-03 4.486055714076e-05
6.423644462903e-04 1.244458817532e-03 3.559356392033e-05
1.820852731471e-03 8.788462707266e-04 4.073983315705e-05
7.518161638723e-04 1.237306987331e-03 1.834616378877e-05
1.701198795239e-03 9.121634561160e-04 3.699741237030e-05
3.979853658370e-04 9.299304208905e-04 2.349785754476e-05
1.383878140044e-03 1.081470272896e-03 3.467877107786e-05
1.493981283640e-04 1.144608489858e-03 1.818945650766e-05
1.427961445444e-03 1.103447287858e-03 1.457898974847e-05
1.315806740318e-03 1.116679285229e-03 4.195927437107e-05
3.224062158596e-04 1.115694402112e-03 4.559445273959e-05
1.156797783407e-04 1.177729195467e-03 2.756018379545e-05
1.060971256295e-03 1.078896937529e-03 3.058377440174e-05
-3.045876713003e-06 1.134313943163e-03 1.379935094634e-05
1.996954123287e-03 1.134313943163e-03 1.379935094634e-05
9.026845079892e-04 8.407160894548e-04 2.848351493567e-05
4.897995439750e-04 1.248076768202e-03 5.520864962301e-05
7.180368544040e-04 1.328244533734e-03 7.730621928855e-05
2.806276257284e-04 1.240490711535e-03 8.600938245847e-05
3.929138080919e-04 1.161542623107e-03 3.276444674941e-05
9.711304494070e-04 1.078896937529e-03 5.925703248636e-05
8.643993886029e-04 1.098186489250e-03 4.920312677020e-05
1.098374709967e-03 1.125672360435e-03 2.548581590283e-05
1.782105189061e-03 9.972316591794e-04 8.040124066145e-05
6.270296277874e-04 1.374107421420e-03 2.451689650394e-05
1.038374617950e-03 1.150767670997e-03 3.916644302790e-05
6.599423528919e-04 1.428142650124e-03 3.825594478167e-05
7.432214159036e-04 1.451465138848e-03 4.822731557409e-05
1.251023182319e-03 1.161978847535e-03 3.709108762748e-05
1.644246003261e-03 9.907550673115e-04 5.604256629201e-05
1.536755380767e-03 1.087785988339e-03 8.876500795643e-05
1.450446310066e-04 1.249957892447e-03 4.990373674707e-05
6.761333363880e-04 1.504133222219e-03 3.702464417044e-05
9.585626566872e-04 1.185528343417e-03 4.788672180590e-05
1.948282471129e-04 1.307887064148e-03 2.309516243461e-05
4.164138782448e-05 1.206502757292e-03 5.187281394711e-05
2.041641387824e-03 1.206502757292e-03 5.187281394711e-05
2.342274919616e-04 1.360019929560e-03 4.220998571700e-05
1.687568712460e-03 1.108742224787e-03 6.349734741220e-05
1.152378051881e-03 1.214587232744e-03 7.469712085944e-05
1.717593279327e-04 1.403334228622e-03 3.380580225104e-05
1.427415643312e-03 1.164576378964e-03 4.484615280120e-05
3.940218371066e-04 1.289491565222e-03 3.751928156780e-05
1.309733628139e-03 1.185416618811e-03 2.612477723846e-05
1.835671247242e-03 1.164683117819e-03 9.481798451175e-05
4.666516239186e-04 1.369226220190e-03 6.813244937297e-05
2.159679448691e-04 1.414096754393e-03 1.169401942327e-05
1.970890805202e-03 1.244888715663e-03 2.862020898948e-05
5.614237662279e-04 1.465908946214e-03 6.725343478041e-05
1.618472106235e-03 1.167700183225e-03 2.553241881026e-05
1.274009529805e-03 1.257908520703e-03 5.441891392004e-05
8.302872820350e-04 1.462933768165e-03 3.959070072940e-05
6.110348455750e-05 1.304397484473e-03 4.793776073803e-05
1.053949708568e-03 1.218716160931e-03 2.381778575234e-05
4.053719103205e-04 1.528447867402e-03 1.000000000000e-04
1.031834115677e-03 1.341031858886e-03 1.000000000000e-04
1.679239982303e-03 1.277892258451e-03 9.828056590472e-05
-4.251934588486e-05 1.382662072827e-03 8.191999520739e-05
1.957480654115e-03 1.382662072827e-03 8.191999520739e-05
1.222812634055e-03 1.403593349814e-03 1.000000000000e-04
1.363652809016e-03 1.204833397094e-03 3.056158251900e-05
5.557427102919e-04 1.597777148124e-03 6.473727019918e-05
1.107340549537e-03 1.481319857889e-03 3.717612061483e-05
8.799774424591e-05 1.468011214223e-03 7.202007061597e-05
8.821462865522e-04 1.485350807772e-03 1.690605163029e-05
8.586683555634e-04 1.534064532234e-03 3.699305462122e-05
2.955273294910e-04 1.360019929560e-03 1.908985181239e-05
6.458535396600e-04 1.611630642597e-03 2.643243976656e-05
1.392528018864e-03 1.512013645599e-03 1.000000000000e-04
1.178467842871e-03 1.598615187513e-03 1.000000000000e-04
4.647901537406e-04 1.663803152725e-03 4.765433822192e-05
5.396053769617e-04 1.699583234825e-03 3.527656989079e-05
1.802443310437e-03 1.398441188913e-03 7.391824926182e-05
1.342745928641e-03 1.701579674477e-03 9.387877090010e-05
2.090857293082e-04 1.457171126692e-03 3.170505053984e-05
2.621568258920e-04 1.487514874939e-03 2.942828202355e-05
1.888661354408e-03 1.512888969844e-03 6.537270902062e-05
1.019924109538e-03 1.601923715861e-03 5.767232764905e-05
4.024807243644e-06 1.583790280122e-03 6.985721276241e-05
2.004024807244e-03 1.583790280122e-03 6.985721276241e-05
3.908783484027e-04 1.714115653604e-03 4.175687888521e-05
1.551351127010e-03 1.330074291696e-03 3.984446405684e-05
3.096405717677e-04 1.735216730414e-03 4.217683493177e-05
1.705100340814e-03 1.406523538640e-03 2.375968126549e-05
1.459378666254e-03 1.713290207772e-03 2.334039554465e-05
1.462309175300e-03 1.790272099669e-03 5.369725841545e-05
2.136375919037e-04 1.516720907140e-03 2.720305544733e-05
4.827560429251e-04 1.766148598105e-03 5.226095572420e-05
1.484597042057e-03 1.346125329603e-03 2.881224483439e-05
6.041962981128e-04 1.701877631750e-03 2.935514649658e-05
9.295876612739e-04 1.534056344150e-03 3.392625242149e-05
1.242360572204e-03 1.779508960270e-03 3.320464037715e-05
1.108315583615e-03 1.785908088456e-03 1.000000000000e-04
7.713739263643e-04 1.546438523283e-03 5.083080117070e-05
5.729515954183e-04 1.766701241477e-03 3.793658121820e-05
8.495651849901e-04 1.662215649778e-03 8.887681518600e-05
9.451542416679e-05 1.654004196111e-03 4.467900931738e-05
3.576664892103e-04 1.768086136001e-03 1.602025741155e-05
5.367113477836e-04 1.818766913205e-03 2.310395233959e-05
7.033095018489e-04 1.628525636753e-03 3.345613078875e-05
9.897751913299e-04 1.861661295904e-03 4.067835154664e-05
1.533006305751e-03 1.871196846299e-03 5.375923950397e-05
6.472220032686e-04 1.782293302850e-03 3.795303024983e-05
2.012552498997e-04 1.718722814841e-03 6.745650779737e-05
4.014769271679e-04 1.786672056205e-03 3.156977007397e-05
2.243550075419e-05 1.689480819975e-03 3.562693366463e-05
2.022435500754e-03 1.689480819975e-03 3.562693366463e-05
5.820316026529e-04 1.827703981414e-03 2.308910411628e-05
1.299111610988e-03 1.824622435321e-03 3.564189575611e-05
1.625307289152e-03 1.903495749565e-03 4.402977174806e-05
9.006400845920e-04 1.861615801301e-03 4.845689191111e-05
1.391180181089e-03 -7.648751619435e-05 9.734027269767e-05
1.391180181089e-03 1.923512483806e-03 9.734027269767e-05
1.566660268007e-03 1.947760000710e-03 2.917880316894e-05
1.526840968547e-03 1.973900968279e-03 1.845444986861e-05
1.205923467111e-04 1.761590538356e-03 1.584980022533e-05
3.311134025295e-04 1.794266203397e-03 2.038584371088e-05
8.014340747328e-04 1.891557497491e-03 5.516918364265e-05
1.225686150401e-03 1.848571693765e-03 3.305106983106e-05
1.887538982642e-03 1.639950227435e-03 5.945979666883e-05
1.784625385570e-03 1.703998321469e-03 5.675209017586e-05
5.727742891208e-05 1.765017168291e-03 4.755780659573e-05
4.417426463052e-04 1.832968450382e-03 2.457804361988e-05
9.091351830602e-04 1.949754797371e-03 3.916194734808e-05
1.455001577263e-04 1.831192010839e-03 5.807429892723e-05
1.870338122305e-04 1.898682675726e-03 2.117249549047e-05
3.657061838464e-04 1.865569830510e-03 5.505876855404e-05
1.535949470353e-04 1.938308760521e-03 3.067716356726e-05
1.879721560690e-03 1.746556605925e-03 4.743284754332e-05
1.042625367827e-03 1.890352340014e-03 1.945750730485e-05
5.453331606057e-04 1.885918448171e-03 4.459882952993e-05
1.169850429921e-03 1.893150803737e-03 2.142605320631e-05
2.473938763931e-04 -4.415352357803e-05 6.196028964441e-05
2.473938763931e-04 1.955846476422e-03 6.196028964441e-05
1.758524598713e-03 -8.059588825668e-05 8.705977760048e-05
1.758524598713e-03 1.919404111743e-03 8.705977760048e-05
-3.730140680427e-05 1.810869220101e-03 5.754964132960e-05
1.962698593196e-03 1.810869220101e-03 5.754964132960e-05
1.235351433631e-03 1.940531288810e-03 5.941508094644e-05
3.595688146373e-04 -2.829958759362e-05 5.124969718109e-05
3.595688146373e-04 1.971700412406e-03 5.124969718109e-05
4.685638530345e-04 -3.210725825424e-05 5.781187110869e-05
4.685638530345e-04 1.967892741746e-03 5.781187110869e-05
4.213175467216e-05 -7.491983500403e-05 8.156831011937e-05
4.213175467216e-05 1.925080164996e-03 8.156831011937e-05
2.042131754672e-03 -7.491983500403e-05 8.156831011937e-05
2.042131754672e-03 1.925080164996e-03 8.156831011937e-05
6.847093385700e-04 1.875636369804e-03 6.263645478081e-05
1.892140873098e-03 1.809967927886e-03 1.301385677768e-05
1.851324536493e-03 1.825092045182e-03 3.051444702513e-05
1.634765625000e-03 1.564453125000e-03 2.281509556599e-05
1.607421875000e-03 1.701171875000e-03 6.183336320531e-05
1.201171875000e-03 8.261718750000e-04 4.603385896928e-05
1.595703125000e-03 1.455078125000e-03 3.321117967714e-05
1.744140625000e-03 1.564453125000e-03 4.093686417800e-05
8.847656250000e-04 9.550781250000e-04 4.433133969261e-05
1.326171875000e-03 8.691406250000e-04 2.935696317287e-05
8.007812500000e-05 3.144531250000e-04 4.458485291113e-05
1.939453125000e-03 9.785156250000e-04 2.006500598514e-05
5.488281250000e-04 1.777343750000e-04 5.736044573175e-05
4.082031250000e-04 1.029296875000e-03 2.781398277443e-05
1.384765625000e-03 1.322265625000e-03 2.181181404224e-05
1.021484375000e-03 9.550781250000e-04 7.421875000000e-05
8.652343750000e-04 1.294921875000e-03 2.728915754546e-05
7.050781250000e-04 3.496093750000e-04 3.750458611256e-05
