# 2D packing, generated 2026-09-28T19:11:47.796957+00:00
# generator = preprocess/generate_packing_gravity.py
# periodic axes = xy
# porosity_achieved = 0.375140  (target 0.375000)
# 268 distinct grains; 296 rows including 28 periodic edge images.
# Centres span [-R, L+R]: a grain need only be PARTLY inside.
# Do NOT drop the out-of-box rows -- they carry the conduction
# paths that cross the domain edge, and k_eff depends on them.
# header row is 'Lx Ly'; grain rows are 'x y r', all in metres
2.000000000000e-03 2.000000000000e-03
6.253361466597e-04 3.645844268259e-05 4.084061123611e-05
6.253361466597e-04 2.036458442683e-03 4.084061123611e-05
1.780394971154e-03 2.453489978525e-05 6.934230119507e-05
1.780394971154e-03 2.024534899785e-03 6.934230119507e-05
1.892889177710e-03 3.669566074753e-05 4.234409696596e-05
1.892889177710e-03 2.036695660748e-03 4.234409696596e-05
1.669787751945e-03 5.631084417976e-05 4.573910734967e-05
7.246727758186e-07 4.432105094696e-05 3.744552801516e-05
2.000724672776e-03 4.432105094696e-05 3.744552801516e-05
1.723974497215e-04 3.601171010146e-05 3.301697718068e-05
6.986575427561e-04 6.214551827771e-05 3.659053818473e-05
4.860365715121e-04 1.519696937629e-05 2.351407547124e-05
4.860365715121e-04 2.015196969376e-03 2.351407547124e-05
1.569910401789e-03 7.463184055604e-05 5.580483994265e-05
1.849304241997e-03 8.026753839747e-05 1.928532858705e-05
7.839000829029e-04 2.703743088416e-05 1.735529426032e-05
1.793481830001e-03 1.293706045685e-04 3.630707747808e-05
5.471497214360e-04 7.137824863773e-05 4.478946535728e-05
6.207743248316e-04 1.181054439936e-04 4.093373155146e-05
1.036921168756e-03 7.431934779848e-05 8.225609635620e-05
1.036921168756e-03 2.074319347798e-03 8.225609635620e-05
1.706488685931e-03 1.463314323947e-04 5.147537854661e-05
2.295584213435e-04 5.124518971470e-05 2.594147825884e-05
1.894347195114e-03 1.545710537453e-04 6.760608835837e-05
1.204987308423e-03 1.291336934327e-04 9.452297574923e-05
-1.368185405354e-05 1.958711411017e-04 3.321300750966e-05
1.986318145946e-03 1.958711411017e-04 3.321300750966e-05
1.783686044970e-03 2.211530681572e-04 5.599670053349e-05
2.747245780574e-04 6.913962134991e-05 2.264033310978e-05
2.742324528533e-05 2.441667680631e-04 3.020744850935e-05
2.027423245285e-03 2.441667680631e-04 3.020744850935e-05
7.640878709635e-04 7.075549530248e-05 2.935777976919e-05
5.748328791793e-05 5.574527846673e-05 1.881917016297e-05
1.689574884985e-03 2.537267231599e-04 4.359232091379e-05
1.141993981586e-04 8.521262816754e-05 4.319157577937e-05
1.916049992455e-04 1.664394392729e-04 6.901101742584e-05
1.324847646746e-03 1.591012184699e-04 2.902682551642e-05
1.411708496848e-03 2.237624632001e-05 2.132539711299e-05
1.197833355284e-04 2.275963632047e-04 2.532095342125e-05
1.882268293844e-03 2.808535162668e-04 5.925355859565e-05
9.025136722542e-04 7.744669304074e-05 5.127713158646e-05
5.213622967759e-04 2.043970648101e-04 9.070591037569e-05
9.489769859515e-04 1.444880070738e-04 3.024778009375e-05
8.721911329120e-05 2.928376249158e-04 4.689271258235e-05
1.293587079686e-03 2.294948633673e-04 3.935115944877e-05
6.375009701358e-04 2.543687462985e-04 3.569773367545e-05
1.004897025513e-03 1.819663985693e-04 3.005344898764e-05
1.078181261385e-03 2.241147203215e-04 5.448684387158e-05
1.604772282917e-03 2.631035666877e-04 4.172720285369e-05
1.362960057838e-03 2.748025183106e-04 4.350651220042e-05
5.932972554493e-04 2.832284108896e-04 1.601343846340e-05
3.053322078685e-04 2.379028240516e-04 6.530537526400e-05
2.352452928417e-04 3.062622594119e-04 3.259859840795e-05
3.920881423916e-04 2.535191190790e-04 2.284484223633e-05
1.531239206324e-03 2.637540491398e-04 3.180879245358e-05
4.334284299032e-04 3.060692973205e-04 4.371733211971e-05
1.559272368619e-03 3.402143152703e-04 4.780666988861e-05
8.312988787893e-04 1.292761672393e-04 3.680147650851e-05
1.179280963238e-03 2.915901798031e-04 6.706186826253e-05
3.387503520175e-04 3.760928918930e-04 7.404192433787e-05
1.667974723185e-03 3.556371816601e-04 6.058211315585e-05
9.576373492984e-04 2.529312849761e-04 5.520786933756e-05
1.854843457814e-04 4.128839757070e-04 8.357803879657e-05
4.674796411653e-04 4.225702061919e-04 6.280863738098e-05
3.997076923149e-04 4.957756223043e-04 3.695142476395e-05
-1.117932092898e-05 3.331502065243e-04 5.944091027557e-05
1.988820679071e-03 3.331502065243e-04 5.944091027557e-05
1.874969392994e-03 4.210877224540e-04 8.117113577911e-05
1.299865446297e-03 4.072147736653e-04 1.000000000000e-04
4.854447016555e-04 5.503175377213e-04 6.466380690936e-05
6.848588313109e-05 3.736356401573e-04 2.992141221491e-05
-2.620674232220e-05 4.739753080187e-04 3.091494331240e-05
1.973793257678e-03 4.739753080187e-04 3.091494331240e-05
1.471911175005e-03 3.950764778769e-04 5.535261272274e-05
8.741296842776e-04 1.762747007210e-04 2.678565518549e-05
1.037002043039e-03 3.234939791898e-04 5.098934563473e-05
8.364350777798e-05 5.121359741278e-04 5.862785293040e-05
1.402461363959e-03 4.906459180101e-04 3.223721526424e-05
1.471410810508e-03 5.344953051818e-04 4.947445176644e-05
1.342938113213e-03 5.572339336380e-04 5.608011729777e-05
1.070949374222e-05 5.814153849357e-04 4.196542334110e-05
2.010709493742e-03 5.814153849357e-04 4.196542334110e-05
2.962273344286e-04 5.175508269561e-04 6.871288599138e-05
7.306913817142e-04 1.205020179200e-04 2.998008513284e-05
7.109841499603e-04 3.225812097411e-04 6.456550927047e-05
1.589632201945e-03 4.318025385679e-04 4.868231001934e-05
6.257729560478e-04 4.631417883956e-04 9.980670200521e-05
1.558648770235e-03 5.353109105239e-04 3.776732727755e-05
1.435452539092e-03 6.540477013413e-04 7.536854440401e-05
9.181476896274e-04 3.894964352431e-04 8.470310336386e-05
1.292741407091e-03 6.729127154293e-04 6.858407506792e-05
1.615883283846e-03 5.638099220880e-04 2.617001419370e-05
3.747457077545e-04 6.526299029633e-04 8.607466638830e-05
5.839131828110e-04 6.035107569683e-04 4.667090021983e-05
1.818235188366e-04 5.684489027830e-04 5.454288394070e-05
1.541287459114e-03 7.654317659129e-04 7.827858757235e-05
2.768016102921e-04 7.733487433318e-04 6.937977918218e-05
9.280318508001e-05 6.312011392591e-04 5.403237551834e-05
1.746652137678e-03 4.112967477090e-04 3.579280018554e-05
1.223646950033e-03 7.402991183788e-04 2.793002496139e-05
7.987054651448e-04 3.714293908412e-04 3.583954007710e-05
1.369456804661e-03 7.730920806050e-04 5.757751384777e-05
3.899868136343e-04 7.899265444814e-04 4.501302542795e-05
1.788462607241e-03 4.910628782023e-04 3.009422746366e-05
1.667171798609e-03 7.945437256450e-04 5.092812068970e-05
7.971984370889e-04 4.680687917369e-04 5.952704915156e-05
1.652492337168e-04 8.408761750146e-04 6.101917307313e-05
3.444501773179e-04 8.911337312922e-04 6.596661193477e-05
-3.394339470513e-05 7.187298615198e-04 1.000000000000e-04
1.966056605295e-03 7.187298615198e-04 1.000000000000e-04
1.606545868909e-03 8.585539591467e-04 3.543334366560e-05
4.464857241224e-04 9.138302727677e-04 3.856274186907e-05
1.110303579571e-03 3.903134954802e-04 4.819716068443e-05
1.269815744357e-03 7.947186577987e-04 4.343553988483e-05
1.040043815320e-03 4.501660958829e-04 4.396610272490e-05
2.377833221696e-04 9.195866964398e-04 4.442989712645e-05
1.459010332633e-03 8.423055658837e-04 3.432295202312e-05
9.692747382937e-04 5.154678441877e-04 5.124825182179e-05
8.538591687803e-04 6.171943793978e-04 1.000000000000e-04
1.184629620951e-03 7.994170380841e-04 4.187975254740e-05
1.839152004845e-03 5.285536436507e-04 3.210670247960e-05
7.018982502040e-04 6.629709305109e-04 5.870605976574e-05
7.755576345894e-04 7.360317749946e-04 4.231464031813e-05
1.750390861924e-03 7.945404003663e-04 3.229094337336e-05
1.124578311598e-03 4.860329866791e-04 4.786262326232e-05
5.172226190433e-04 9.327932446337e-04 3.467183060215e-05
4.671097560403e-04 9.983494968082e-04 4.784435712803e-05
1.229557187811e-03 8.457455724507e-04 2.156059380475e-05
1.064905272468e-03 5.765930738563e-04 6.059013598619e-05
5.404572613468e-04 1.005448775861e-03 2.584591562054e-05
1.694656734816e-03 9.101352938513e-04 6.666542690698e-05
3.818063423045e-04 1.068468214447e-03 6.257895091127e-05
1.552447544854e-04 9.436709227670e-04 4.155071181038e-05
1.573132345088e-03 9.512543328145e-04 6.162019699643e-05
2.709779411362e-04 1.108304712015e-03 5.519150821995e-05
1.863151371533e-03 7.853147202903e-04 2.256847291628e-05
1.464300854565e-03 1.011277960615e-03 6.266628359608e-05
1.377750173291e-03 1.033519334677e-03 2.669645567781e-05
6.335971956845e-04 1.005448775937e-03 6.729401871715e-05
5.573431924719e-04 1.050054267606e-03 2.104806011869e-05
1.042749868404e-03 7.994170380841e-04 1.000000000000e-04
1.656125560228e-03 1.013815144149e-03 4.231116951362e-05
9.225344904149e-04 8.634943054980e-04 3.622640457808e-05
1.143674855580e-03 8.781955793228e-04 2.803090094235e-05
1.577210866244e-03 1.064897759416e-03 5.169395024308e-05
3.464116704937e-04 1.157323950683e-03 3.306687834699e-05
2.128367062439e-04 9.972831101916e-04 3.713282870358e-05
1.097061048786e-03 9.170412267680e-04 2.955753192325e-05
1.337896632439e-03 1.040958372895e-03 1.384542409172e-05
7.539076770001e-04 1.045894935834e-03 5.963314057043e-05
1.276046831615e-03 1.074499184963e-03 5.651354081343e-05
1.474021399290e-03 1.174095072973e-03 9.854625546193e-05
1.719003342513e-03 1.045708235658e-03 2.819262386788e-05
1.312293206124e-04 1.036677139801e-03 5.348535356956e-05
1.893367680370e-03 8.623089350878e-04 6.014267767410e-05
8.496328895909e-04 1.087997514140e-03 4.494192063253e-05
2.795294700692e-04 1.235114282957e-03 6.952242191830e-05
5.165485174342e-04 1.163648767185e-03 9.964956142358e-05
9.746161056397e-04 9.147274687596e-04 3.393545106125e-05
9.604069324240e-04 1.142318841761e-03 7.843431370817e-05
1.316796550213e-03 1.196802620275e-03 6.030992441893e-05
1.379460101002e-03 1.267964878372e-03 3.450959080433e-05
6.667583100468e-05 7.888379528447e-04 2.263512160742e-05
1.089744433358e-03 1.175039572066e-03 5.497796211198e-05
7.018004788111e-04 1.182180545587e-03 8.627411603076e-05
1.788522328769e-03 1.117267932239e-03 7.157550624471e-05
1.304376480635e-03 1.312092799431e-03 5.258130116801e-05
4.258840118581e-04 1.271339318105e-03 4.112439685256e-05
1.151670916086e-03 1.317107441330e-03 1.000000000000e-04
1.269135125982e-03 1.398187210330e-03 4.044665519870e-05
1.022682453319e-03 1.229669852101e-03 2.884308144140e-05
9.533115862986e-04 1.342672579435e-03 1.000000000000e-04
8.310220469040e-04 1.470871517135e-03 7.717138333490e-05
1.667610004262e-04 1.135606343696e-03 5.163118962752e-05
-7.273560041802e-06 9.332969090584e-04 6.196979325085e-05
1.992726439958e-03 9.332969090584e-04 6.196979325085e-05
1.663839862420e-03 1.235134112073e-03 1.000000000000e-04
2.503938837114e-06 1.076445522092e-03 8.124307009533e-05
2.002503938837e-03 1.076445522092e-03 8.124307009533e-05
1.900689152757e-03 1.154483993148e-03 4.660415290562e-05
1.789332444654e-03 1.238742082961e-03 2.554443815136e-05
1.542801861994e-03 1.331468692997e-03 5.469502292135e-05
3.597138289543e-04 1.287378927222e-03 2.619134119884e-05
8.367894836982e-05 1.154360186144e-03 3.127393771699e-05
1.610011735937e-04 1.277872213708e-03 5.648233079985e-05
1.618680832306e-03 1.350967214339e-03 2.330920275939e-05
6.103631880530e-04 1.249428046631e-03 2.722920787603e-05
7.899505782460e-04 1.253432488002e-03 2.707172345287e-05
1.434683893628e-03 1.294584730671e-03 2.679525246571e-05
-4.269104497369e-05 1.224519058533e-03 4.345534119144e-05
1.957308955026e-03 1.224519058533e-03 4.345534119144e-05
1.604262318370e-03 1.473430510966e-03 1.000000000000e-04
1.866308496711e-03 1.318138036940e-03 8.504050803741e-05
1.485261776051e-03 1.547618926580e-03 3.948662497443e-05
6.552415623364e-04 1.286987402723e-03 2.840896906062e-05
2.377999923205e-04 1.339642901455e-03 4.207565427797e-05
9.215500879324e-05 1.330883663921e-03 3.040845272425e-05
-1.051317952896e-05 1.331355082447e-03 3.884479573199e-05
1.989486820471e-03 1.331355082447e-03 3.884479573199e-05
1.375106508796e-03 1.345291077568e-03 2.555231870842e-05
6.707274183064e-04 1.532775958387e-03 9.462517890088e-05
1.554357155262e-03 1.654201217939e-03 8.753292646014e-05
5.329874801714e-04 1.586997375134e-03 5.340269887512e-05
1.068810592307e-03 1.487804279626e-03 8.548107932965e-05
1.392537254204e-03 1.549876900446e-03 5.326539651701e-05
9.606495175354e-04 1.492637647015e-03 2.278793533300e-05
1.690752124793e-04 1.367782729545e-03 3.218702335432e-05
1.954621050424e-03 1.404356335681e-03 3.838032664674e-05
1.440582862262e-03 1.619724146193e-03 3.134689726296e-05
1.336399340128e-03 1.444899706634e-03 4.144676221427e-05
4.232515777733e-04 1.609352401368e-03 5.855588050938e-05
1.203584657680e-03 1.602529735754e-03 9.151038651203e-05
1.032574457107e-03 1.689345244449e-03 1.000000000000e-04
4.929481010126e-04 1.663039529293e-03 2.942089527008e-05
6.428099678878e-05 1.439348302763e-03 7.672719605359e-05
2.064280996789e-03 1.439348302763e-03 7.672719605359e-05
1.666920525934e-03 1.686764694365e-03 2.923613431482e-05
7.931459991138e-04 1.662800988209e-03 8.396042340282e-05
1.379971099108e-03 1.661746348922e-03 4.236593357422e-05
5.453651934010e-04 1.683914197738e-03 2.699987556870e-05
1.153024667336e-03 1.727512414398e-03 2.591147554900e-05
6.138087825680e-04 1.723318967895e-03 5.197645538390e-05
1.440796790364e-03 1.729700816973e-03 4.883481100084e-05
8.741269816049e-04 1.740357373087e-03 2.801606818027e-05
1.898161486329e-03 1.419808122194e-03 2.015389041705e-05
2.200151752769e-04 1.424417103767e-03 4.398601750209e-05
1.839154100849e-03 1.449004554650e-03 4.568153476827e-05
1.346933805234e-03 1.845206351480e-03 1.000000000000e-04
1.928139576314e-03 1.490321551090e-03 5.157125362857e-05
1.639205641833e-03 1.774352996586e-03 5.955802673688e-05
1.147098061434e-03 1.853309695438e-03 1.000000000000e-04
2.992899300249e-04 1.504059130875e-03 6.838541668926e-05
6.855744296684e-04 1.785425959945e-03 4.293185096384e-05
1.774002452062e-03 1.579305637657e-03 1.000000000000e-04
9.962527354130e-04 1.928912534486e-03 6.873086936453e-05
1.539590352774e-03 1.829018246601e-03 5.089286750658e-05
4.365587036823e-04 1.717801174382e-03 4.918318804017e-05
1.248985450864e-03 1.934882496917e-03 2.867724007112e-05
1.657090401138e-04 1.498650082608e-03 4.076471517385e-05
1.895037763094e-03 1.557040749476e-03 2.290814956132e-05
7.759579432043e-04 1.792911792219e-03 4.728076933699e-05
1.064624395293e-04 1.537874434735e-03 3.028779299937e-05
1.729697134808e-03 1.845027374543e-03 5.526186672245e-05
1.300308221814e-03 -2.112612891209e-05 3.891911944158e-05
1.300308221814e-03 1.978873871088e-03 3.891911944158e-05
1.620930934917e-03 1.895652033167e-03 5.425666668548e-05
2.107141618889e-04 1.540694402654e-03 2.082413018347e-05
5.229429315523e-04 1.759322389110e-03 4.573053353182e-05
3.354920722793e-04 1.757296931938e-03 5.932662190536e-05
1.803399453459e-03 1.887654088320e-03 2.987962254897e-05
1.706908175193e-03 1.940152184570e-03 4.255488566625e-05
1.482349840041e-03 1.920220836952e-03 5.480516521133e-05
-2.293462007759e-05 1.605906434320e-03 7.257161311076e-05
1.977065379922e-03 1.605906434320e-03 7.257161311076e-05
1.882575974384e-03 1.726859683999e-03 8.091433532515e-05
1.773101309252e-03 1.931808675139e-03 2.367044934225e-05
1.561039340267e-03 -2.890092700328e-05 3.889986319583e-05
1.561039340267e-03 1.971099072997e-03 3.889986319583e-05
7.124676007576e-04 -7.419501278819e-05 1.000000000000e-04
7.124676007576e-04 1.925804987212e-03 1.000000000000e-04
4.182390170376e-04 1.805188166902e-03 3.626509466319e-05
1.404409871247e-03 -3.307629676327e-05 3.460541460723e-05
1.404409871247e-03 1.966923703237e-03 3.460541460723e-05
1.501049170000e-03 -7.629453515397e-07 2.639352588518e-05
1.501049170000e-03 1.999237054648e-03 2.639352588518e-05
1.642745119182e-03 -1.847831271932e-05 3.378864129474e-05
1.642745119182e-03 1.981521687281e-03 3.378864129474e-05
8.278798472449e-04 1.926857797652e-03 1.541704857971e-05
9.762300663168e-05 1.616577078195e-03 4.845732557851e-05
3.580327634585e-04 1.851854886887e-03 3.788083461749e-05
4.354651347740e-04 1.889433393127e-03 4.818841807594e-05
1.696444933687e-04 1.576680577611e-03 3.378075881982e-05
5.132881038249e-04 1.921730829319e-03 3.607034346674e-05
1.924151345393e-04 1.695618422890e-03 7.496504551100e-05
2.231494423330e-04 1.880448841433e-03 1.000000000000e-04
8.255726909912e-05 1.700061846303e-03 3.498262777544e-05
1.192868287624e-04 -2.360906572773e-05 4.139422787460e-05
1.192868287624e-04 1.976390934272e-03 4.139422787460e-05
3.246016487658e-04 1.964249444718e-03 3.158655885547e-05
2.749931185124e-04 -6.342165057434e-06 2.451506860477e-05
2.749931185124e-04 1.993657834943e-03 2.451506860477e-05
5.566406250000e-04 7.753906250000e-04 9.018652981746e-05
4.863281250000e-04 1.419921875000e-03 5.983557755512e-05
1.740234375000e-03 6.425781250000e-04 5.367269401294e-05
-1.367187500000e-05 1.892578125000e-03 1.372444456685e-05
1.986328125000e-03 1.892578125000e-03 1.372444456685e-05
7.597656250000e-04 8.808593750000e-04 3.576920008762e-05
1.322265625000e-03 9.238281250000e-04 6.478220055372e-05
1.451171875000e-03 1.660156250000e-04 1.982837175997e-05
3.886718750000e-04 7.617187500000e-05 5.941863036621e-05
1.130859375000e-03 1.033203125000e-03 3.610377200091e-05
4.492187500000e-05 1.814453125000e-03 7.882454195009e-05
2.044921875000e-03 1.814453125000e-03 7.882454195009e-05
8.652343750000e-04 9.628906250000e-04 7.893173240420e-05
7.402343750000e-04 1.345703125000e-03 2.173849505702e-05
1.869140625000e-03 9.941406250000e-04 2.503110105174e-05
