# 2D packing, generated 2026-10-01T15:39:16.872133+00:00
# generator = preprocess/generate_packing_gravity.py
# periodic axes = xy
# porosity_achieved = 0.324934  (target 0.325000)
# 296 distinct grains; 324 rows including 28 periodic edge images.
# Centres span [-R, L+R]: a grain need only be PARTLY inside.
# Do NOT drop the out-of-box rows -- they carry the conduction
# paths that cross the domain edge, and k_eff depends on them.
# header row is 'Lx Ly'; grain rows are 'x y r', all in metres
2.000000000000e-03 2.000000000000e-03
9.548470804197e-04 2.953198421271e-05 4.428313563282e-05
9.548470804197e-04 2.029531984213e-03 4.428313563282e-05
1.363303336424e-03 1.267146151014e-05 3.230512786181e-05
1.363303336424e-03 2.012671461510e-03 3.230512786181e-05
1.785847008313e-03 2.831280011445e-05 5.393849327110e-05
1.785847008313e-03 2.028312800114e-03 5.393849327110e-05
1.636936171649e-04 1.655789340974e-05 6.088330638507e-05
1.636936171649e-04 2.016557893410e-03 6.088330638507e-05
1.542093579320e-03 5.488731344638e-05 2.560967079285e-05
1.895054700605e-03 9.450544636647e-05 7.376374611770e-05
5.733650843537e-04 8.126661134358e-05 9.164473556235e-05
5.733650843537e-04 2.081266611344e-03 9.164473556235e-05
1.716391781486e-05 1.073081830354e-04 4.901551988752e-05
2.017163917815e-03 1.073081830354e-04 4.901551988752e-05
-3.006494222571e-05 1.867222547940e-04 4.116207657103e-05
1.969935057774e-03 1.867222547940e-04 4.116207657103e-05
2.968724688180e-05 2.054206433100e-04 2.144745813604e-05
4.505191426128e-04 4.848958059057e-05 3.278165670911e-05
1.708107972189e-03 7.540085442862e-05 3.694965747039e-05
1.646447512439e-03 2.963854729920e-05 2.101191198893e-05
8.647429639500e-04 1.422212612563e-04 1.000000000000e-04
1.760395907840e-03 1.998064059172e-04 9.717897513099e-05
1.247432027810e-03 3.769183661557e-05 4.138150148636e-05
1.247432027810e-03 2.037691836616e-03 4.138150148636e-05
1.043271371578e-03 6.292424933938e-05 5.023616735392e-05
3.446877618798e-04 7.726845290834e-05 7.459523666698e-05
4.123440434886e-06 2.584969408762e-04 3.746435361160e-05
2.004123440435e-03 2.584969408762e-04 3.746435361160e-05
2.438423519774e-04 1.498904427073e-05 1.928097601821e-05
2.438423519774e-04 2.014989044271e-03 1.928097601821e-05
1.891965681092e-03 3.466700384982e-04 1.000000000000e-04
4.475908035697e-04 1.157246883331e-04 3.451720301267e-05
1.283706888392e-04 1.390973243870e-04 6.664641584754e-05
1.188206893421e-03 6.785780169405e-05 2.508354191449e-05
1.645080018134e-03 2.286441514890e-04 2.168815138189e-05
1.665839818172e-03 2.631195519626e-04 1.661659071463e-05
1.322762765134e-03 8.931827154119e-05 4.994214699398e-05
1.128810622508e-03 1.022747783329e-04 4.356371061804e-05
1.008491232584e-03 1.559632912921e-04 4.440256288832e-05
1.316452157895e-05 4.402457026714e-04 5.311952599725e-05
2.013164521579e-03 4.402457026714e-04 5.311952599725e-05
1.412584861699e-03 5.770869579799e-05 3.445659591498e-05
1.482974885251e-03 8.825638884321e-05 4.227672269701e-05
6.933922655145e-04 7.246167809599e-05 2.869369347554e-05
1.688421574188e-03 2.984992012643e-04 2.497094064096e-05
4.864950531097e-04 1.727251046791e-04 3.449431399690e-05
7.382040982350e-04 2.222883914158e-04 4.974240400639e-05
2.401031231507e-04 6.228738341362e-05 2.816501708225e-05
1.026266739476e-04 4.492398941283e-04 3.679373788260e-05
9.669660056845e-04 2.171701936901e-04 2.675524736443e-05
2.481001247479e-04 1.215927071209e-04 3.167711561990e-05
1.544495466681e-03 1.251511864835e-04 2.902263006095e-05
1.066003993471e-03 2.962800521754e-04 1.000000000000e-04
6.893138583663e-04 1.457872889207e-04 4.104677884097e-05
1.620426340271e-03 3.083305618560e-04 4.373141508522e-05
1.199537356886e-03 3.490659873433e-04 4.358800122698e-05
1.254226834566e-03 1.387736555468e-04 3.409573760717e-05
6.726671514528e-05 5.325596946264e-04 5.371879268518e-05
2.165100632863e-04 1.698325352389e-04 2.598583887280e-05
1.888233404529e-04 2.645031470796e-04 7.257096380699e-05
9.288672129783e-04 2.399657405857e-04 1.686881423796e-05
1.396793801040e-03 1.206143097621e-04 3.040089552818e-05
1.744955956038e-03 3.468363305043e-04 4.700983939125e-05
1.934882101893e-03 4.753279930599e-04 3.266455951630e-05
1.267806369286e-03 3.556059051976e-04 2.499354570516e-05
3.064553729356e-04 1.991789362392e-04 5.316971624456e-05
1.763051394521e-03 4.804312185458e-04 8.576173759552e-05
1.979373217184e-03 5.025998440661e-04 1.780222091220e-05
4.044189766665e-04 1.587370859219e-04 2.642435406579e-05
6.311890071583e-04 2.274222969202e-04 5.657510839977e-05
6.947732603962e-04 3.042108026390e-04 4.297619014151e-05
5.056529024892e-04 2.840034389105e-04 7.842111221509e-05
2.859147373815e-04 3.416220534206e-04 5.142190943008e-05
1.881155879982e-03 5.328050723277e-04 4.343023055121e-05
7.973924694701e-04 3.146054346804e-04 5.991935598498e-05
8.998961028920e-04 3.137368261817e-04 4.251371006474e-05
6.145448822584e-04 3.429616749462e-04 4.540754905809e-05
1.138600798748e-03 4.464616088586e-04 6.680766200700e-05
1.951510414356e-03 5.387626287558e-04 2.717609342542e-05
1.257983792989e-03 4.327838477525e-04 5.276045620433e-05
1.468151645956e-03 2.297584779808e-04 1.000000000000e-04
6.795244027502e-04 3.922762586606e-04 3.616613804064e-05
1.404633961649e-03 4.141907166312e-04 9.506372135356e-05
3.952261069225e-04 3.101764346967e-04 3.506502512282e-05
1.563107352895e-03 4.825493004017e-04 7.752456864734e-05
1.228125001431e-03 5.691771820744e-04 8.509261704371e-05
8.622115073655e-04 3.782328379522e-04 3.090990932575e-05
1.661467493064e-03 5.880110061674e-04 6.220008092488e-05
1.943067283866e-04 3.802126327114e-04 4.326890299425e-05
9.417876664249e-04 3.988979471995e-04 5.130573570933e-05
1.778895255019e-03 6.834789977865e-04 8.913866725780e-05
9.968014929754e-04 5.398479534936e-04 1.000000000000e-04
5.501888481627e-04 3.748510685943e-04 2.275568252724e-05
8.803149113957e-04 4.172640841175e-04 1.211533503272e-05
1.107892058466e-03 7.098734261491e-04 9.997870345414e-05
3.853078666312e-04 4.360272012352e-04 8.566007163113e-05
1.363029558959e-03 5.530972818878e-04 4.993975911043e-05
2.532513707679e-04 4.092395286837e-04 2.243534656487e-05
-6.360403845021e-05 6.834776541255e-04 6.836203927884e-05
1.936395961550e-03 6.834776541255e-04 6.836203927884e-05
8.506364519979e-04 4.267556513482e-04 1.897265377322e-05
1.554964085370e-03 6.071541458277e-04 4.601006484039e-05
1.434896609254e-03 6.729635269924e-04 8.982008196844e-05
1.551303201271e-03 6.800303796417e-04 2.680083601202e-05
5.168655706674e-04 4.817914809481e-04 5.363050885862e-05
1.653349468901e-03 6.901566334804e-04 3.658386577589e-05
1.337578140739e-03 7.315134709030e-04 2.375360970149e-05
1.667185226237e-04 4.452949433370e-04 2.741954336108e-05
1.597230876644e-03 6.901566334804e-04 1.953472648088e-05
5.125563564984e-05 6.834776541347e-04 4.649763482121e-05
2.391691220746e-04 5.520534220055e-04 1.000000000000e-04
3.702638464601e-04 5.518088182367e-04 3.109496276793e-05
1.247293138050e-03 8.201901619906e-04 7.779186014002e-05
5.864335519280e-04 4.155944674583e-04 3.177599205394e-05
1.134577665707e-03 8.424650814231e-04 3.527168908543e-05
3.872529906339e-04 6.779701934750e-04 9.426255556773e-05
8.847689928056e-04 5.929767862563e-04 2.399174963490e-05
1.358347956886e-03 8.481776546258e-04 3.673530925923e-05
8.385768345842e-04 6.140033773368e-04 2.676091548167e-05
5.143368496748e-04 6.779701935822e-04 3.282130347311e-05
1.542988870748e-03 7.550787604941e-04 4.592548471708e-05
6.273982554077e-04 7.475778453275e-04 9.994957679737e-05
1.361662916221e-05 7.618918817226e-04 4.048182584640e-05
2.013616629162e-03 7.618918817226e-04 4.048182584640e-05
4.638624747151e-04 8.563785634781e-04 9.647228511418e-05
-8.977367613146e-05 8.433596763470e-04 9.114855358664e-05
1.910226323869e-03 8.433596763470e-04 9.114855358664e-05
1.759311994352e-04 7.207086032149e-04 8.012108622681e-05
1.458979645083e-03 8.259867976933e-04 6.392345849619e-05
3.479070367801e-04 9.470947075145e-04 5.075231329088e-05
1.005461619160e-03 8.828070743350e-04 1.000000000000e-04
1.321917506265e-03 9.404240937280e-04 6.244424135193e-05
8.054616191600e-04 8.828070679929e-04 1.000000000000e-04
1.209782438997e-03 9.438025724743e-04 4.974170888204e-05
1.990625584180e-04 9.710024724382e-04 1.000000000000e-04
6.265238866827e-04 9.721451220118e-04 1.000000000000e-04
1.432550571909e-03 9.723328949442e-04 5.269848229478e-05
4.286064544808e-04 1.019814239517e-03 5.787791432507e-05
3.221470873410e-04 1.038020695066e-03 4.014722053760e-05
3.766620392784e-04 1.132944242188e-03 6.660750560447e-05
9.040361741785e-04 9.571471053930e-04 2.346409433531e-05
1.368489141543e-03 1.007993869793e-03 1.962031768512e-05
1.260249951178e-03 1.008013924592e-03 2.905041743572e-05
5.147192112585e-04 1.040592341672e-03 3.070614975553e-05
1.321516281641e-03 1.041619972878e-03 3.814787751055e-05
4.810052404638e-04 1.085036671867e-03 2.507852836670e-05
1.679089078199e-03 7.658745871528e-04 4.028430627616e-05
7.029490047819e-05 1.037184943556e-03 4.477993374271e-05
1.106452190238e-03 1.040060423654e-03 8.688956985026e-05
-4.033214573436e-05 1.096908049563e-03 8.093877108997e-05
1.959667854266e-03 1.096908049563e-03 8.093877108997e-05
9.992289977901e-04 1.092706865137e-03 3.256109270744e-05
9.422312469668e-04 1.007490302336e-03 3.972847693463e-05
1.537872738068e-03 8.259867976933e-04 1.496963448955e-05
8.640459371011e-04 1.003165184429e-03 3.385887088871e-05
7.608565088977e-04 1.012418709092e-03 3.707221940570e-05
2.360573843609e-04 1.195658262098e-03 8.734936263396e-05
4.969012328638e-04 1.196053398591e-03 6.918730024605e-05
1.395490453018e-03 1.059022929215e-03 3.784581249164e-05
8.179800751074e-04 1.037796647212e-03 2.377273377159e-05
7.163896077308e-04 1.085673725703e-03 4.479154470035e-05
9.216263701365e-05 1.212001132079e-03 5.747048308250e-05
1.846598303103e-03 1.131218051396e-03 3.722171141530e-05
8.964631714765e-04 1.047061425068e-03 2.070995745485e-05
5.856803362126e-04 1.269152194964e-03 4.581340941513e-05
1.349889016756e-03 1.087031798584e-03 1.539879383168e-05
3.586026959169e-04 1.243175013061e-03 4.408577348406e-05
8.538671478573e-04 1.109338985622e-03 5.474145589627e-05
1.229942093751e-03 1.067921438323e-03 3.808732473093e-05
1.487222462957e-04 1.302017269758e-03 4.883988539062e-05
1.889897720269e-03 1.178906069422e-03 2.672527517755e-05
1.043992273834e-03 1.197596299255e-03 8.148076045047e-05
1.617635466225e-03 8.577787939466e-04 7.027305282365e-05
7.757259573963e-04 1.117773855228e-03 2.267119099277e-05
1.738481342823e-03 8.757806624214e-04 5.190620183525e-05
1.834723381678e-03 1.200788220098e-03 3.262989441352e-05
3.050252387029e-04 1.288269800386e-03 2.594339019416e-05
1.522010157581e-03 9.740209637159e-04 3.677702857194e-05
1.512967755864e-03 1.095751111085e-03 8.523902015420e-05
9.050120026883e-04 1.284092298011e-03 8.221735673008e-05
1.683170889362e-03 9.460153449170e-04 3.749266218031e-05
1.168537819892e-03 1.218360165376e-03 4.478376813634e-05
7.342862876635e-04 1.190694906736e-03 6.120208234577e-05
4.370248461791e-04 1.316592684009e-03 6.333949383792e-05
1.281210284649e-03 1.254266090453e-03 7.343155264967e-05
1.057843647372e-03 1.383317564335e-03 1.000000000000e-04
4.472228091837e-05 1.367196183278e-03 7.385221387427e-05
2.044722280918e-03 1.367196183278e-03 7.385221387427e-05
1.216869518417e-03 1.370312756971e-03 5.925833519164e-05
6.443444090807e-04 1.307491601083e-03 2.426785417970e-05
1.629083013590e-03 1.137539819296e-03 3.816701377766e-05
1.741191573307e-03 1.203397758043e-03 6.093450925397e-05
8.187318342109e-04 1.337181483978e-03 1.908777215820e-05
1.784483422250e-04 1.478290425759e-03 1.000000000000e-04
1.834186260671e-03 1.334744262818e-03 1.000000000000e-04
4.270350673745e-05 1.512404788308e-03 3.972496187543e-05
5.208403696293e-04 1.330010440138e-03 2.154323792050e-05
1.369558643727e-03 1.287345404869e-03 2.090654155080e-05
8.457230035092e-04 1.371669912834e-03 2.354191729202e-05
6.072359426224e-04 1.334745957051e-03 2.177384650657e-05
-5.807333034018e-05 1.575088182435e-03 7.888752012306e-05
1.941926669660e-03 1.575088182435e-03 7.888752012306e-05
1.489189805911e-03 1.309259118345e-03 1.000000000000e-04
3.305115015526e-04 1.488805658359e-03 5.242630644608e-05
1.351588398448e-03 1.445920256698e-03 9.393411233181e-05
2.821279476700e-04 1.562731391646e-03 3.371089807323e-05
3.892288044678e-04 1.642575955163e-03 9.987708089213e-05
9.436943071413e-04 1.383317564442e-03 1.414934023041e-05
1.701896191941e-03 1.363266930056e-03 3.529243654133e-05
1.722473381457e-03 1.481046177410e-03 8.407612046324e-05
1.462257328897e-03 1.450887407739e-03 1.684625314971e-05
8.371197263621e-05 1.589648442488e-03 4.620396137265e-05
9.187984159440e-04 1.449524759298e-03 5.400314622629e-05
3.011109505787e-05 1.672870785277e-03 5.278606014894e-05
2.030111095058e-03 1.672870785277e-03 5.278606014894e-05
1.225206491616e-03 1.462233647033e-03 3.304021847025e-05
4.880658414738e-04 1.705755479933e-03 1.742770819066e-05
7.232209740884e-04 1.392161529553e-03 9.111717243488e-05
1.940250155284e-03 1.692417666337e-03 3.805488987189e-05
2.240785354979e-04 1.614051482524e-03 4.289646364140e-05
8.202084405803e-04 1.507150157159e-03 5.931205722274e-05
1.613707170365e-04 1.670521877182e-03 4.149059679456e-05
2.662612795429e-04 1.677486480816e-03 2.549157858315e-05
1.498532864456e-03 1.543434676287e-03 8.186048033340e-05
1.227847217990e-03 1.595247099580e-03 1.000000000000e-04
9.955957339894e-04 1.511316529297e-03 4.233249014790e-05
1.395494336638e-03 1.613762552071e-03 4.289106605886e-05
2.808390496325e-04 1.766725364995e-03 6.493017182811e-05
5.712880457851e-04 1.460860359559e-03 7.562557537477e-05
1.805676668481e-03 1.596347603576e-03 5.811110966348e-05
1.604662991861e-03 1.608797464449e-03 4.278260218279e-05
6.897634916717e-04 1.563401454532e-03 8.106235471658e-05
1.843007046415e-04 1.778528473579e-03 3.231774234149e-05
1.097195084552e-03 1.599823153001e-03 3.073232603107e-05
5.543019677204e-04 1.597241419613e-03 5.856202606242e-05
1.025521409162e-04 1.703374902878e-03 2.581550917624e-05
4.718504565128e-04 1.782933820199e-03 6.143569234323e-05
2.152891865995e-04 1.840811737021e-03 3.399199236930e-05
8.041520472234e-04 1.602784655827e-03 3.766095501804e-05
1.346131671818e-03 1.687352892538e-03 4.572163556050e-05
1.870506833831e-03 1.649025106128e-03 2.387821642512e-05
1.710372276779e-03 1.602229674628e-03 3.727027329763e-05
6.243765654649e-04 1.662372582977e-03 3.710676555837e-05
1.112951738012e-03 1.663740326470e-03 3.298189661452e-05
1.538711492862e-03 1.658528898623e-03 3.949859695247e-05
1.467862630878e-03 1.696048602581e-03 4.067178055361e-05
1.247137816534e-03 1.794313823360e-03 1.000000000000e-04
1.059046061183e-03 1.515845930947e-03 2.127929728379e-05
1.820566680697e-03 1.698970291015e-03 4.558620116073e-05
1.542775899585e-03 1.751663552491e-03 5.262891870385e-05
1.885667321301e-03 1.718091302277e-03 2.226447368914e-05
-1.364910655222e-05 1.747992275381e-03 3.415188947552e-05
1.986350893448e-03 1.747992275381e-03 3.415188947552e-05
1.902701664999e-03 1.785155991345e-03 4.692984829829e-05
1.157453501305e-03 1.704181232016e-03 2.715034659118e-05
9.027008160097e-04 1.530038277648e-03 2.629669270083e-05
6.742624648704e-04 1.662372582977e-03 1.277913384716e-05
3.753977019574e-04 1.813734702009e-03 3.981563539642e-05
8.597939815632e-04 1.633459900126e-03 2.587639989890e-05
1.393888120338e-03 1.799321308386e-03 4.339071733310e-05
1.357565133643e-03 1.852745533478e-03 2.012133208680e-05
1.743696478716e-03 1.719362205006e-03 3.394280222142e-05
7.584566109835e-04 1.633400167923e-03 1.701192589355e-05
1.465726780267e-03 1.763586792475e-03 2.533729474388e-05
1.060628308385e-03 1.697778727240e-03 2.943889981439e-05
1.667696296082e-03 1.819632694952e-03 8.958539065987e-05
8.115991445823e-04 1.685424052290e-03 4.497532031637e-05
3.173142361391e-04 1.856449075155e-03 3.192425075296e-05
1.411765537928e-03 1.884331907212e-03 4.261129762367e-05
1.480094838228e-03 1.932101770081e-03 4.076047864343e-05
1.580249173858e-03 -2.905576644010e-05 6.659834250743e-05
1.580249173858e-03 1.970944233560e-03 6.659834250743e-05
5.625391671194e-04 1.704296661885e-03 3.760261957103e-05
-2.327736066371e-05 1.813933391450e-03 3.248854330951e-05
1.976722639336e-03 1.813933391450e-03 3.248854330951e-05
8.956474953688e-05 1.877261727582e-03 9.690978269214e-05
2.089564749537e-03 1.877261727582e-03 9.690978269214e-05
9.239008639480e-04 1.777109171556e-03 1.000000000000e-04
2.022484451533e-04 1.936352944713e-03 2.810743091449e-05
3.682307865376e-04 1.875601862779e-03 2.246531022411e-05
1.088462049313e-03 1.816050541321e-03 6.015788074597e-05
7.911139961863e-04 1.805266320906e-03 3.573937878479e-05
1.321063414279e-03 1.933403423743e-03 5.751582514645e-05
1.015931515107e-03 1.865673460053e-03 2.772347180079e-05
2.655469439250e-04 1.960290837994e-03 3.956626474818e-05
5.587978565859e-04 1.827350022537e-03 3.619960438391e-05
1.149969653957e-03 1.893900281049e-03 3.682463325831e-05
6.637812903987e-04 1.826525084893e-03 6.878707477390e-05
3.330214417624e-04 1.923737658271e-03 3.717328859445e-05
1.095896594120e-03 1.939165303767e-03 3.359306216345e-05
8.155648757332e-04 1.899631366804e-03 6.173690763273e-05
8.889975311608e-04 1.922937446683e-03 1.530547188982e-05
4.493126018928e-04 -6.332800768976e-05 7.904245284946e-05
4.493126018928e-04 1.936671992310e-03 7.904245284946e-05
8.817936858976e-04 -1.938844523291e-05 4.281679690512e-05
8.817936858976e-04 1.980611554767e-03 4.281679690512e-05
5.490986851511e-04 1.966936547173e-03 2.523222295321e-05
3.542907279568e-04 -1.991145277971e-05 2.305800395884e-05
3.542907279568e-04 1.980088547220e-03 2.305800395884e-05
1.162608076689e-03 -2.789642114962e-05 4.080688509092e-05
1.162608076689e-03 1.972103578850e-03 4.080688509092e-05
5.842328108428e-04 1.894914678507e-03 3.549968191894e-05
1.019270981429e-03 1.936400505528e-03 4.308241697273e-05
7.099095798384e-04 -4.765825238569e-05 5.633690739762e-05
7.099095798384e-04 1.952341747614e-03 5.633690739762e-05
1.235717355163e-03 1.964551079860e-03 3.269146159034e-05
6.324541492460e-04 1.952341747614e-03 2.111852319474e-05
7.089843750000e-04 5.449218750000e-04 2.556775243699e-05
9.082031250000e-04 7.128906250000e-04 5.194956039402e-05
1.806640625000e-03 1.005859375000e-03 4.335744844677e-05
1.888671875000e-03 1.923828125000e-03 2.234989057703e-05
1.287109375000e-03 2.519531250000e-04 5.051538459251e-05
8.066406250000e-04 5.136718750000e-04 2.771628005346e-05
6.113281250000e-04 5.722656250000e-04 5.221331012116e-05
2.949218750000e-04 8.222656250000e-04 4.638774813538e-05
7.226562500000e-05 8.574218750000e-04 4.404038096207e-05
1.701171875000e-03 1.056640625000e-03 5.824780088612e-05
9.941406250000e-04 1.623046875000e-03 3.935203760551e-05
7.871093750000e-04 6.933593750000e-04 5.212130749451e-05
1.818359375000e-03 1.865234375000e-03 6.821972342411e-05
7.226562500000e-05 3.378906250000e-04 2.905944259476e-05
6.191406250000e-04 1.138671875000e-03 4.694534351275e-05
-2.539062500000e-05 1.244140625000e-03 3.336509801459e-05
1.974609375000e-03 1.244140625000e-03 3.336509801459e-05
