# 2D packing, generated 2026-10-01T15:39:43.588548+00:00
# generator = preprocess/generate_packing_gravity.py
# periodic axes = xy
# porosity_achieved = 0.475103  (target 0.475000)
# 225 distinct grains; 250 rows including 25 periodic edge images.
# Centres span [-R, L+R]: a grain need only be PARTLY inside.
# Do NOT drop the out-of-box rows -- they carry the conduction
# paths that cross the domain edge, and k_eff depends on them.
# header row is 'Lx Ly'; grain rows are 'x y r', all in metres
2.000000000000e-03 2.000000000000e-03
6.007277112072e-04 3.913684549422e-05 5.149822766230e-05
6.007277112072e-04 2.039136845494e-03 5.149822766230e-05
7.382926114375e-04 9.192397942094e-05 9.584688859061e-05
7.382926114375e-04 2.091923979421e-03 9.584688859061e-05
1.528599123054e-03 8.437497429553e-05 7.574312222019e-05
3.396465962534e-04 2.076293967915e-06 3.225786571609e-05
3.396465962534e-04 2.002076293968e-03 3.225786571609e-05
3.425802944037e-04 7.476617691475e-05 4.049187858422e-05
6.155463418263e-04 1.215786068913e-04 3.043075643759e-05
5.920156563345e-05 6.450914775256e-05 4.626521375597e-05
8.786355518904e-04 1.469009945978e-04 5.488006033603e-05
1.070918538637e-03 1.210050404058e-05 4.174595087030e-05
1.070918538637e-03 2.012100504041e-03 4.174595087030e-05
8.096551385613e-04 1.971888785509e-04 3.048485456190e-05
1.195638433191e-04 1.063144267483e-04 2.716016277908e-05
7.615693861408e-04 2.693009733069e-04 5.618921189365e-05
1.707179255499e-03 9.396892093226e-05 1.000000000000e-04
1.707179255499e-03 2.093968920932e-03 1.000000000000e-04
6.462939631739e-04 1.693232462769e-04 2.437955522342e-05
1.132364757074e-03 7.577919755505e-05 4.674480439815e-05
5.240796829632e-04 6.850554655820e-05 3.029367852001e-05
1.815315360767e-03 1.811794058881e-04 3.892115011316e-05
-5.727247221108e-06 1.336787398921e-04 4.860408167436e-05
1.994272752779e-03 1.336787398921e-04 4.860408167436e-05
9.749735157287e-04 1.999621522876e-04 5.510398274242e-05
1.212735626515e-03 1.525390693899e-04 6.439274361706e-05
1.579671673561e-03 2.438193237684e-04 9.168133229647e-05
8.660115980643e-04 2.472640282304e-04 4.490460851567e-05
6.837607240458e-04 3.254319526019e-04 3.975282651306e-05
1.409263301822e-03 5.162582776981e-05 4.800486069041e-05
2.185052825181e-04 6.022484007916e-05 3.147977478182e-05
9.699381329104e-05 2.165550967641e-04 8.338117053633e-05
-7.816116785635e-05 2.708633492358e-04 1.000000000000e-04
1.921838832144e-03 2.708633492358e-04 1.000000000000e-04
1.755537560929e-03 2.156677985883e-04 3.009214269725e-05
7.404318957464e-04 3.882668255392e-04 4.486302873271e-05
9.395697029732e-04 2.837889032194e-04 3.589246844893e-05
1.064516444419e-03 9.490367481385e-05 2.374731686744e-05
1.110608852080e-03 1.590774497222e-04 3.794311751620e-05
7.026041833605e-04 4.444423543729e-04 2.286160389161e-05
3.475794369925e-05 2.897284239104e-04 1.267943153081e-05
4.103972230565e-04 4.098319774552e-05 1.633464832415e-05
4.260909459273e-04 1.571164480227e-04 7.679317547519e-05
1.040025733050e-03 3.196090001328e-04 7.075880121871e-05
1.738182475818e-03 3.459924677194e-04 9.690577844848e-05
6.290194568914e-04 3.561869675987e-04 2.303632284507e-05
2.690981887795e-04 1.160832811530e-04 4.380982162455e-05
1.586967708576e-03 3.957634583477e-04 6.042821716726e-05
1.866340180473e-03 4.318578831194e-04 5.735802867034e-05
1.288032380010e-03 1.966092261796e-04 2.285277091664e-05
1.773559991285e-04 2.942734889726e-04 2.841430969455e-05
1.665761731288e-03 4.769778719184e-04 5.272777687106e-05
6.644193324307e-04 3.857059683263e-04 2.305622093536e-05
1.342271741928e-03 2.612267524527e-04 6.151151704316e-05
9.054344152756e-04 3.270825536146e-04 1.923971843618e-05
8.289273912898e-04 4.203957468339e-04 4.928430428864e-05
1.142125197773e-03 2.419186106126e-04 4.951307290001e-05
1.910299374505e-03 4.945328017230e-04 1.919634520349e-05
2.928465656070e-04 2.373674196616e-04 7.844927516746e-05
5.283264673327e-04 2.257986512219e-04 4.637138769922e-05
9.066111666909e-04 4.377607144363e-04 3.031664457757e-05
4.489082565988e-04 2.786617918488e-04 4.687545776032e-05
1.738275330825e-03 4.964308667087e-04 2.234979051231e-05
9.976381451246e-04 4.428902313462e-04 5.960595467658e-05
1.226930387114e-03 3.214524578907e-04 6.675193904270e-05
1.716049352723e-03 5.655599017028e-04 4.913301475371e-05
1.632695578602e-03 5.988703098413e-04 4.061739082924e-05
1.084484704701e-03 4.884970659112e-04 3.848741038560e-05
9.278601712181e-04 5.066915099180e-04 3.494333823403e-05
1.851140974930e-03 5.504801411639e-04 6.222737715094e-05
1.711401217467e-03 7.153978731660e-04 1.000000000000e-04
5.896280673047e-04 2.774782700055e-04 3.380797698680e-05
1.818944138262e-03 8.378647086279e-04 6.298345192437e-05
1.458768922106e-03 2.413008583114e-04 2.907510474065e-05
1.469552329433e-03 3.034157746861e-04 3.353058752584e-05
5.198729510635e-04 2.984864110948e-04 2.680634112360e-05
1.560543274440e-03 7.581387831166e-04 5.679574087874e-05
1.499828620857e-03 8.462413525731e-04 5.020113713461e-05
5.619929210880e-04 3.282319883750e-04 2.398170986965e-05
1.312778041997e-03 3.365948578759e-04 1.942197201254e-05
1.709060266463e-03 8.665377906522e-04 5.057979439371e-05
1.180798111922e-03 4.456209599390e-04 6.570939008876e-05
6.496210637711e-04 4.444423543729e-04 3.012151569774e-05
1.275135718960e-03 5.818561164223e-04 1.000000000000e-04
1.399644882039e-04 3.315206928402e-04 2.436333031688e-05
1.236579128860e-05 3.473457107828e-04 1.851026098964e-05
2.012365791289e-03 3.473457107828e-04 1.851026098964e-05
3.718629237036e-04 3.338329306213e-04 4.624707462498e-05
5.234057283104e-04 3.427136973904e-04 1.723349965597e-05
1.138131203452e-03 5.328362691674e-04 3.111080635623e-05
7.588385327726e-04 4.760729965757e-04 4.022772969035e-05
1.584282507242e-03 9.015828075238e-04 5.076982681893e-05
1.025384333584e-03 5.354187402863e-04 3.697448325794e-05
1.533812686955e-03 9.689560123393e-04 3.341064292883e-05
6.038031022462e-04 4.987866133153e-04 4.096001550619e-05
2.282863026667e-04 3.203930974520e-04 2.672339582399e-05
6.857568107078e-04 5.134697236586e-04 4.186644365023e-05
1.111858048585e-03 6.311358070951e-04 7.055229566287e-05
9.907508224195e-04 6.367857731929e-04 5.068665165323e-05
1.310492299734e-05 5.606125062903e-04 1.000000000000e-04
2.013104922997e-03 5.606125062903e-04 1.000000000000e-04
1.604557450219e-03 1.008140413810e-03 4.746110026943e-05
1.412555857152e-04 7.141618717888e-04 1.000000000000e-04
1.933242427441e-03 8.908343476627e-04 6.299226624671e-05
2.710780577906e-04 7.141618717888e-04 2.982247207540e-05
7.482308968996e-05 9.715895018847e-04 1.000000000000e-04
2.074823089690e-03 9.715895018847e-04 1.000000000000e-04
9.191707988412e-04 6.531837971739e-04 2.274763847037e-05
6.397365885273e-04 5.676520559034e-04 2.922213473640e-05
5.730429606042e-04 6.134382094915e-04 5.167540457068e-05
4.707071700490e-04 6.666717915653e-04 6.367808817645e-05
1.770124851752e-03 9.158729445496e-04 2.792396976198e-05
6.371862323944e-04 6.430289890871e-04 1.896434028320e-05
-4.928587579883e-05 1.093584759166e-03 7.402838306931e-05
1.950714124201e-03 1.093584759166e-03 7.402838306931e-05
1.888121446047e-03 1.178582146127e-03 3.152916782423e-05
1.199427851609e-03 7.150535419642e-04 5.073520009554e-05
1.946403664408e-03 1.215073289099e-03 3.723434404059e-05
2.015629880146e-04 1.112731511075e-03 8.969467200073e-05
8.286619301953e-04 5.491118092982e-04 6.081669119256e-05
1.040134073046e-03 7.079024992350e-04 3.450699088139e-05
1.387046059483e-03 6.067891609098e-04 1.465418013910e-05
1.738616302126e-03 9.522557161797e-04 2.020600812140e-05
6.872281668647e-04 6.659629127697e-04 3.608254937475e-05
5.992100747699e-06 1.259827545493e-03 3.728897687099e-05
2.005992100748e-03 1.259827545493e-03 3.728897687099e-05
1.665836531985e-03 1.046934677276e-03 2.506558957542e-05
1.882544375768e-03 1.242757998374e-03 3.236775293584e-05
6.112762993026e-04 6.789496762477e-04 2.417669140942e-05
1.751986222336e-03 1.242757973256e-03 9.819040067827e-05
9.997053212742e-05 1.225424298979e-03 6.203103952760e-05
8.646473749073e-04 6.951080888152e-04 4.603062835205e-05
1.097568544629e-03 8.295306706014e-04 1.000000000000e-04
7.843667139997e-04 7.295569649605e-04 4.132902814590e-05
1.441408683122e-03 1.002696819358e-03 6.496080609270e-05
8.646778013918e-04 8.291418102921e-04 8.660459596365e-05
5.671124201820e-04 7.855512724864e-04 8.937844790508e-05
7.605821135925e-04 8.934813192442e-04 3.576976667249e-05
4.582555769238e-04 8.601286205407e-04 4.257454814637e-05
1.347936293046e-03 1.048270949912e-03 3.903000639722e-05
1.759596416511e-04 1.309256740359e-03 5.111586937395e-05
7.094285392623e-04 9.494290715309e-04 4.003814289300e-05
1.000362201526e-03 9.611443341387e-04 6.361916015315e-05
-7.486161823720e-05 1.370782128025e-03 1.000000000000e-04
1.925138381763e-03 1.370782128025e-03 1.000000000000e-04
6.014146937655e-04 9.391210700033e-04 6.797570260388e-05
1.552929113601e-03 1.047095740718e-03 1.721503626040e-05
1.774041566434e-03 1.395440647013e-03 5.309584454543e-05
3.278139792189e-05 1.469949071092e-03 4.635959049572e-05
2.032781397922e-03 1.469949071092e-03 4.635959049572e-05
8.622412077327e-04 9.952975310775e-04 7.866172326942e-05
1.848698337666e-03 1.482860409398e-03 3.562790270436e-05
1.255295045987e-03 8.462192856280e-04 5.860693270470e-05
1.931905893984e-03 1.540541199363e-03 6.559389648946e-05
9.690744946845e-04 1.083814475304e-03 6.007760286466e-05
7.663471368336e-04 1.087973588142e-03 5.469690744694e-05
8.579279960437e-04 1.115075936488e-03 4.081011354899e-05
-1.633996840433e-05 1.605201821119e-03 1.722824086515e-05
1.983660031596e-03 1.605201821119e-03 1.722824086515e-05
1.597404777494e-03 1.253260332750e-03 5.674740193287e-05
1.505902883191e-03 1.095676462255e-03 4.819711822437e-05
1.150866719279e-03 1.025328597826e-03 1.000000000000e-04
1.283952468174e-03 1.048737402574e-03 2.495551871055e-05
1.950835605910e-03 1.626960992189e-03 2.215332681014e-05
1.060829430978e-03 1.147683329536e-03 5.171774084461e-05
6.970661943917e-04 1.126460670516e-03 2.455651200820e-05
1.402550842681e-03 1.131935747807e-03 6.088269268878e-05
9.505165245785e-05 1.522377086949e-03 3.504244143335e-05
7.350375356188e-04 1.180712300498e-03 4.166328948886e-05
1.233847484464e-03 1.143416359737e-03 4.432784521318e-05
8.367205217547e-05 1.648944916334e-03 9.193171893044e-05
2.083672052175e-03 1.648944916334e-03 9.193171893044e-05
4.911817030652e-04 1.020340456638e-03 6.894727210818e-05
1.707450588517e-03 1.472691326427e-03 4.889467079921e-05
1.116864929877e-03 1.217329172361e-03 3.767197086569e-05
2.594528162844e-04 1.726008880617e-03 1.000000000000e-04
4.076941813923e-04 1.813446446541e-03 7.210711176976e-05
1.694298777456e-04 1.832685949983e-03 3.955756084309e-05
5.392311930213e-06 1.747604305943e-03 3.400665717916e-05
2.005392311930e-03 1.747604305943e-03 3.400665717916e-05
7.252256142743e-05 1.783837414948e-03 4.227620366095e-05
-3.950050917470e-06 1.838754192708e-03 5.187215223798e-05
1.996049949083e-03 1.838754192708e-03 5.187215223798e-05
1.322333338531e-03 1.175088912707e-03 3.020541637490e-05
1.268722058383e-03 1.218006697691e-03 3.801263342356e-05
9.876639301829e-04 1.166623862155e-03 2.385959889700e-05
7.826842204824e-04 1.232936527028e-03 2.903024922005e-05
3.218976451479e-04 1.912400411723e-03 5.879370295531e-05
1.811223759196e-03 1.570788866298e-03 5.882129178998e-05
6.841945139417e-04 1.232380945688e-03 3.082575622857e-05
1.898915479201e-03 -4.640175882840e-05 9.854147981254e-05
1.898915479201e-03 1.953598241172e-03 9.854147981254e-05
5.911918319246e-04 1.132327172517e-03 8.119616067512e-05
1.722534038248e-03 1.552001071194e-03 3.183681625660e-05
1.217162320885e-04 1.865898254113e-03 1.857718889857e-05
1.013737432880e-03 1.213840809580e-03 2.948859173232e-05
2.658612213943e-04 -3.800813643660e-06 4.176180956508e-05
2.658612213943e-04 1.996199186356e-03 4.176180956508e-05
1.595351940120e-03 1.477765121938e-03 6.331888918619e-05
1.554926398561e-04 1.900452034180e-03 2.962686788797e-05
1.546707677081e-03 1.550066345227e-03 2.382327170339e-05
1.646195305093e-03 1.581168080337e-03 4.988439566007e-05
1.187279920315e-03 1.204827923534e-03 3.274301957242e-05
1.487007749977e-03 1.555713351877e-03 3.614318134733e-05
1.545540448424e-03 1.641190123593e-03 6.730812520881e-05
1.349520353956e-03 1.250278324328e-03 4.899209319126e-05
1.430982532999e-03 1.367634277608e-03 9.386625057865e-05
9.566273032506e-04 1.272509379566e-03 5.238672817818e-05
1.675571466080e-03 1.728800561255e-03 8.517768472427e-05
8.532907561929e-04 1.270506839885e-03 5.094981887949e-05
1.332520990979e-03 1.434588258812e-03 2.520310255628e-05
1.530139672292e-03 1.775044333100e-03 6.742936130737e-05
5.131691765041e-04 1.811158266699e-03 3.302099327493e-05
1.418707158251e-03 1.851013549365e-03 6.743567302085e-05
5.819446124043e-04 1.849488576801e-03 3.935523774321e-05
5.021547628778e-04 1.896968137670e-03 5.349320649522e-05
1.540914101404e-03 1.918798122934e-03 6.555959524474e-05
4.213029567059e-04 -2.998727586719e-05 5.546908108390e-05
4.213029567059e-04 1.970012724133e-03 5.546908108390e-05
1.456957985090e-03 1.943716459302e-03 2.191362194162e-05
5.123111582539e-04 -8.582667695043e-07 4.006139786539e-05
5.123111582539e-04 1.999141733230e-03 4.006139786539e-05
1.611587608436e-03 -2.483063829410e-05 2.484207043121e-05
1.611587608436e-03 1.975169361706e-03 2.484207043121e-05
1.367523324413e-03 -4.016027814493e-05 5.282634187278e-05
1.367523324413e-03 1.959839721855e-03 5.282634187278e-05
8.988308002806e-04 1.408941169462e-03 9.478267310745e-05
1.196613257288e-03 1.335262291939e-03 9.802484972368e-05
7.730018115748e-04 1.475750360259e-03 4.768276962752e-05
1.044103639428e-03 1.408941169462e-03 5.049016603961e-05
1.479087566212e-03 -1.420917678075e-05 2.560258082289e-05
1.479087566212e-03 1.985790823219e-03 2.560258082289e-05
1.119520696453e-03 1.464927021258e-03 4.343612469826e-05
6.224397912049e-04 1.269099039689e-03 4.102035854017e-05
6.857145751548e-04 1.592143030269e-03 9.780370834860e-05
1.046576674472e-03 1.529785440383e-03 5.417250644781e-05
7.849720180327e-04 1.715571137530e-03 6.058359426382e-05
6.923819232779e-04 1.794357864632e-03 6.099055600756e-05
9.619903243511e-04 1.517239679387e-03 3.058754956453e-05
7.777986835685e-04 1.845133617712e-03 3.837845344395e-05
9.161771370124e-04 1.845133617820e-03 1.000000000000e-04
8.017607378536e-04 1.909589983768e-03 3.038784041215e-05
4.160156250000e-04 1.427734375000e-03 2.702714836990e-05
1.189453125000e-03 1.732421875000e-03 8.244223268051e-05
3.066406250000e-04 5.214843750000e-04 4.255806935721e-05
3.925781250000e-04 1.255859375000e-03 5.532289025337e-05
2.636718750000e-04 1.486328125000e-03 6.730897157640e-05
4.511718750000e-04 1.587890625000e-03 3.578200726310e-05
2.910156250000e-04 8.964843750000e-04 6.224689695628e-05
1.330078125000e-03 1.583984375000e-03 5.944720542600e-05
