# 2D packing, generated 2026-08-07T23:55:16.881236+00:00
# generator = preprocess/generate_packing_gravity.py
# periodic axes = x
# porosity_achieved = 0.325137  (target 0.325000)
# 355 distinct grains; 370 rows including 15 periodic edge images.
# Centres span [-R, L+R]: a grain need only be PARTLY inside.
# Do NOT drop the out-of-box rows -- they carry the conduction
# paths that cross the domain edge, and k_eff depends on them.
# header row is 'Lx Ly'; grain rows are 'x y r', all in metres
1.000000000000e-04 1.000000000000e-04
5.975405884982e-05 -2.861635585857e-06 4.638364414143e-06
6.790483773549e-05 -2.855646594750e-06 2.911402493471e-06
1.136308655264e-05 -1.396245747711e-06 1.547419736917e-06
7.100867186085e-05 -7.492068429438e-07 7.701992211833e-07
1.483735923094e-05 2.837306632314e-07 2.311711173593e-06
1.889998256387e-05 1.502745095828e-06 1.929857466916e-06
5.399393766054e-05 8.701736859514e-08 1.832613128771e-06
6.979528124178e-05 1.378271366054e-06 1.678980299431e-06
1.598920071991e-05 6.110086412803e-06 3.519935644225e-06
2.296327328238e-05 1.502745099178e-06 2.133433251596e-06
9.144792254844e-05 -1.361495860221e-06 2.761481584665e-06
-4.254745522498e-07 -1.281423822031e-07 1.723852783601e-06
9.957452544775e-05 -1.281423822031e-07 1.723852783601e-06
4.232738516769e-05 4.181712279219e-07 5.000000000000e-06
5.034661941405e-05 -2.183562353852e-07 1.814705117725e-06
1.089628583168e-05 9.176396245709e-06 2.424813135165e-06
5.643356781277e-05 1.776049764308e-06 1.065475181625e-06
1.530515820260e-05 1.336330321002e-05 3.655346855394e-06
3.253579662127e-05 -1.147621063804e-06 1.915724398408e-06
3.428099295036e-05 4.736185880254e-06 4.131794908613e-06
1.064895300959e-05 1.601091685215e-05 1.700967623554e-06
4.851737749305e-05 3.072337964546e-06 1.735028289014e-06
7.268255794981e-05 1.378271366054e-06 1.208296408596e-06
3.825781665186e-06 2.403256429772e-06 3.223991127796e-06
2.072840043295e-05 1.469031992247e-05 1.927889629316e-06
5.896929801306e-05 4.190179924340e-06 2.435660645256e-06
1.861874103384e-05 1.803223020803e-05 2.024201859630e-06
6.619593400971e-05 1.804620442927e-06 1.945529878841e-06
9.564606627149e-05 1.058966992679e-06 2.084449816175e-06
4.616547129928e-05 6.377142751360e-06 2.088035466235e-06
9.838568288337e-05 2.277646753741e-06 9.139963714497e-07
8.401573423578e-05 -2.033625475499e-06 3.428175406666e-06
5.006254726113e-05 6.377142751360e-06 1.809040495623e-06
6.841543104610e-05 3.773869082733e-06 1.021641720497e-06
3.905991848588e-05 7.505457674519e-06 1.391518910522e-06
5.289607820915e-05 3.745877832424e-06 1.987407194315e-06
9.238041884666e-05 3.101110558506e-06 1.767147702620e-06
7.478097233556e-06 9.176396248077e-06 9.933754629634e-07
2.779235635032e-05 2.038615266356e-06 2.725290872404e-06
3.717704107021e-05 9.680979307484e-06 1.485653614366e-06
8.771864596937e-05 2.473320797818e-06 2.404844395920e-06
2.458567921360e-05 4.873714888242e-06 1.554962405753e-06
2.172432258287e-05 1.803223020803e-05 1.081379689402e-06
4.095894722588e-05 1.149572371051e-05 2.709118300610e-06
2.768808902381e-05 8.722346226862e-06 3.388407882936e-06
2.540505108215e-05 1.425777466278e-05 2.599348809873e-06
9.020833043765e-05 8.454811852339e-06 4.010402435640e-06
-8.454804763364e-07 9.528614855466e-06 5.000000000000e-06
9.915451952366e-05 9.528614855466e-06 5.000000000000e-06
3.147716846511e-05 1.450936728625e-05 3.477978592909e-06
7.832365267138e-05 4.137217456007e-06 4.967007439532e-06
7.076060940268e-05 8.089413620913e-06 3.566425516207e-06
2.122694127546e-05 2.124033411884e-05 2.110364526693e-06
3.723731474301e-05 1.232815189996e-05 1.104473841738e-06
3.813962078331e-05 1.546124449382e-05 2.155959471807e-06
1.552859204307e-05 1.816255404026e-05 1.068694046544e-06
7.610914557455e-05 1.192631156575e-05 3.016022738122e-06
5.552760281559e-05 6.089586577341e-06 1.495371212388e-06
5.785778496118e-06 1.175657585464e-05 1.995527555059e-06
4.854774819858e-05 1.010216840931e-05 2.212207115793e-06
4.574518926314e-05 1.469290578237e-05 3.046755745953e-06
4.167511181707e-05 1.824243453553e-05 2.342341862913e-06
6.257981089789e-05 6.040220411973e-06 1.621241263513e-06
5.377277465986e-05 1.524801904419e-05 5.000000000000e-06
9.336045161638e-05 1.487835597457e-05 2.886124076857e-06
7.404720672350e-06 1.601091685452e-05 1.543264713686e-06
6.536772424717e-05 4.944179450564e-06 1.301432112497e-06
4.785171153481e-05 2.052133956398e-05 2.928864851624e-06
1.201294890624e-05 2.136949353006e-05 3.689898976269e-06
8.380891615094e-05 1.466883674763e-05 4.909609257869e-06
7.734526774998e-05 1.689798018243e-05 1.927629300502e-06
6.564325355794e-05 1.091032152195e-05 2.276934153353e-06
7.978568518533e-05 1.950193911475e-05 1.378893417145e-06
6.901253670200e-05 1.351318386770e-05 1.980642774415e-06
2.758158151015e-05 1.754750567428e-05 1.345218952503e-06
6.235876675634e-05 1.993890366379e-05 4.783846830119e-06
4.471435067790e-06 1.703750024050e-05 1.564473673999e-06
7.516884662528e-06 2.169816747127e-05 8.181627184276e-07
4.284966818542e-05 2.357899438843e-05 2.933702051588e-06
5.692216095058e-06 2.261901696888e-05 1.225701068215e-06
7.365036248904e-05 1.689798018243e-05 1.767275960438e-06
5.174449809113e-05 2.094764212271e-05 9.871945254369e-07
7.486941125602e-06 2.646358871764e-05 3.017148194558e-06
8.302379090022e-05 2.250515540152e-05 2.965942259613e-06
1.762311359986e-05 2.523941698901e-05 3.125543450146e-06
8.973264104406e-05 1.785522276067e-05 1.806715725529e-06
5.624216931027e-05 2.126538463332e-05 1.474932290430e-06
3.532437392681e-05 1.954430292930e-05 2.803574886430e-06
2.986971534084e-05 2.108775463129e-05 2.865247164565e-06
7.531241126160e-05 2.056770373163e-05 2.261281728103e-06
5.156823487949e-05 2.479717373878e-05 2.736406868422e-06
1.195505540153e-05 2.663016929645e-05 1.454070238036e-06
4.664479581686e-05 2.804564910354e-05 2.927526325038e-06
3.317859720319e-05 2.247078273925e-05 7.210414359756e-07
7.094610865879e-05 1.592039756368e-05 1.106974152949e-06
5.744473154200e-05 2.485672594891e-05 2.168326795151e-06
9.675466164407e-07 1.622700348356e-05 1.939414777351e-06
1.009675466164e-04 1.622700348356e-05 1.939414777351e-06
7.013955420869e-05 2.406552498862e-05 3.983172101955e-06
1.094867323117e-05 2.993995858064e-05 1.888841674480e-06
5.480787236823e-05 2.628106684549e-05 8.269047669208e-07
2.511741012889e-05 2.133286161964e-05 1.781204467681e-06
7.219954775824e-06 3.192510537643e-05 2.335391879680e-06
3.293471656034e-05 2.618236534412e-05 2.998544992746e-06
9.732156773825e-05 1.691327034190e-05 1.567112657617e-06
6.247521954708e-05 2.952558762664e-05 4.694914344066e-06
2.264761746666e-06 3.291264580845e-05 2.717248426247e-06
1.022647617467e-04 3.291264580845e-05 2.717248426247e-06
2.859395020243e-05 2.873552230226e-05 2.037412019270e-06
6.264093610960e-06 3.864122006653e-05 4.269254160253e-06
3.803878662424e-05 2.530639287420e-05 2.177901114187e-06
5.102723807984e-05 2.957779747025e-05 1.715024569242e-06
1.684823604463e-05 3.326267361848e-05 4.882072341559e-06
3.714039772730e-05 3.040883239841e-05 2.963902310092e-06
7.546767405058e-05 2.428164774125e-05 1.349329196097e-06
5.940258535222e-07 4.065610928553e-05 1.748174438308e-06
1.005940258535e-04 4.065610928553e-05 1.748174438308e-06
2.342710287864e-05 2.409985038276e-05 1.461227554037e-06
9.312160047390e-05 1.998560959620e-05 2.196232448762e-06
2.252348817250e-05 3.540078642460e-05 1.182580417384e-06
5.519411624155e-05 3.160538814691e-05 2.877406010353e-06
3.182580600946e-05 3.218967355817e-05 2.641120469846e-06
5.866291103440e-05 3.430765136858e-05 1.420789199099e-06
1.372981806418e-05 4.078859359741e-05 3.264338047692e-06
7.454354149897e-05 2.647286176538e-05 1.028787679180e-06
2.149629332811e-05 3.851945333761e-05 2.100895265896e-06
2.770023378858e-06 4.464489739710e-05 2.677159898557e-06
2.479229567294e-05 3.936777011373e-05 1.302525485312e-06
3.101642483966e-05 4.035875124823e-05 5.000000000000e-06
6.137468837497e-05 3.594006504799e-05 1.744413916902e-06
8.715788644307e-05 2.455133580509e-05 1.646822659756e-06
8.491329013894e-05 2.623883522485e-05 1.161355906543e-06
9.735127276289e-05 2.056521609367e-05 2.072967870288e-06
6.888556787463e-05 2.977580455327e-05 1.720315518607e-06
2.475104668285e-05 4.220314259397e-05 1.531212971882e-06
8.608339766583e-06 4.589407013916e-05 3.293298273368e-06
1.532594989046e-05 4.759625539535e-05 3.636616619528e-06
1.097666335648e-05 5.004905393541e-05 1.356630223238e-06
7.993877926961e-05 2.987429231000e-05 5.000000000000e-06
7.139228572684e-05 3.010123024777e-05 8.074376879382e-07
2.234692635457e-05 4.900211955016e-05 3.523730057231e-06
9.495549739627e-05 2.273808422734e-05 1.111227984402e-06
4.271055932003e-05 3.037448764255e-05 1.644312009138e-06
9.702788579055e-05 2.396145613570e-05 1.295311540086e-06
7.323247808970e-05 2.845763027243e-05 1.349908032700e-06
1.317817722904e-05 5.262617588172e-05 1.832663726584e-06
9.199300011146e-05 2.662780099405e-05 3.615309214986e-06
-1.554363879948e-06 4.557368450376e-05 1.745844810193e-06
9.844563612005e-05 4.557368450376e-05 1.745844810193e-06
5.901207619209e-05 3.728081264693e-05 9.721170420202e-07
4.534359278695e-05 3.263317003594e-05 1.824767320040e-06
4.088681607928e-05 3.315715241650e-05 1.682484822930e-06
8.790207722614e-05 3.184760564937e-05 3.016584232090e-06
6.781960869567e-05 3.359217538156e-05 2.020711564221e-06
3.705407129182e-05 4.064104450046e-05 1.044242232205e-06
8.425333585001e-05 3.531925009795e-05 1.947155086657e-06
7.217323226907e-05 3.445121409727e-05 2.416853729265e-06
6.507125391970e-05 3.661907588161e-05 2.013996989137e-06
6.242326379515e-05 3.939947631912e-05 1.825596517032e-06
4.998479063665e-05 3.488013049555e-05 3.275724144931e-06
5.503244224451e-05 3.890244776717e-05 3.178563033983e-06
1.823327299773e-05 5.203850485015e-05 1.589173191438e-06
9.258652345137e-05 3.201074484178e-05 1.670701851901e-06
9.545202589629e-06 5.437695512827e-05 2.200168119743e-06
7.577803967375e-05 3.457422354529e-05 1.190051834946e-06
6.944120778010e-05 3.875951279947e-05 2.684655411738e-06
5.952778018939e-05 4.377559130959e-05 3.421708288391e-06
5.504421727128e-05 4.554308611357e-05 1.397666600820e-06
2.632938495939e-05 4.472564027125e-05 1.406095735982e-06
2.981475429653e-05 4.926178451663e-05 3.948610945801e-06
9.116595545089e-05 3.405143804081e-05 8.157498722528e-07
7.475961776472e-05 3.636030647534e-05 7.978038948226e-07
4.126902022251e-06 4.996980299036e-05 2.764331835071e-06
2.520476983094e-05 5.703248098369e-05 5.000000000000e-06
1.899834787750e-05 5.499120819994e-05 1.461039365663e-06
7.875829755162e-05 3.867062499870e-05 3.820313873002e-06
3.529766324412e-05 5.024072526212e-05 1.621004436856e-06
3.136032512492e-05 5.974607722046e-05 1.727143934344e-06
3.380726861231e-05 6.121560668338e-05 1.127159706284e-06
1.966900263371e-05 5.883689834661e-05 8.224256527267e-07
1.389678808295e-05 5.783571392381e-05 3.358546543865e-06
4.568779458009e-05 3.551540889064e-05 1.067978624518e-06
3.856835664783e-05 3.383199747357e-05 7.321932066143e-07
7.329785362164e-05 4.304321287495e-05 3.079353911966e-06
3.761487398139e-05 6.319768719877e-05 3.165450433956e-06
1.945944551185e-05 6.305226661378e-05 3.321452431143e-06
5.685275837713e-05 4.849401531278e-05 2.002244769109e-06
4.258910475549e-05 3.678291529799e-05 2.279923871342e-06
8.995717122683e-05 3.522138938948e-05 8.664943010401e-07
-5.389444520532e-07 4.907684797964e-05 1.901514639232e-06
9.946105554795e-05 4.907684797964e-05 1.901514639232e-06
4.318077096305e-05 6.342710232376e-05 2.405172557242e-06
8.798387675960e-05 3.928000212398e-05 3.493845932437e-06
6.624724527298e-05 4.031650527275e-05 8.685997238723e-07
8.341755576580e-05 4.221439278935e-05 1.934039106455e-06
6.383224654450e-06 6.039659974104e-05 4.579448893459e-06
3.191648100644e-05 6.286930794698e-05 1.384772944033e-06
4.326927126146e-07 5.234876342184e-05 1.511623131306e-06
1.004326927126e-04 5.234876342184e-05 1.511623131306e-06
3.346945541100e-05 6.531509785864e-05 1.489431200012e-06
2.511068208164e-06 5.355437317924e-05 8.911127234297e-07
7.914065138976e-05 4.606271368780e-05 3.497550444795e-06
8.360212812628e-05 4.803800183863e-05 1.381643950733e-06
4.083742628860e-05 6.688855771735e-05 1.734281044158e-06
4.763681071805e-05 6.419514462590e-05 2.116572600996e-06
4.534025289680e-07 6.088035275257e-05 1.370072718908e-06
1.004534025290e-04 6.088035275257e-05 1.370072718908e-06
8.179087371027e-05 5.087705795604e-05 1.985978682115e-06
5.251766004039e-05 4.849401531278e-05 2.332853567639e-06
2.986407462271e-05 6.574410480627e-05 2.141383803495e-06
9.551176125183e-05 5.266567112237e-05 3.419502189799e-06
1.060571904719e-06 6.414907097292e-05 1.932975589043e-06
1.010605719047e-04 6.414907097292e-05 1.932975589043e-06
9.369348083333e-05 4.075444996285e-05 2.403066404399e-06
6.423627942450e-05 4.379153274085e-05 1.286817932869e-06
7.583884352700e-05 5.348696404053e-05 4.513119183938e-06
1.245644948010e-05 6.372814893182e-05 2.347547554754e-06
6.784658801422e-05 4.756856128844e-05 3.938148360065e-06
3.759440928585e-05 6.828954572007e-05 1.798412922757e-06
8.319044761823e-05 5.589868493836e-05 3.223965564414e-06
2.478694044666e-05 6.420259165160e-05 2.128818201871e-06
6.143795426635e-05 5.272535213207e-05 4.237004594454e-06
9.085279050409e-05 4.262897344812e-05 9.159471469792e-07
3.272370306853e-05 6.927092257777e-05 2.399091770879e-06
3.641395954032e-05 7.255092490196e-05 2.538155242822e-06
4.588147404760e-05 7.135040973043e-05 5.000000000000e-06
2.578760356944e-05 6.977275225573e-05 3.530511779777e-06
9.024725067142e-05 5.310953534764e-05 1.863686913544e-06
8.838589461972e-05 5.643572068775e-05 1.947894814297e-06
1.551355848062e-05 6.702722996118e-05 2.150213119101e-06
3.949638743006e-05 7.296996995107e-05 5.726260816429e-07
2.000991918292e-05 6.977275225573e-05 2.247172606741e-06
5.506550193657e-05 5.174291022456e-05 1.705801041305e-06
3.882981807808e-06 6.586236666639e-05 1.368748172013e-06
6.699849767675e-05 5.272859815138e-05 1.291119050143e-06
8.642838735176e-05 5.886182276630e-05 1.165161855174e-06
9.276961321524e-05 5.835688704018e-05 2.838321737263e-06
1.634326988832e-05 7.041442445324e-05 1.337122188431e-06
3.969180624796e-05 7.531306479613e-05 1.748299683305e-06
8.849926330238e-05 6.239383742972e-05 2.929182388471e-06
3.611335965794e-05 7.784713552796e-05 2.636537197534e-06
1.347243818217e-06 6.838316331884e-05 2.206777371858e-06
1.013472438182e-04 6.838316331884e-05 2.206777371858e-06
3.030831642846e-05 7.277034156571e-05 1.852969596759e-06
-4.606641167596e-07 5.511172605114e-05 1.292667387605e-06
9.953933588324e-05 5.511172605114e-05 1.292667387605e-06
1.789565957839e-05 7.345346227931e-05 1.997555883166e-06
3.102688990478e-05 7.827849213083e-05 2.468190323951e-06
5.588147404760e-05 7.135040973863e-05 5.000000000000e-06
3.383167713908e-05 8.156584412550e-05 1.726359632589e-06
7.909235968393e-05 5.936687078159e-05 2.144706316079e-06
3.858641102052e-05 8.417642784511e-05 3.697904523996e-06
5.090236693220e-05 7.536400390961e-05 1.395345638505e-06
8.192077674133e-05 6.460548349824e-05 3.808696597021e-06
9.369993951303e-06 6.521712419405e-05 1.079295754004e-06
8.710554111602e-05 6.711517860935e-05 1.951542215026e-06
5.281109125690e-05 7.600114739616e-05 5.728458834405e-07
3.377393973456e-05 8.457904176183e-05 1.131378843551e-06
6.916751483969e-05 5.633987746185e-05 2.742619334203e-06
6.983969034136e-06 6.711628274751e-05 1.970280957042e-06
6.437984735259e-05 5.934316878742e-05 2.909063490696e-06
9.459457739625e-05 6.457263098733e-05 3.543838179204e-06
9.722495532488e-05 7.066480916206e-05 2.504822162925e-06
8.403658694445e-05 7.039795444600e-05 2.358099369783e-06
7.894715220945e-05 7.332228886938e-05 3.511660228495e-06
9.051775499472e-05 6.728789382076e-05 1.354440411102e-06
6.877506734118e-05 6.088322880321e-05 1.748161391176e-06
6.641418615866e-05 6.378460427183e-05 1.976106264805e-06
1.207624994424e-05 7.087308188741e-05 2.954477262245e-06
8.391088647138e-05 7.434344794959e-05 1.556024024701e-06
1.408921683681e-05 7.563198799865e-05 2.212651832926e-06
4.857707861485e-06 7.054562329629e-05 1.916278649241e-06
8.224375648501e-05 7.670711225244e-05 1.213234382409e-06
2.203236051201e-05 7.273937135503e-05 1.255162603281e-06
7.973574397817e-05 7.895861588114e-05 2.157135823451e-06
1.477565045143e-06 7.684847039666e-05 5.000000000000e-06
1.014775650451e-04 7.684847039666e-05 5.000000000000e-06
9.200161726150e-05 7.121710406342e-05 2.747633470624e-06
7.261806697400e-05 5.853211497929e-05 1.345438317598e-06
8.581303487940e-05 8.081969473359e-05 4.198733841139e-06
7.577010686252e-05 7.895861588449e-05 1.808501292190e-06
3.391326037422e-05 8.835589101144e-05 2.571565096451e-06
2.783545489883e-05 8.997977936729e-05 3.719439019661e-06
9.469717139077e-05 7.505543506041e-05 1.942654037221e-06
7.736138933207e-05 8.413531303815e-05 3.538103718548e-06
3.279826952217e-05 9.264429271845e-05 1.859416036534e-06
1.088486694043e-05 7.685571637332e-05 1.217416591089e-06
4.533732247453e-05 8.417642785181e-05 3.053006930016e-06
7.202473146805e-05 6.142864523910e-05 1.546955606140e-06
2.408620322134e-05 7.468207632620e-05 1.571915832074e-06
2.134079083093e-05 9.153864215814e-05 2.959686264049e-06
9.435203168104e-05 8.420134084251e-05 4.985491590789e-06
6.353372456100e-05 6.812096358266e-05 3.229762643290e-06
8.579579115248e-06 6.941462827851e-05 8.276403625834e-07
2.961175167556e-05 9.672946279366e-05 3.260063584053e-06
8.701310653474e-05 8.901377690736e-05 3.790576046903e-06
1.871897003972e-05 7.877685300369e-05 3.384203589516e-06
7.060099860817e-05 6.497730775463e-05 2.276657986451e-06
3.664516054540e-05 9.692086821454e-05 3.775949233258e-06
6.299740525595e-05 7.408031582238e-05 2.621605092631e-06
1.647596554883e-05 9.190139167187e-05 1.918644622133e-06
6.768156208002e-05 6.654056486836e-05 1.034970381221e-06
7.337489980364e-06 7.782187988020e-05 9.402227457452e-07
5.931895754906e-05 7.931473687094e-05 3.674491310344e-06
3.280207361567e-05 9.941452979432e-05 8.052804296073e-07
2.291005664399e-05 1.007097057033e-04 4.534488995541e-06
9.298367867063e-05 9.216073556451e-05 2.958578005249e-06
6.929924058384e-05 6.852932927381e-05 1.506387192587e-06
2.847122803377e-05 1.007841845126e-04 9.520098241156e-07
7.204189261709e-05 6.852932927381e-05 1.236264840659e-06
4.264628011445e-05 9.022575645769e-05 3.567875606754e-06
8.102832978269e-06 8.262567524716e-05 3.790351020888e-06
7.267551507521e-05 8.512334796589e-05 1.250803314333e-06
8.199408275707e-05 8.901377690736e-05 1.228447730760e-06
7.932014979346e-05 8.971559927777e-05 1.536054418543e-06
5.044470162153e-05 9.022575645769e-05 4.230545900331e-06
8.295702126203e-05 9.064640232791e-05 5.817566832674e-07
2.396969646303e-06 8.388634937916e-05 2.053121887423e-06
8.928522867905e-05 9.410743926419e-05 1.220918092909e-06
7.013484512361e-05 8.512334796589e-05 1.289866637262e-06
1.406384826243e-05 8.382911367956e-05 2.290929048193e-06
4.518047482097e-06 8.903276820884e-05 3.513259159184e-06
1.048103237459e-05 9.429648288363e-05 4.440600344581e-06
8.120930357263e-05 9.324664870934e-05 2.468594391222e-06
7.141372905341e-05 8.900897416865e-05 2.800809968561e-06
9.641345517333e-05 9.352874971729e-05 7.339590061765e-07
2.602584648221e-06 9.689159993091e-05 3.854251737660e-06
1.026025846482e-04 9.689159993091e-05 3.854251737660e-06
5.620828940851e-05 9.167013030523e-05 1.711268636466e-06
9.578715693897e-05 9.744174233635e-05 2.983343711493e-06
6.640703128368e-05 7.931473687094e-05 3.413582424284e-06
4.618973880870e-05 9.610333892602e-05 3.025533220690e-06
6.295478087069e-05 8.257216438654e-05 1.207111422933e-06
9.116565816125e-05 9.875987611846e-05 1.822457743002e-06
8.522441969805e-05 9.422403045756e-05 1.663769651592e-06
6.568792308968e-05 8.511184145629e-05 2.427953175895e-06
7.459818200543e-05 8.741781079218e-05 7.525962517643e-07
8.332348474279e-05 9.629159411915e-05 1.144855136240e-06
9.334869023216e-05 1.024428512781e-04 2.458889597388e-06
5.052180965441e-05 9.610333892602e-05 1.306537625022e-06
6.614145291102e-05 9.130808397510e-05 2.950955119111e-06
8.759933808302e-05 9.875987611846e-05 1.743862335225e-06
6.058610755165e-05 9.267864702146e-05 2.770959344244e-06
7.151363734923e-05 9.636645089226e-05 4.427895842030e-06
7.903218472708e-05 9.884854965153e-05 3.489765992353e-06
6.425638238979e-05 9.680170406904e-05 2.749051235915e-06
8.452881489480e-05 9.959832966669e-05 1.439079229101e-06
6.661597425442e-05 1.039624893951e-04 4.610184967881e-06
5.439042836457e-05 9.374911600292e-05 1.050397582739e-06
4.384765625000e-05 5.341796875000e-05 1.589415471364e-06
4.326171875000e-05 4.541015625000e-05 8.523612387637e-07
5.478515625000e-05 6.044921875000e-05 1.831124604363e-06
5.654296875000e-05 9.990234375000e-05 2.187583082795e-06
4.990234375000e-05 5.576171875000e-05 2.564795744798e-06
4.814453125000e-05 4.267578125000e-05 2.462533785568e-06
3.818359375000e-05 5.556640625000e-05 2.226386072382e-06
2.548828125000e-05 8.232421875000e-05 1.724752036083e-06
5.166015625000e-05 8.076171875000e-05 2.625239622776e-06
7.138671875000e-05 7.373046875000e-05 2.326940123941e-06
8.896484375000e-05 4.736328125000e-05 1.682150175370e-06
3.837890625000e-05 4.541015625000e-05 1.954784345326e-06
4.638671875000e-05 4.873046875000e-05 1.612732716484e-06
5.830078125000e-05 8.662109375000e-05 2.949833662156e-06
9.658203125000e-05 3.544921875000e-05 1.604432621665e-06
8.789062500000e-07 2.685546875000e-05 3.451671884871e-06
1.008789062500e-04 2.685546875000e-05 3.451671884871e-06
2.099609375000e-05 8.525390625000e-05 2.401129547405e-06
5.927734375000e-05 6.298828125000e-05 2.327227974645e-06
4.013671875000e-05 5.029296875000e-05 4.433275118182e-07
6.025390625000e-05 1.025390625000e-05 1.495546482128e-06
