# 2D packing, generated 2026-09-30T17:09:14.157640+00:00
# generator = preprocess/generate_packing_gravity.py
# periodic axes = xy
# porosity_achieved = 0.324913  (target 0.325000)
# 283 distinct grains; 312 rows including 29 periodic edge images.
# Centres span [-R, L+R]: a grain need only be PARTLY inside.
# Do NOT drop the out-of-box rows -- they carry the conduction
# paths that cross the domain edge, and k_eff depends on them.
# header row is 'Lx Ly'; grain rows are 'x y r', all in metres
2.000000000000e-03 2.000000000000e-03
1.696179624696e-03 3.863028097679e-05 4.181017156887e-05
1.696179624696e-03 2.038630280977e-03 4.181017156887e-05
1.186663015054e-03 6.066626656599e-05 6.208633987813e-05
1.186663015054e-03 2.060666266566e-03 6.208633987813e-05
2.984605339855e-04 1.896047026902e-05 5.830306808677e-05
2.984605339855e-04 2.018960470269e-03 5.830306808677e-05
5.529789740644e-04 7.497221859458e-05 1.000000000000e-04
5.529789740644e-04 2.074972218595e-03 1.000000000000e-04
1.379809193402e-03 1.048101267968e-04 9.865229307188e-05
8.452774954380e-04 7.680221539376e-05 7.233326512633e-05
9.631292139124e-04 7.348094914978e-05 4.556525217236e-05
1.229344851205e-03 1.903211133763e-04 7.441330928752e-05
1.336537017102e-03 2.408258947641e-04 4.408097629663e-05
1.918674356154e-03 5.954264502908e-05 3.460738577179e-05
3.926363456190e-04 7.333354888657e-05 5.044211654318e-05
4.298382347038e-04 1.746332862963e-04 5.741943209603e-05
1.527671228540e-03 9.669325582675e-05 4.040649728159e-05
1.804763071055e-03 1.236963302797e-04 9.612722815729e-05
1.258475750813e-03 3.293283356546e-04 6.761360401382e-05
7.333322689667e-04 8.080929198200e-05 3.968366148266e-05
-2.328329340442e-05 1.170502123458e-04 4.709974895282e-05
1.976716706596e-03 1.170502123458e-04 4.709974895282e-05
1.928039256392e-03 1.952700213904e-04 4.502970059375e-05
1.612696950495e-03 7.205771428488e-05 4.811641041859e-05
1.680549839840e-03 1.907901932507e-04 4.418588587701e-05
1.579436401562e-03 1.382993987897e-04 2.600666778907e-05
1.515435242354e-03 1.734693621406e-04 3.733884918392e-05
1.843163563368e-03 3.099655066849e-04 9.405941664241e-05
1.632892905654e-04 2.544701885582e-05 5.028057804639e-05
1.632892905654e-04 2.025447018856e-03 5.028057804639e-05
1.586665073363e-03 2.473626160574e-04 6.529609772949e-05
1.032226088645e-03 8.453668241169e-05 2.441051064954e-05
6.697206261033e-04 6.575204313765e-05 1.710519004622e-05
2.282895717136e-04 7.262378421181e-05 3.003557141877e-05
1.409244527548e-03 2.398256660319e-04 2.843853455945e-05
5.702525160031e-04 2.742248629499e-04 1.000000000000e-04
1.458106333974e-03 2.036726292644e-04 2.745973898686e-05
-8.290464503240e-07 1.936254298094e-04 2.332177746516e-05
1.999170953550e-03 1.936254298094e-04 2.332177746516e-05
2.948002057761e-04 1.545505725151e-04 7.549008044120e-05
6.760983308156e-04 1.261456203500e-04 3.333076809776e-05
1.697288323540e-03 2.857665121561e-04 5.180376942660e-05
9.850822342905e-05 1.197869530230e-04 6.415984517854e-05
3.637879990151e-04 2.587764012817e-04 4.949927538397e-05
1.822284199496e-04 1.817841937860e-04 3.995801169851e-05
7.706654696806e-04 1.412184847388e-04 2.623496244974e-05
1.719876713613e-03 3.872724295179e-04 5.146044528297e-05
1.632219622983e-03 3.861933566079e-04 3.620331493195e-05
1.497270819801e-03 2.365449467528e-04 2.361387074851e-05
7.004525938121e-04 2.574867505357e-04 3.127158199616e-05
7.521424691386e-04 2.833634097740e-04 2.653365630091e-05
1.025613675664e-03 1.654556469170e-04 5.677818029853e-05
4.341994305023e-04 3.255949391718e-04 4.285007515494e-05
3.299546749513e-04 3.786040349805e-04 7.409834690372e-05
8.984978343228e-04 2.220671769806e-04 8.237392347609e-05
1.119556369920e-03 1.698506967434e-04 3.726729932396e-05
1.570405891290e-03 3.862071832011e-04 2.561043291868e-05
7.038012059609e-04 3.376245847937e-04 4.438542098280e-05
1.082427010445e-03 2.348728257289e-04 3.224631660106e-05
1.142392388746e-03 2.206546005669e-04 1.767828873672e-05
4.887830932907e-04 3.901276765063e-04 4.167123088011e-05
4.382271831636e-04 5.131889590864e-04 9.137007301507e-05
3.171657269990e-04 5.088342383846e-04 2.976967989442e-05
1.662396725184e-03 4.522345103967e-04 3.528070937538e-05
3.294573443418e-04 5.730595296694e-04 3.278854771682e-05
-1.669808466763e-05 2.481280974170e-04 3.144211069343e-05
1.983301915332e-03 2.481280974170e-04 3.144211069343e-05
-2.143621448621e-05 3.233948740152e-04 4.200518281835e-05
1.978563785514e-03 3.233948740152e-04 4.200518281835e-05
1.589998836467e-03 4.385327197324e-04 2.993303981940e-05
1.468890228156e-03 4.462268718869e-04 9.141973099520e-05
1.334904473537e-03 4.904747496783e-04 4.968327085075e-05
1.066012473707e-04 2.392511067737e-04 5.502575175933e-05
6.028454202659e-04 5.719605043820e-04 8.342483215890e-05
7.147475983139e-04 6.411139708555e-04 4.812097576827e-05
1.396911548041e-03 5.478523548576e-04 3.311407638279e-05
3.827556653829e-04 6.343562616143e-04 4.189137520327e-05
1.007599324639e-04 3.957507128248e-04 1.000000000000e-04
1.572169959861e-03 4.812057765518e-04 1.631475601291e-05
2.685045269468e-04 6.639753744506e-04 7.613667728698e-05
1.190696412588e-03 5.122426819271e-04 9.615845060426e-05
5.036878300725e-04 6.044085121809e-04 2.090683127722e-05
9.945379619836e-04 5.122426819271e-04 1.000000000000e-04
-1.959333166779e-05 4.411865690583e-04 2.864422338552e-05
1.980406668332e-03 4.411865690583e-04 2.864422338552e-05
8.183529076358e-04 3.422149108265e-04 6.205145475620e-05
1.318327592207e-03 6.143953762070e-04 6.731904313587e-05
8.674219359339e-04 5.192819172222e-04 2.731078081695e-05
1.614442941952e-03 4.916641910945e-04 2.680203848857e-05
1.551046828238e-04 6.804794879737e-04 3.845787266114e-05
5.135237906650e-06 5.299855215752e-04 6.353369502389e-05
2.005135237907e-03 5.299855215752e-04 6.353369502389e-05
1.100722981731e-03 6.514817514736e-04 6.962073008019e-05
1.214645042805e-03 7.167146454185e-04 6.165594892957e-05
8.064912540433e-04 6.595768110213e-04 4.546200846331e-05
1.951093526133e-04 7.444397468081e-04 3.277325656175e-05
1.560856453517e-03 5.234082572007e-04 2.737786119765e-05
1.932406407566e-03 4.013950782450e-04 3.370484971128e-05
3.660502477697e-04 7.008435613747e-04 2.666249530170e-05
1.802357599222e-03 4.336403373576e-04 3.617357495978e-05
1.451894455998e-03 5.660013184386e-04 2.478674439212e-05
6.265921745369e-04 7.418208935500e-04 8.571946296628e-05
4.682419351999e-04 7.113670580041e-04 7.316760347750e-05
1.304949299490e-03 7.076710029035e-04 2.691110730259e-05
3.805218718080e-04 7.442608436168e-04 1.910308828617e-05
8.852980256011e-04 6.647480590282e-04 3.351424806384e-05
9.962162609805e-04 6.514817514736e-04 3.488599066991e-05
7.665168059135e-04 7.482049320936e-04 5.173612586310e-05
1.289831047167e-03 7.598207503707e-04 2.501048941937e-05
7.224557715304e-04 8.343849534039e-04 4.505421882048e-05
5.034606951000e-04 8.809154428575e-04 1.000000000000e-04
1.905989198734e-03 5.709036668595e-04 4.372409072732e-05
1.856311109357e-03 4.317962802385e-04 1.781145481561e-05
1.026806325323e-03 6.909143382070e-04 1.415636100646e-05
2.508368574238e-04 7.704258023107e-04 2.871521272802e-05
1.347323262775e-03 7.760602788903e-04 3.473126433827e-05
8.018181122469e-04 8.343849534039e-04 3.430812189596e-05
1.516675035587e-03 5.605085538078e-04 3.031468336980e-05
1.134238179173e-04 7.783034143390e-04 5.565345290644e-05
-2.887331898529e-05 8.258291291630e-04 9.437049271461e-05
1.971126681015e-03 8.258291291630e-04 9.437049271461e-05
1.482026066003e-03 6.623178716215e-04 7.613298776440e-05
1.741027986122e-03 5.021015261828e-04 5.574094088450e-05
1.649843155570e-03 5.668936412973e-04 5.611925160095e-05
8.697013529139e-04 8.738266144603e-04 4.420161629195e-05
1.249418838063e-03 8.288524253185e-04 5.498025248713e-05
1.196243920846e-04 9.197697097124e-04 8.134634826058e-05
1.799090641364e-03 8.215976844023e-04 7.771764299155e-05
1.731403359511e-03 5.817092398041e-04 2.444650854037e-05
3.259846103552e-04 7.822956284771e-04 4.736421192343e-05
1.132191881303e-03 8.652847941668e-04 6.771581232951e-05
6.343836430233e-04 9.563097911213e-04 5.107987201354e-05
7.718534806843e-04 8.994886047635e-04 3.666859984110e-05
2.333227471662e-04 9.610960582120e-04 3.962961786106e-05
1.709197928870e-03 6.646937179779e-04 5.828286613172e-05
1.213613871722e-03 8.924403864587e-04 1.796041166000e-05
5.138173176706e-06 9.538159191890e-04 3.805836158153e-05
2.005138173177e-03 9.538159191890e-04 3.805836158153e-05
1.203008227034e-03 9.621561517952e-04 5.228008558740e-05
1.687615263366e-03 8.510667108454e-04 3.672991361728e-05
9.894331833473e-04 8.988088762628e-04 7.810874559010e-05
1.726737283520e-03 9.501552622182e-04 6.980217949172e-05
1.433697736804e-03 7.812485158520e-04 5.179888975045e-05
8.846390009665e-04 9.652600445191e-04 4.593597678675e-05
9.578309355049e-04 1.016227874210e-03 4.325359235228e-05
1.819698250709e-03 9.831201813429e-04 2.883062659327e-05
1.787863532542e-03 1.044194849020e-03 3.996458090109e-05
1.354741908117e-03 9.507954993293e-04 9.987831190590e-05
1.231095829529e-03 1.102655918850e-03 8.782833123740e-05
7.370539569351e-04 9.853845173159e-04 5.562782998238e-05
3.522350118306e-04 8.773697076822e-04 5.126724659712e-05
3.875782397421e-04 9.697610461210e-04 4.602152389623e-05
4.813792950990e-04 1.081674108213e-03 1.000000000000e-04
1.121430544064e-03 1.147051591645e-03 3.048253053429e-05
3.048076965048e-04 9.457102990194e-04 3.191800989115e-05
1.832680828380e-04 1.006817715746e-03 2.648628034217e-05
1.574178843310e-03 6.805571302003e-04 1.780744505770e-05
8.308227423204e-04 1.050664700551e-03 5.500519580037e-05
1.630080954515e-03 9.532133545867e-04 2.574968536533e-05
3.142074545817e-04 1.018990234438e-03 4.196232894929e-05
1.915157434316e-03 9.799501888042e-04 5.564080293227e-05
6.655999117858e-04 1.102360330148e-03 8.143569117501e-05
1.160712000671e-03 1.204816016843e-03 3.613214210103e-05
2.989815735223e-04 1.163717213735e-03 1.000000000000e-04
7.857625231091e-04 1.132922373508e-03 3.878578519277e-05
1.575272983160e-03 7.533932648313e-04 5.421161245944e-05
1.382281109013e-03 1.111982350148e-03 6.364440762876e-05
1.214815767544e-03 1.209215055273e-03 1.815018129464e-05
1.663068417732e-03 1.107568619737e-03 1.000000000000e-04
4.519058922233e-04 1.267983779282e-03 8.508744944273e-05
1.534476401481e-03 1.109224097628e-03 2.494591680155e-05
9.992572895894e-04 1.144680357181e-03 9.171375289652e-05
1.467019497336e-03 1.140269632307e-03 2.111778460482e-05
1.814810944045e-03 1.138185229430e-03 5.480059588645e-05
1.537087547064e-03 1.178890138394e-03 4.476910835066e-05
3.447941283310e-04 1.277947527636e-03 2.248674005164e-05
1.212980757711e-04 1.052549079748e-03 5.053085691859e-05
5.760066404061e-04 1.275575562740e-03 3.924529312978e-05
1.424627145858e-03 1.270052471042e-03 1.000000000000e-04
1.602146433840e-03 1.283711287765e-03 7.518220651136e-05
1.250278976403e-03 1.212177177043e-03 1.743654029167e-05
1.852396186038e-03 1.014388410488e-03 1.594806075839e-05
1.280303726312e-03 1.266206343998e-03 4.437480034196e-05
1.894261816905e-03 1.177517609382e-03 3.385318406505e-05
1.306156845261e-03 1.342906646476e-03 3.300370262225e-05
1.098069555797e-03 1.213735662895e-03 2.714215659852e-05
1.546655950455e-04 1.141332707948e-03 4.431598793882e-05
1.535731554758e-03 1.398454244028e-03 5.632222387379e-05
3.518469842502e-04 1.340728166590e-03 3.861999152011e-05
8.552206024320e-04 1.134641243427e-03 3.069355919837e-05
1.754807108790e-03 1.233158561885e-03 5.552759878347e-05
7.423721989183e-04 1.250896303529e-03 8.576753684346e-05
1.708573263459e-03 1.307968077221e-03 3.241576148933e-05
1.863974683791e-03 1.265405513281e-03 5.830310749946e-05
1.399423199589e-03 1.456118734423e-03 8.776649526534e-05
-3.212785830552e-06 1.090719866252e-03 7.969956810231e-05
1.996787214169e-03 1.090719866252e-03 7.969956810231e-05
1.239427548008e-03 1.342906646476e-03 3.372559463095e-05
7.963183735295e-05 1.178768791355e-03 3.953819769031e-05
1.476446352125e-04 1.227579945721e-03 4.221654872113e-05
1.795292287246e-03 1.408036745104e-03 1.000000000000e-04
1.943384727676e-03 1.401672193411e-03 4.342602325397e-05
1.737414072443e-07 1.223441806067e-03 5.161698457998e-05
2.000173741407e-03 1.223441806067e-03 5.161698457998e-05
1.651618891994e-03 1.392680669275e-03 4.449174090244e-05
1.608851930801e-03 1.478501346630e-03 5.139467600283e-05
7.879685948362e-05 1.282331348801e-03 4.574783249187e-05
1.909844750436e-03 1.464314172629e-03 2.763006814292e-05
-1.728497686903e-05 1.482204236062e-03 4.364868412132e-05
1.982715023131e-03 1.482204236062e-03 4.364868412132e-05
1.536505429544e-03 1.558783635289e-03 5.667597177621e-05
8.903148747090e-04 1.255409963435e-03 6.224397772839e-05
8.297668308241e-04 1.306137345912e-03 1.674535800572e-05
1.888111348401e-03 1.589368555494e-03 9.929909627127e-05
1.271841431084e-03 1.396885144562e-03 2.923739506648e-05
9.838279114447e-04 1.271380375378e-03 3.262289554367e-05
1.689288760623e-03 1.630668199183e-03 1.000000000000e-04
1.406459368959e-03 1.640849270775e-03 9.709902297404e-05
6.413876938613e-04 1.316657236789e-03 3.474126202569e-05
9.515859178428e-04 1.337165274314e-03 3.991993122971e-05
1.278471582024e-03 1.685961386763e-03 3.860645980079e-05
1.801687224949e-03 1.696399483963e-03 2.954008710083e-05
2.064448943829e-04 1.237927886948e-03 1.748730681745e-05
3.079634433775e-05 1.603514602562e-03 4.147755370658e-05
2.030796344338e-03 1.603514602562e-03 4.147755370658e-05
5.429094839600e-04 1.328416793269e-03 2.310546796154e-05
4.142816032529e-04 1.385361030324e-03 3.812747863428e-05
8.474017140715e-04 1.413637665593e-03 8.931773844584e-05
7.405558149671e-04 1.469319750843e-03 3.045169613465e-05
3.377283807189e-05 1.744960821031e-03 1.000000000000e-04
2.033772838072e-03 1.744960821031e-03 1.000000000000e-04
1.545930258135e-04 1.815182245943e-03 3.974467460343e-05
7.842545274628e-04 1.526801005170e-03 4.027203457403e-05
1.866076258702e-03 1.727808562290e-03 4.088403341752e-05
9.591404001390e-04 1.447403858280e-03 2.729547358288e-05
1.758199116074e-03 1.818421588988e-03 1.000000000000e-04
8.563663221549e-04 1.553843415055e-03 3.520018213779e-05
1.321688485506e-03 1.745909316571e-03 3.257069417628e-05
2.246488937849e-04 1.345845592133e-03 8.868099929376e-05
1.904484093038e-03 1.799243861911e-03 4.022213782230e-05
1.163278477445e-03 1.661605233360e-03 7.913339675548e-05
7.941026311816e-04 1.628986685313e-03 6.238710686004e-05
1.550821681624e-03 1.660768047254e-03 4.170086172950e-05
1.252407855004e-03 1.762708606394e-03 3.871760711789e-05
9.197863813549e-04 1.556928328968e-03 2.829486333759e-05
1.020419825463e-03 1.556886955132e-03 7.233859009085e-05
8.872988599459e-04 1.630974090223e-03 3.083031264853e-05
1.413071316965e-03 1.812982118095e-03 7.516179487209e-05
6.857953654336e-04 1.665737998703e-03 5.198563112091e-05
9.982889951522e-05 1.845741600724e-03 2.046551655676e-05
-8.153507359301e-05 -6.816683443789e-05 9.310251902497e-05
-8.153507359301e-05 1.931833165562e-03 9.310251902497e-05
1.918464926407e-03 -6.816683443789e-05 9.310251902497e-05
1.918464926407e-03 1.931833165562e-03 9.310251902497e-05
9.517259108370e-04 1.639565331659e-03 3.416702949550e-05
1.605418143237e-03 1.833799849269e-03 5.280657397460e-05
1.151523585326e-03 1.815141421621e-03 7.485213519451e-05
1.283050594888e-03 -6.964617522090e-05 1.000000000000e-04
1.283050594888e-03 1.930353824779e-03 1.000000000000e-04
2.484234019021e-05 1.969385771116e-03 1.970864480182e-05
1.781096738196e-03 1.957897878757e-03 2.842380253828e-05
1.512635209969e-03 -4.290539966520e-05 1.000000000000e-04
1.512635209969e-03 1.957094600335e-03 1.000000000000e-04
5.953771100558e-04 1.712750607870e-03 4.992436318754e-05
5.234183604458e-05 1.885269426626e-03 3.902068673327e-05
7.563638389134e-04 1.715418115607e-03 3.192413543503e-05
1.667905871117e-03 -5.471054583681e-05 5.571933867809e-05
1.667905871117e-03 1.945289454163e-03 5.571933867809e-05
1.048240767108e-03 1.833048706133e-03 2.997160031064e-05
6.366158475323e-05 -1.798438785635e-05 2.111350392665e-05
6.366158475323e-05 1.982015612144e-03 2.111350392665e-05
8.632851194365e-04 1.677266368342e-03 2.029838500449e-05
3.285608140674e-04 1.414299829328e-03 3.575239560773e-05
5.039354457782e-04 1.395797569166e-03 5.213177475596e-05
7.001329392840e-04 1.757954259664e-03 3.858288021243e-05
8.563455197236e-04 1.801485763781e-03 1.000000000000e-04
4.765085115052e-04 1.744757439929e-03 7.317796038708e-05
6.324141307390e-04 1.791260826730e-03 3.688344570768e-05
1.057542842825e-03 -3.731302524152e-05 1.000000000000e-04
1.057542842825e-03 1.962686974758e-03 1.000000000000e-04
9.696631072933e-04 1.800205889038e-03 1.332481712521e-05
2.714205844135e-04 1.468730700640e-03 4.280413650932e-05
7.230200855658e-04 1.825950998019e-03 3.316234989373e-05
2.222625502304e-04 1.489224335495e-03 1.045467866999e-05
5.568656022101e-04 1.849656179422e-03 5.860267833042e-05
7.384968117452e-04 -4.908246404613e-05 9.031072784085e-05
7.384968117452e-04 1.950917535954e-03 9.031072784085e-05
1.294047640018e-04 1.862000828640e-03 1.328495384836e-05
3.632740895688e-04 1.500942335007e-03 5.453370709683e-05
6.084778911083e-04 1.939579136480e-03 4.020164383707e-05
8.574312435554e-04 -2.556117344489e-05 3.074911526848e-05
8.574312435554e-04 1.974438826555e-03 3.074911526848e-05
4.360687388113e-04 1.525459682841e-03 2.227880036862e-05
2.341395512344e-04 1.521325708774e-03 2.166376492595e-05
1.206601264910e-04 1.909047156477e-03 3.331719881333e-05
2.842270846106e-04 1.544585577269e-03 3.356107081041e-05
2.209372724009e-04 1.581483443578e-03 3.969910164205e-05
2.087576721418e-04 1.928407912263e-03 5.688267625874e-05
3.405831747508e-04 1.596898799342e-03 4.333289579021e-05
3.525657675614e-04 1.865707017305e-03 1.000000000000e-04
4.876932645391e-04 1.936895896346e-03 5.273277560033e-05
1.099609375000e-03 1.388671875000e-03 4.822614215988e-05
5.683593750000e-04 1.548828125000e-03 4.036367281452e-05
1.191406250000e-04 1.498046875000e-03 4.639018676492e-05
1.201171875000e-03 1.494140625000e-03 2.615605078608e-05
2.363281250000e-04 1.712890625000e-03 3.333867247765e-05
7.558593750000e-04 4.824218750000e-04 3.224672398869e-05
1.095703125000e-03 3.535156250000e-04 8.907620508587e-05
1.533203125000e-03 8.886718750000e-04 4.615019216074e-05
6.308593750000e-04 1.439453125000e-03 6.834559475942e-05
4.101562500000e-05 6.660156250000e-04 6.020224969536e-05
2.041015625000e-03 6.660156250000e-04 6.020224969536e-05
