Lx=2.000000e-03
Ly=2.000000e-03
Lz=8.984375e-05
Nx=1142
Ny=1142
Nz=52
eps=8.756952130264e-07
