# 2D packing, generated 2026-10-01T15:39:16.865901+00:00
# generator = preprocess/generate_packing_gravity.py
# periodic axes = xy
# porosity_achieved = 0.275308  (target 0.275000)
# 297 distinct grains; 330 rows including 33 periodic edge images.
# Centres span [-R, L+R]: a grain need only be PARTLY inside.
# Do NOT drop the out-of-box rows -- they carry the conduction
# paths that cross the domain edge, and k_eff depends on them.
# header row is 'Lx Ly'; grain rows are 'x y r', all in metres
2.000000000000e-03 2.000000000000e-03
1.710583378466e-03 1.497451526903e-05 2.493553544360e-05
1.710583378466e-03 2.014974515269e-03 2.493553544360e-05
2.119086000130e-04 2.757902791043e-05 4.546020778978e-05
2.119086000130e-04 2.027579027910e-03 4.546020778978e-05
1.762242534257e-03 4.967276122412e-05 3.727885129735e-05
1.600989800969e-05 2.874777744177e-05 4.080850009773e-05
1.600989800969e-05 2.028747777442e-03 4.080850009773e-05
2.016009898010e-03 2.874777744177e-05 4.080850009773e-05
2.016009898010e-03 2.028747777442e-03 4.080850009773e-05
1.842238195440e-03 6.463477636696e-06 3.230919862790e-05
1.842238195440e-03 2.006463477637e-03 3.230919862790e-05
3.269653224845e-04 8.667064901567e-05 8.388379617514e-05
1.945862647527e-03 8.222623944249e-05 4.706297001170e-05
7.391326212312e-04 3.546094371991e-05 4.468043693894e-05
7.391326212312e-04 2.035460943720e-03 4.468043693894e-05
8.077317517661e-04 6.980719564456e-05 3.203720605406e-05
9.361248047943e-04 1.006114623861e-04 1.000000000000e-04
7.876920208731e-04 1.570849132035e-04 5.751173700186e-05
2.557347310181e-05 1.074177967155e-04 3.653388703722e-05
2.025573473102e-03 1.074177967155e-04 3.653388703722e-05
1.121421534382e-03 1.261753000312e-04 8.705227003426e-05
1.012171979998e-03 2.855892615174e-04 1.000000000000e-04
1.681858386688e-04 1.544938937326e-04 8.877495053049e-05
1.518747820522e-03 3.687036429288e-05 1.000000000000e-04
1.518747820522e-03 2.036870364293e-03 1.000000000000e-04
8.634009743447e-04 2.336410088488e-04 5.015765992512e-05
7.680286885621e-04 2.606037794387e-04 4.785811757249e-05
1.675483997710e-03 8.779523054239e-05 5.590271727350e-05
5.464629509350e-05 1.616384534298e-04 2.498941806692e-05
2.841261023057e-04 1.974084297900e-04 3.485152991220e-05
6.126690563095e-04 4.972071972325e-05 8.258506507801e-05
6.126690563095e-04 2.049720719723e-03 8.258506507801e-05
1.324914224203e-03 6.625322485987e-05 3.281652579748e-05
4.775882915632e-04 1.228612853179e-04 7.102609940852e-05
3.754314312748e-04 2.106454810872e-04 4.922799673306e-05
1.372108965862e-03 9.659511668849e-05 2.329028341496e-05
-3.989165606186e-05 2.176233237917e-04 8.488220193437e-05
1.960108343938e-03 2.176233237917e-04 8.488220193437e-05
1.843593089995e-03 8.841783063535e-05 4.965640576635e-05
1.400486063437e-03 1.404089977514e-04 2.891044302230e-05
5.778787946352e-04 1.628245984009e-04 3.574867275499e-05
1.763683201875e-03 1.735528849522e-04 6.710655425472e-05
5.309841071919e-04 2.096541688473e-04 3.052444723304e-05
4.598868903934e-04 2.306973295737e-04 3.757527602134e-05
6.731419199936e-04 1.775847844060e-04 5.885835280732e-05
3.085638333576e-04 2.647496241626e-04 3.678676828064e-05
1.174826086588e-04 3.363319852886e-04 1.000000000000e-04
8.746330898763e-04 3.266505621169e-04 4.352769622073e-05
2.863500927041e-04 3.666080067313e-04 6.746574920137e-05
-9.853877609599e-06 3.261675228886e-04 2.774161979403e-05
1.990146122390e-03 3.261675228886e-04 2.774161979403e-05
1.641194939432e-03 1.972190459796e-04 5.764724548483e-05
1.288550972065e-03 1.901954864486e-04 9.191969470836e-05
1.174804490198e-03 2.295435061756e-04 2.835384868372e-05
1.905447485951e-03 3.615688275572e-04 6.405775958060e-05
1.140698141817e-03 2.844051942297e-04 2.846539698863e-05
6.021386898458e-04 3.196920298129e-04 1.000000000000e-04
-1.187363045959e-05 3.684090959145e-04 1.417712056075e-05
1.988126369540e-03 3.684090959145e-04 1.417712056075e-05
7.668476557163e-04 4.097308467543e-04 8.771266076821e-05
9.019944395328e-04 4.134534138434e-04 4.748539613406e-05
4.681801453571e-04 3.177655035327e-04 3.397241345204e-05
1.207567847062e-03 2.504340318729e-04 9.008581217368e-06
6.321852174023e-04 4.812067148302e-04 6.428572831553e-05
-9.775560763062e-07 4.511575534976e-04 6.497796884379e-05
1.999022443924e-03 4.511575534976e-04 6.497796884379e-05
8.153144163351e-05 4.482821060226e-04 1.758112060892e-05
3.728184407594e-04 3.856278202373e-04 2.106971559501e-05
4.813102834476e-04 3.919613638459e-04 4.079198446143e-05
8.674965717624e-04 5.202345193275e-04 6.175729817299e-05
1.845053099486e-03 2.276587446742e-04 3.061001660351e-05
1.200245652583e-03 3.077001227755e-04 3.547644951591e-05
1.535554022756e-03 1.846560486375e-04 4.873828692500e-05
1.779390809679e-03 3.582869118681e-04 6.204168807149e-05
1.435245136744e-03 2.211643627639e-04 5.800807442100e-05
7.308465086105e-04 5.429341443936e-04 5.026995359641e-05
4.101711122572e-04 4.497145741896e-04 5.083891868788e-05
1.370478703764e-03 3.082326883914e-04 5.050733983680e-05
1.886426298398e-03 4.739247850186e-04 4.989693211563e-05
9.951456562081e-04 4.321213367067e-04 4.751799071041e-05
8.097103688246e-04 6.489717348596e-04 7.935441910158e-05
1.772778491739e-03 4.843867694389e-04 6.423142496275e-05
6.305016967719e-04 6.562006893852e-04 1.000000000000e-04
1.159217459263e-03 3.136066945710e-04 5.954654674267e-06
5.040037419970e-04 4.741573334402e-04 4.430478892958e-05
1.134446003427e-03 3.672408878555e-04 4.703040486847e-05
2.013920546599e-04 5.178785129686e-04 1.000000000000e-04
9.119425962688e-04 6.555048966471e-04 2.308634774247e-05
7.594744522123e-05 4.938087607665e-04 2.246363677107e-05
1.662958294230e-03 3.150371586840e-04 6.216411680848e-05
9.503195242585e-04 4.903439860960e-04 2.596167737945e-05
1.098655056392e-03 4.742751429064e-04 6.424579131895e-05
4.459380509659e-04 5.499951417677e-04 5.120960981944e-05
4.979123610128e-04 7.082605131042e-04 4.244352796755e-05
1.007208833942e-03 5.176361309488e-04 3.673239855762e-05
-5.264758289582e-05 6.033955134383e-04 9.319277594098e-05
1.947352417104e-03 6.033955134383e-04 9.319277594098e-05
1.569068938891e-03 2.551498601090e-04 2.876984694827e-05
7.514119372888e-05 5.732439202495e-04 3.758810027432e-05
5.508054038173e-04 7.464288968251e-04 2.016127120970e-05
9.646590930455e-04 6.662265181713e-04 3.070939789692e-05
3.436221127060e-04 5.818156605030e-04 5.594030340152e-05
1.248218660595e-03 4.055505678822e-04 7.301899204913e-05
1.237164713189e-04 6.262555909585e-04 3.333831719412e-05
8.958751284943e-04 7.026992641523e-04 2.218874308351e-05
1.065404984199e-03 5.825156394785e-04 4.898659197025e-05
1.026548190309e-03 6.527417743828e-04 3.127274104238e-05
4.111565184032e-04 6.117884225846e-04 1.794654295019e-05
1.112608428237e-03 6.816445608956e-04 5.950957097333e-05
8.094082771159e-05 7.514037843615e-04 9.891840953048e-05
2.080940827712e-03 7.514037843615e-04 9.891840953048e-05
1.919097065600e-03 7.567140629584e-04 6.227678531616e-05
7.420200179400e-04 7.792683074152e-04 6.596604586045e-05
1.636101233438e-03 5.384332784330e-04 8.274375242630e-05
-2.437667259664e-05 8.718838982997e-04 6.110422624389e-05
1.975623327403e-03 8.718838982997e-04 6.110422624389e-05
1.783598540966e-03 7.567225773252e-04 7.322173958494e-05
8.652940507631e-04 7.313624200792e-04 1.967513376184e-05
1.860068150878e-03 8.281267531274e-04 3.037369227230e-05
8.398616216797e-04 7.792683074687e-04 3.187555787930e-05
1.529488736748e-03 5.377051621047e-04 2.387123822714e-05
9.561002393266e-04 7.584291088041e-04 5.986538462854e-05
1.036725022509e-03 7.040236698917e-04 1.960500280660e-05
1.883940738821e-03 8.879068385575e-04 3.196796793353e-05
1.209322213060e-03 7.140870605812e-04 4.250058519086e-05
2.637795597132e-04 6.391075506499e-04 3.634033613805e-05
1.083950310932e-03 8.220103560648e-04 8.292192604122e-05
1.273374361724e-03 7.304129099862e-04 2.359942318424e-05
1.414385031797e-03 4.537615798322e-04 1.000000000000e-04
6.633738450834e-05 8.779861076395e-04 2.850352462525e-05
1.469176055551e-03 6.461100680441e-04 1.000000000000e-04
1.291910927355e-03 5.047425269283e-04 3.214067910462e-05
4.420565260035e-05 9.328798012976e-04 3.067832142878e-05
1.739871950289e-03 5.680447001581e-04 2.448847615085e-05
1.355933825434e-03 7.583679790687e-04 5.945420154630e-05
1.916915254619e-03 9.614645024650e-04 4.600004714233e-05
8.891447828246e-04 8.535844910116e-04 5.648572182694e-05
1.268660178026e-03 7.889895064032e-04 3.303562422649e-05
9.883193577121e-04 9.779513019451e-04 1.000000000000e-04
-1.115814595053e-05 9.597331220621e-04 2.392234466632e-05
1.988841854049e-03 9.597331220621e-04 2.392234466632e-05
1.122361484630e-03 9.857899412498e-04 3.427112889529e-05
8.008759452228e-04 8.604225362838e-04 3.204758586551e-05
1.799739657549e-03 8.668964412982e-04 3.812292108246e-05
1.600031923866e-03 6.698415281873e-04 3.299037998976e-05
1.207284671933e-03 8.266184134619e-04 3.895665002778e-05
1.679751577626e-03 8.724868339404e-04 8.199531988654e-05
-1.714715089296e-05 1.053333122040e-03 6.708227030368e-05
1.982852849107e-03 1.053333122040e-03 6.708227030368e-05
5.904551710980e-04 7.982957393774e-04 4.512481767419e-05
1.833957523007e-03 1.075538056194e-03 8.345967484491e-05
1.738274788207e-04 9.494630834622e-04 1.000000000000e-04
3.797593423375e-04 7.084086523516e-04 7.570958936187e-05
1.107123040221e-03 1.083547744189e-03 5.894943721917e-05
8.661052690019e-05 1.057850609421e-03 3.677370422891e-05
1.677669235895e-03 1.075537356360e-03 7.282861229180e-05
1.538069831668e-03 8.724868339404e-04 5.968642607142e-05
2.752995613577e-04 7.058490304439e-04 2.848022266920e-05
1.746956084249e-03 1.156293279754e-03 3.357562039103e-05
1.929059104918e-03 1.135266807394e-03 2.884113778303e-05
1.886466132540e-03 1.183506484051e-03 3.551123357907e-05
1.009144009045e-03 1.127527379933e-03 4.844748503866e-05
2.867144343997e-04 7.744140224218e-04 3.836961811135e-05
6.422733432513e-04 8.078844504015e-04 7.573060313616e-06
4.641871879242e-04 8.439917533338e-04 8.401155583985e-05
5.746497918120e-04 8.741220509268e-04 3.048658070032e-05
1.384808417639e-03 9.173275926460e-04 1.000000000000e-04
3.111189994476e-04 9.533272826234e-04 3.734589102477e-05
5.652145264396e-05 1.123964748249e-03 3.497599886708e-05
1.229790062274e-03 9.874712018761e-04 7.014939440370e-05
1.533514140591e-03 1.020068437294e-03 8.074588016770e-05
1.247203314291e-03 1.158663923596e-03 1.000000000000e-04
1.079830699609e-03 1.182919578427e-03 4.135732483783e-05
1.137367846124e-03 1.240353691797e-03 3.688333827148e-05
3.128286584082e-04 1.093263887382e-03 1.000000000000e-04
1.198381188986e-03 1.289624560979e-03 3.976511890660e-05
1.118819477617e-03 1.322033826655e-03 4.614428929471e-05
6.647775503501e-04 8.530991323535e-04 4.088613947258e-05
1.572627355994e-03 1.146734164497e-03 5.182127287978e-05
7.379869639032e-04 9.421311182412e-04 7.106068899883e-05
1.878952354141e-04 1.113449105998e-03 2.632841993726e-05
1.672677763132e-03 1.203983269683e-03 5.469444320582e-05
9.295227968501e-04 1.127527379933e-03 3.117372715619e-05
1.500452405337e-03 1.146734164497e-03 2.035367777736e-05
6.023914872899e-04 9.808777462800e-04 6.996212642352e-05
1.979059910313e-04 1.194901534966e-03 5.317656218802e-05
8.431550153403e-04 9.926835732225e-04 4.562637004793e-05
2.981770270603e-04 1.257804749796e-03 6.519190973836e-05
8.218982482334e-04 1.127527380026e-03 7.645082146053e-05
1.932483289439e-04 1.293334873222e-03 4.494198585054e-05
4.862205810948e-04 9.860949846578e-04 4.632587392678e-05
2.607909673687e-04 1.382446099463e-03 6.493566318876e-05
1.565888928612e-03 1.272597442084e-03 7.223766397126e-05
6.887049609581e-04 1.041984006764e-03 3.579185504060e-05
1.661509597454e-03 1.281921983642e-03 2.383647210817e-05
6.112771020184e-04 1.147593197295e-03 9.512775801767e-05
4.100244040805e-04 1.388215150095e-03 8.313987144542e-05
1.003627974897e-03 1.350687232530e-03 7.255743759769e-05
-5.214140380067e-06 1.156954028974e-03 3.488618259921e-05
1.994785859620e-03 1.156954028974e-03 3.488618259921e-05
9.943244037343e-05 1.191861248913e-03 4.534391090131e-05
3.174958857672e-04 1.475661230387e-03 4.417212946316e-05
5.127659614181e-04 1.389781566274e-03 1.961362891221e-05
1.677946521737e-04 1.388924513934e-03 2.828603645772e-05
1.427983914194e-03 1.039538613691e-03 2.656542609743e-05
1.820626018262e-03 1.191121436770e-03 3.076778386223e-05
1.442310875672e-03 1.272597640453e-03 5.134038896916e-05
7.300552943010e-04 1.176639007091e-03 2.715028648361e-05
2.736411159403e-05 1.208239630294e-03 2.587198890432e-05
1.640911842544e-03 1.315209582487e-03 1.404212865940e-05
1.928683813752e-04 1.423449137831e-03 1.412673509643e-05
1.281602943684e-03 1.301132119445e-03 4.424847735614e-05
1.629635507818e-03 1.415066894863e-03 8.384299253577e-05
1.508417317450e-03 1.446081707925e-03 4.128002016598e-05
7.693359082936e-04 1.246156211144e-03 5.269714465786e-05
9.168187412258e-04 1.201742611356e-03 4.393037703227e-05
2.139795287715e-04 1.495689328198e-03 5.760143294252e-05
6.490458496467e-04 1.340213028887e-03 1.000000000000e-04
1.182663478104e-03 1.347446993794e-03 2.015549667770e-05
8.069332107239e-04 1.357115718857e-03 5.843588050781e-05
7.584265340273e-04 1.497269879835e-03 8.987491940170e-05
1.854329593016e-03 1.277833832550e-03 6.226431024004e-05
2.994763312577e-04 1.582742728558e-03 6.441495790359e-05
5.796953837853e-04 1.517047508207e-03 8.994732856563e-05
8.503125855208e-04 1.232635399864e-03 2.940064311575e-05
9.002904278323e-04 1.410307355698e-03 4.674557041081e-05
1.100864690482e-03 1.406141726786e-03 3.938084803715e-05
1.767275451926e-03 1.445375682536e-03 5.709450008186e-05
1.236085544127e-03 1.369226810378e-03 3.753428093157e-05
6.741669953283e-04 1.570555439035e-03 1.740287961487e-05
-3.319385620732e-05 1.223238776300e-03 3.651584520732e-05
1.966806143793e-03 1.223238776300e-03 3.651584520732e-05
1.701001132215e-03 1.523910626191e-03 4.566650782957e-05
1.194446925350e-03 1.468832367671e-03 7.042424584157e-05
9.659951162720e-04 1.446122650443e-03 2.808651776414e-05
6.563305176100e-04 1.632891243966e-03 4.553671648226e-05
8.995621213208e-04 1.512749709551e-03 5.210718032364e-05
1.556620197863e-03 1.490637511611e-03 2.123604037733e-05
5.698315803115e-05 1.293371998940e-03 6.426554190140e-05
2.056983158031e-03 1.293371998940e-03 6.426554190140e-05
1.597450374820e-03 1.567879592524e-03 6.594129147629e-05
3.985807331829e-04 1.600913030620e-03 3.522331474585e-05
1.438129334018e-03 1.446086160920e-03 2.900635699650e-05
9.107220352007e-05 1.404044398901e-03 4.991207981706e-05
1.463932757706e-03 1.487782514875e-03 1.969401822451e-05
4.843061816555e-04 1.611800294021e-03 4.450447145033e-05
1.729841373057e-03 1.667925142796e-03 1.000000000000e-04
5.543970382440e-04 1.713824664669e-03 7.913493519215e-05
1.952451706508e-03 1.323479325531e-03 4.451531853663e-05
-2.002456349485e-05 1.427783822120e-03 6.335958370643e-05
1.979975436505e-03 1.427783822120e-03 6.335958370643e-05
1.568831344066e-03 1.707401550820e-03 6.577887561662e-05
7.246840800703e-05 1.527985725129e-03 7.300537238743e-05
2.072468408007e-03 1.527985725129e-03 7.300537238743e-05
7.753268960505e-04 1.663505303971e-03 7.710965659297e-05
1.895691878602e-03 1.669004306690e-03 6.585423970280e-05
6.813147067342e-04 1.755564983542e-03 5.447030689880e-05
1.645935539072e-03 1.769166950613e-03 3.149186861819e-05
1.844041909519e-03 1.768493142849e-03 4.624281373394e-05
1.962292238483e-03 1.529521876703e-03 3.713333598968e-05
-7.326626510944e-07 1.674491398087e-03 3.786673999186e-05
1.999267337349e-03 1.674491398087e-03 3.786673999186e-05
6.135807596079e-04 1.802628417204e-03 2.501134707623e-05
7.819801202404e-04 1.792565235690e-03 5.210506685651e-05
1.571635631677e-03 1.857916769105e-03 8.425361843484e-05
1.751799359767e-03 1.896522768211e-03 1.000000000000e-04
7.076559226755e-04 1.845236627475e-03 3.899030498923e-05
1.018459368363e-03 1.448037323505e-03 2.441266051941e-05
6.139077412774e-04 1.894550455530e-03 6.691128169313e-05
4.396366237362e-04 1.659049603075e-03 2.051797377679e-05
1.009831928997e-03 1.542185406979e-03 6.202393844375e-05
9.213775101887e-04 1.802718037649e-03 8.766158444585e-05
3.959508940935e-04 1.659245419563e-03 2.316836382863e-05
1.363947438420e-04 1.688747098684e-03 1.000000000000e-04
1.361288454258e-03 1.304932567060e-03 3.552760927075e-05
1.388549219654e-03 1.527183894062e-03 6.536564609924e-05
9.013209744123e-06 1.755662993774e-03 4.388782897878e-05
2.009013209744e-03 1.755662993774e-03 4.388782897878e-05
3.284571792528e-04 1.698490867177e-03 5.490615553379e-05
1.118920454216e-03 1.560899635372e-03 4.865822072889e-05
1.413804999706e-03 1.680482740118e-03 8.999969964048e-05
1.632631699069e-03 1.957955690079e-03 3.094126636849e-05
1.267397276154e-03 1.712899530498e-03 5.995386237302e-05
1.033846686884e-03 1.850634264720e-03 3.458932283632e-05
1.672125576706e-03 1.982375735619e-03 1.363761842085e-05
4.255245715509e-04 1.722982848040e-03 4.495458220652e-05
5.089995776911e-04 1.912146200998e-03 3.946229326023e-05
2.576776083037e-04 1.771793346385e-03 4.699099981759e-05
1.448807169806e-03 1.839751576453e-03 3.991082023922e-05
1.163034824339e-03 1.718673244153e-03 4.096864685576e-05
1.198095777968e-03 1.834046510901e-03 7.961436846937e-05
1.095041535805e-03 1.875559254210e-03 3.148689346594e-05
3.741654832433e-04 1.853475870177e-03 9.528197298795e-05
4.506193685320e-04 1.960625280779e-03 3.634741646000e-05
1.130241632008e-03 1.891377865978e-03 6.716971679432e-06
7.279878623088e-04 1.936700883910e-03 5.470673637713e-05
8.407809543995e-04 1.925003163111e-03 5.869136114703e-05
3.834679695741e-04 -1.720846453563e-05 3.436818099699e-05
3.834679695741e-04 1.982791535464e-03 3.436818099699e-05
1.478107306704e-03 1.915197462169e-03 2.542149505496e-05
1.685973818404e-04 1.888716545608e-03 1.000000000000e-04
-2.262150127821e-06 1.870796753223e-03 7.179674796691e-05
1.997737849872e-03 1.870796753223e-03 7.179674796691e-05
9.374675627820e-04 -4.264612727275e-05 4.326390207585e-05
9.374675627820e-04 1.957353872727e-03 4.326390207585e-05
5.162502099236e-04 -1.513489280584e-05 3.361725488832e-05
5.162502099236e-04 1.984865107194e-03 3.361725488832e-05
1.049894864955e-03 1.908105393004e-03 2.416806902700e-05
1.896697296632e-03 1.942199174916e-03 5.192679468371e-05
1.015650411570e-03 1.956266449364e-03 3.492653002786e-05
1.346515025245e-03 -6.479501201489e-05 1.000000000000e-04
1.346515025245e-03 1.935204987985e-03 1.000000000000e-04
2.930416822358e-04 -3.544410478096e-05 4.070167000696e-05
2.930416822358e-04 1.964555895219e-03 4.070167000696e-05
1.205019206048e-03 -1.692533457907e-05 4.937394165948e-05
1.205019206048e-03 1.983074665421e-03 4.937394165948e-05
4.472656250000e-04 1.220703125000e-03 1.501593036180e-05
1.044921875000e-03 1.681640625000e-03 2.724000008066e-05
1.287109375000e-03 6.152343750000e-04 8.203125000000e-05
9.238281250000e-04 1.642578125000e-03 4.847089008145e-05
1.857421875000e-03 1.537109375000e-03 7.031250000000e-05
1.337890625000e-03 1.404296875000e-03 4.705478936680e-05
1.412109375000e-03 1.130859375000e-03 1.754173217425e-05
1.267578125000e-03 1.583984375000e-03 5.687522194223e-05
1.572265625000e-03 4.042968750000e-04 3.717818978625e-05
5.019531250000e-04 1.275390625000e-03 4.166478751450e-05
1.501953125000e-03 3.183593750000e-04 3.420263959298e-05
1.587890625000e-03 7.636718750000e-04 6.101757559302e-05
1.740234375000e-03 1.322265625000e-03 4.275648812741e-05
1.072265625000e-03 1.763671875000e-03 3.650708456787e-05
