# 2D packing, generated 2026-09-28T18:43:24.921520+00:00
# generator = preprocess/generate_packing_gravity.py
# periodic axes = xy
# porosity_achieved = 0.349980  (target 0.350000)
# 286 distinct grains; 320 rows including 34 periodic edge images.
# Centres span [-R, L+R]: a grain need only be PARTLY inside.
# Do NOT drop the out-of-box rows -- they carry the conduction
# paths that cross the domain edge, and k_eff depends on them.
# header row is 'Lx Ly'; grain rows are 'x y r', all in metres
2.000000000000e-03 2.000000000000e-03
8.048086195813e-04 2.265310002535e-05 8.348070544108e-05
8.048086195813e-04 2.022653100025e-03 8.348070544108e-05
1.803355513522e-03 4.747083839911e-05 5.552049969767e-05
1.803355513522e-03 2.047470838399e-03 5.552049969767e-05
1.601260264534e-03 1.661112264075e-05 5.798841788812e-05
1.601260264534e-03 2.016611122641e-03 5.798841788812e-05
1.319675284583e-03 5.122087797288e-05 1.000000000000e-04
1.319675284583e-03 2.051220877973e-03 1.000000000000e-04
6.213768091453e-04 3.483740318027e-05 7.272659239213e-05
6.213768091453e-04 2.034837403180e-03 7.272659239213e-05
5.047944336738e-04 2.940950106152e-05 3.652161842029e-05
5.047944336738e-04 2.029409501062e-03 3.652161842029e-05
1.526582764625e-03 6.294809301146e-05 2.989698372048e-05
1.695268617868e-03 2.034987130987e-05 3.609425181368e-05
1.695268617868e-03 2.020349871310e-03 3.609425181368e-05
1.907376557003e-03 7.597052116710e-05 5.232079462456e-05
5.388862864471e-04 1.316041277574e-04 5.442897358197e-05
9.146401536070e-04 1.580120448183e-05 2.656443737408e-05
9.146401536070e-04 2.015801204482e-03 2.656443737408e-05
7.127903689610e-04 1.813908270881e-04 1.000000000000e-04
9.909834805402e-04 4.313380971719e-05 4.415640987791e-05
9.909834805402e-04 2.043133809717e-03 4.415640987791e-05
1.835142446516e-03 1.533712441571e-04 5.355006373428e-05
2.700107487975e-04 6.205517955992e-05 6.814670998761e-05
2.700107487975e-04 2.062055179560e-03 6.814670998761e-05
1.471217457220e-03 1.806683591883e-04 9.930301142587e-05
5.811247103049e-04 2.101744602662e-04 3.477524126574e-05
9.149672598784e-04 1.098785845364e-04 5.700351681923e-05
8.055339886889e-04 2.429311324428e-04 1.075623612000e-05
1.692656429552e-04 8.537126581806e-05 3.405436395550e-05
7.039511535690e-05 1.639490828706e-05 2.590085746638e-05
7.039511535690e-05 2.016394908287e-03 2.590085746638e-05
4.107347090915e-04 8.988735040498e-05 7.530328438067e-05
1.681638914664e-03 1.571511563733e-04 1.000000000000e-04
8.295852778882e-04 2.548930287906e-04 1.610547410812e-05
1.345398018655e-03 2.187202929409e-04 2.190998378799e-05
9.453395919709e-04 2.639163258106e-04 1.000000000000e-04
3.117621001873e-04 1.858899830981e-04 6.253803493051e-05
1.367196409334e-03 2.802683498654e-04 3.946953943756e-05
1.445368611996e-03 3.260484584434e-04 4.835719739623e-05
1.587912297254e-03 2.809224064046e-04 5.454290346135e-05
1.005204740534e-04 5.810995060382e-05 2.509529310165e-05
1.172673172159e-03 9.822808135291e-05 5.433502673038e-05
1.244982666734e-03 1.582622465247e-04 3.052519430534e-05
1.310362597382e-03 3.249778617752e-04 3.284244183890e-05
6.000397901125e-04 3.271246688002e-04 8.369477410035e-05
1.366485542053e-03 4.326585788566e-04 8.426353175127e-05
2.075188174580e-04 2.130563137833e-04 4.510180947181e-05
3.527160826082e-05 7.638601847627e-05 4.266479208196e-05
2.035271608261e-03 7.638601847627e-05 4.266479208196e-05
1.265970032889e-03 4.761179408313e-04 2.524484125385e-05
1.063672818270e-03 1.208164293262e-04 5.698124104340e-05
1.806937470125e-03 2.946780306080e-04 8.558733606436e-05
1.159030635050e-03 2.279625005845e-04 7.611472837447e-05
-2.105045771503e-05 1.898611663915e-04 8.218499397309e-05
1.978949542285e-03 1.898611663915e-04 8.218499397309e-05
7.468947635581e-04 3.413980494380e-04 6.360215963969e-05
1.666596953295e-03 2.803801292741e-04 2.414362948261e-05
4.650678155645e-04 1.943881948751e-04 4.247843299237e-05
2.675589351076e-04 2.649915564450e-04 2.807655136460e-05
6.805488646088e-04 4.027478189280e-04 2.676143303482e-05
1.503178887010e-03 4.757061372951e-04 5.889684526108e-05
5.072007037083e-04 3.599327900145e-04 1.473777077446e-05
8.474978987235e-04 3.712311047525e-04 4.133114699768e-05
3.983049686082e-04 2.653090454005e-04 5.492323174538e-05
7.819322852451e-04 4.707052818867e-04 7.036866417980e-05
1.933477487738e-03 3.035981394539e-04 4.030503331937e-05
8.055608622964e-05 2.188012455431e-04 2.346261818014e-05
4.818613320029e-04 3.030998341974e-04 3.678191706439e-05
1.060439690648e-03 3.458083753796e-04 4.125983327903e-05
1.298842856122e-03 5.474745350021e-04 4.899650749202e-05
9.267544367231e-04 4.127514381806e-04 4.814251913332e-05
3.470748253849e-05 3.242976554186e-04 6.301960947443e-05
2.034707482538e-03 3.242976554186e-04 6.301960947443e-05
3.208626742967e-04 2.705103509427e-04 2.257080545283e-05
1.681838410433e-03 3.570368492090e-04 5.401361581002e-05
1.036547281253e-03 4.696147822221e-04 7.550176367396e-05
-8.226891560948e-05 4.435653515771e-04 1.000000000000e-04
1.917731084391e-03 4.435653515771e-04 1.000000000000e-04
4.692185789568e-04 3.894634139225e-04 3.337355376593e-05
1.326341802224e-04 2.663153550050e-04 4.679070581515e-05
7.525412979186e-05 5.112607806012e-04 7.145314503755e-05
2.139126005189e-04 3.289127744568e-04 5.537321554660e-05
1.590376888209e-03 3.738953427915e-04 3.846270084202e-05
1.642150608152e-03 4.882179443162e-04 8.063696638400e-05
1.726755255269e-04 5.763014955811e-04 4.568447894404e-05
1.787989204292e-03 4.435653515771e-04 2.974188009891e-05
1.795842294439e-03 5.339790942800e-04 5.176139820617e-05
8.821538772629e-04 4.777224262977e-04 3.009833656871e-05
5.357535276293e-04 4.556019080623e-04 5.996848138464e-05
2.910352091918e-04 3.313239813517e-04 1.672029591680e-05
8.577519779646e-04 5.448926867498e-04 3.570910405911e-05
6.417532899629e-04 4.155774593520e-04 1.410050071532e-05
6.480818125752e-04 5.387439205933e-04 7.978220509281e-05
3.349103141185e-04 3.197678315848e-04 2.865099810322e-05
8.088191052816e-05 6.698637339074e-04 8.538786823555e-05
2.080881910528e-03 6.698637339074e-04 8.538786823555e-05
5.124054977450e-04 5.737285020971e-04 6.033205048635e-05
9.186173223549e-04 5.396041508490e-04 2.538566418771e-05
5.929991484037e-04 6.858281214267e-04 7.727798733709e-05
1.550065189317e-03 5.714590478117e-04 4.349524407429e-05
4.070636809494e-04 3.549665564279e-04 3.516126359057e-05
-7.953582787501e-05 7.507090117693e-04 9.425012815428e-05
1.920464172125e-03 7.507090117693e-04 9.425012815428e-05
1.654672757930e-03 6.696840021809e-04 1.000000000000e-04
2.353226837240e-04 6.056212054413e-04 2.348424098386e-05
7.891890768898e-04 5.778577821115e-04 3.702942546752e-05
1.192458733525e-03 5.947958912911e-04 6.743756409316e-05
3.287926524269e-04 3.811565075329e-04 3.304196569530e-05
1.753562274604e-03 8.500914493110e-04 1.000000000000e-04
8.998485883494e-04 6.002519414426e-04 3.383801303619e-05
4.848370909852e-04 7.169258414473e-04 3.526586951654e-05
2.680922911060e-04 3.934492748037e-04 2.889066513908e-05
7.482503318889e-04 7.191525368971e-04 8.150950247218e-05
1.299577029054e-03 6.484210516976e-04 5.195268063125e-05
1.892742528496e-03 8.819914537142e-04 3.992725104388e-05
3.643605143919e-04 7.505974506413e-04 8.982769752187e-05
3.607366197169e-05 7.809133169234e-04 2.523984712588e-05
1.430292708868e-03 5.343730344690e-04 3.466703552688e-05
8.862458432655e-04 7.758177755206e-04 6.766730730576e-05
6.468116977088e-04 7.993980560688e-04 4.766835072746e-05
7.281373249910e-04 8.443845981043e-04 4.527058953521e-05
1.483890591184e-03 5.558216092059e-04 2.306315022545e-05
5.258827096097e-04 7.513341530791e-04 1.650721476899e-05
1.859767369479e-03 1.019562620377e-03 1.000000000000e-04
4.812575685992e-04 7.840862910907e-04 3.169850535764e-05
1.637055220259e-03 9.122626649243e-04 3.205738814208e-05
2.480504700080e-05 1.132534143330e-03 1.000000000000e-04
2.024805047001e-03 1.132534143330e-03 1.000000000000e-04
1.592764676494e-04 1.180840589722e-03 4.288483381487e-05
2.110793458883e-04 7.939539884659e-04 6.946736898800e-05
8.187547937725e-04 8.726847788182e-04 4.966320780174e-05
1.081230957431e-03 5.811242414155e-04 4.462729402856e-05
1.022029307751e-03 5.799035839154e-04 1.427043628456e-05
2.237448612355e-04 1.186977087915e-03 2.187495603688e-05
4.480560683629e-04 8.556872369956e-04 4.448450957607e-05
7.543595412125e-04 9.137666133130e-04 2.672046635526e-05
5.709161051493e-04 9.317213403196e-04 1.000000000000e-04
9.528842645379e-04 9.248462379888e-04 9.425181139569e-05
7.380505213476e-04 1.041567081803e-03 1.000000000000e-04
1.683326113119e-03 9.566135426215e-04 2.759339615888e-05
1.589325430433e-03 1.020280004007e-03 8.593874312669e-05
1.708846371547e-03 1.074501585991e-03 4.530620084316e-05
1.020239224934e-04 1.280066853030e-03 6.651102228725e-05
-3.714654386540e-05 1.299461507011e-03 7.400435684835e-05
1.962853456135e-03 1.299461507011e-03 7.400435684835e-05
3.772609919527e-04 9.816983063421e-04 1.000000000000e-04
2.434804204584e-04 1.006656604911e-03 3.608878710895e-05
5.743516437879e-04 1.142972730910e-03 9.256279023991e-05
1.772038989740e-03 1.101955765737e-03 2.035322602245e-05
1.111891969917e-03 6.484829437265e-04 2.937825715126e-05
4.259588718437e-04 1.129723640971e-03 5.582998170432e-05
1.738647089821e-03 1.162228639060e-03 4.734431804259e-05
8.942132023853e-04 1.059089046084e-03 5.225219899110e-05
1.818500707931e-03 1.217146732882e-03 4.957109535615e-05
8.415087502796e-04 1.151795916447e-03 5.117539852982e-05
2.771171084031e-04 1.069744310748e-03 3.334502729483e-05
1.745732861563e-03 1.255863371993e-03 3.285546352585e-05
1.165893837691e-03 7.210504708623e-04 6.104908710979e-05
1.470119413082e-03 1.079406212732e-03 4.712508791237e-05
1.397765358526e-03 1.133221411347e-03 4.304799461602e-05
1.244424564163e-03 7.496510509739e-04 2.252763323101e-05
1.821139610974e-03 1.399491064637e-03 9.945666920636e-05
1.687330647648e-03 1.399578937874e-03 3.435233272522e-05
1.535669273475e-03 1.126721945955e-03 3.326222241134e-05
1.282304576401e-03 1.167352783000e-03 7.734843430083e-05
1.949137460302e-03 1.417229834647e-03 2.973072474352e-05
1.474523304703e-03 1.171545941808e-03 4.255347583950e-05
1.395854856643e-03 1.227546520963e-03 5.110474327346e-05
1.582914228612e-03 1.401646070286e-03 7.008455111687e-05
1.938851878566e-03 1.505538955109e-03 5.898050182368e-05
1.685441335630e-03 1.543668813514e-03 9.852809736394e-05
9.389850953963e-04 1.151795916540e-03 4.630094658691e-05
1.318821051513e-03 1.274797317869e-03 3.613188404334e-05
1.853302854653e-03 1.555170209270e-03 3.992298812160e-05
1.383447765083e-03 1.324685192620e-03 4.545021287143e-05
1.071992529383e-03 1.212730221135e-03 1.000000000000e-04
1.263285645811e-03 1.388960493070e-03 9.082250372497e-05
1.805356751242e-03 1.630563044267e-03 4.942415848735e-05
7.609225795827e-04 1.172796222310e-03 3.210211196319e-05
2.987345406328e-04 1.186977087969e-03 5.311472336045e-05
1.465504152376e-03 1.332733119776e-03 3.699989929324e-05
2.276187434569e-04 1.255954091078e-03 4.595738959707e-05
1.719174879924e-03 1.699879389662e-03 6.117457264302e-05
9.283856757208e-06 1.533703772962e-03 1.687412385896e-05
2.009283856757e-03 1.533703772962e-03 1.687412385896e-05
8.956913875649e-04 1.224944173499e-03 3.869912773043e-05
1.482636886914e-03 1.397767669420e-03 3.025352753378e-05
1.911615147558e-03 1.635564726429e-03 5.695190810838e-05
1.805697782807e-03 1.709425056635e-03 2.587330479056e-05
1.899979778368e-04 1.318904336452e-03 2.737783658034e-05
1.535269478327e-04 1.411530372153e-03 7.216973254753e-05
9.489056201995e-04 1.294353690420e-03 4.769149586347e-05
3.256966803802e-04 1.411530372284e-03 1.000000000000e-04
2.136392530876e-04 1.520381653315e-03 5.217692262923e-05
1.150110365230e-03 1.326203626184e-03 3.776287573556e-05
1.402371445561e-03 1.421222131941e-03 5.173051568765e-05
4.685073608463e-04 1.210818156805e-03 3.315918097584e-05
6.926349288278e-04 1.177426739252e-03 3.063629340391e-05
4.542810522550e-04 1.469279894118e-03 4.095286780078e-05
4.369544002125e-05 1.338913051252e-03 1.595035807786e-05
1.476392566677e-03 1.462123133108e-03 3.283909036370e-05
1.090005958429e-03 1.333138898206e-03 2.174864738467e-05
7.273113164609e-04 1.217311551115e-03 2.221491355142e-05
4.014337657545e-04 1.530956257689e-03 4.026793488646e-05
9.190605721169e-05 1.616366504485e-03 1.000000000000e-04
2.091906057212e-03 1.616366504485e-03 1.000000000000e-04
1.122205263598e-03 1.434193244023e-03 5.597928928468e-05
1.572895471113e-03 1.543704087610e-03 1.399304430714e-05
8.005767309109e-04 1.228784120490e-03 3.601757005938e-05
1.561496263607e-03 1.596447462904e-03 3.618629203177e-05
1.606423062981e-03 1.635228841323e-03 2.241397481042e-05
-1.588473254041e-05 1.679276129665e-03 2.459588818861e-05
1.984115267460e-03 1.679276129665e-03 2.459588818861e-05
8.474174506398e-04 1.263865874539e-03 2.250407116749e-05
1.192084123936e-03 1.493571040637e-03 3.572011352416e-05
1.142000691589e-03 1.513339643311e-03 1.694790556607e-05
1.781416016153e-03 1.742189439996e-03 1.408564491929e-05
5.287233524841e-04 1.589917220960e-03 1.000000000000e-04
1.013066719643e-03 1.452203369810e-03 5.463530069428e-05
1.939923460804e-03 1.735327338802e-03 4.674934657956e-05
1.569550959939e-03 1.648946691738e-03 1.692723883581e-05
1.080800573997e-03 1.516616184709e-03 3.552220363193e-05
2.430290764001e-05 1.732560587234e-03 3.442936414888e-05
2.024302907640e-03 1.732560587234e-03 3.442936414888e-05
8.664445343235e-04 1.326383748272e-03 4.077180324877e-05
1.011151443975e-03 1.548095946943e-03 4.091062140474e-05
7.413447586377e-04 1.282954742448e-03 4.425000012144e-05
-6.009061417283e-06 1.787878910913e-03 2.864943094243e-05
1.993990938583e-03 1.787878910913e-03 2.864943094243e-05
1.761393454040e-03 1.770948693895e-03 2.095378976167e-05
1.175455227458e-03 1.605873616898e-03 7.780697874919e-05
2.134539417719e-04 1.684024194441e-03 3.910951332434e-05
1.800896762140e-03 1.785947243123e-03 2.130100676829e-05
3.541255185008e-04 1.644794282080e-03 8.300896215721e-05
2.720465787866e-04 1.738170656497e-03 4.067105166693e-05
6.320626832673e-05 1.797601049159e-03 4.124558045697e-05
4.614844242009e-04 1.723824028039e-03 4.968553584174e-05
1.933957642244e-03 1.830448307384e-03 4.494520394708e-05
1.351498578184e-04 1.795048764944e-03 3.074350080399e-05
1.584897644990e-03 1.745206144319e-03 8.054664125422e-05
1.820003643824e-03 1.892372383768e-03 8.474723300320e-05
1.441382288082e-03 1.745860477341e-03 6.297023352264e-05
1.502439760545e-03 1.792509639732e-03 1.308473800368e-05
3.708821575615e-04 1.788107552126e-03 6.128077357238e-05
1.667346461448e-03 1.891362931344e-03 6.791332915950e-05
6.573992675312e-04 1.617757802959e-03 3.165329133460e-05
1.617665041959e-07 1.840897942055e-03 2.123697814355e-05
2.000161766504e-03 1.840897942055e-03 2.123697814355e-05
1.071273198888e-03 1.658100707536e-03 3.873307771576e-05
6.761347211854e-04 1.313422088293e-03 2.772644149228e-05
9.293094689910e-04 1.386715804126e-03 4.636003349505e-05
2.713905833104e-04 1.822987167140e-03 4.414800339423e-05
5.491828785150e-05 1.894697684246e-03 5.552687330934e-05
2.054918287852e-03 1.894697684246e-03 5.552687330934e-05
9.328626874253e-04 1.667553812696e-03 1.000000000000e-04
1.942165739358e-03 1.913453526648e-03 3.846488083392e-05
1.333727209260e-03 1.745900255947e-03 4.330977697756e-05
1.375813958902e-03 1.780572176997e-03 1.121945803265e-05
7.795866098095e-04 1.705643832562e-03 4.648502659716e-05
1.101246297756e-03 1.765472764712e-03 7.274410300099e-05
1.519138911558e-03 1.862569685254e-03 5.398370953022e-05
4.561005245077e-04 1.811074331519e-03 2.697858819492e-05
1.788603666520e-04 1.879297155266e-03 6.416959267852e-05
1.254923743973e-03 1.758611228651e-03 3.651224645071e-05
8.342449621758e-04 1.841549332796e-03 1.000000000000e-04
9.981101783225e-04 1.856026432508e-03 6.450415692984e-05
5.006691243438e-04 1.854099422559e-03 3.496960949895e-05
3.310421403360e-04 1.891459053805e-03 4.490504870220e-05
2.726670547186e-04 1.934506927418e-03 2.762611731203e-05
1.378770077668e-03 1.845852014945e-03 5.412728726545e-05
1.295695379811e-03 1.806673535782e-03 2.609769036606e-05
1.289019200310e-03 1.876137880680e-03 4.059575453046e-05
1.177868464793e-04 1.948795896315e-03 2.571498573104e-05
1.203405669466e-03 1.872509731845e-03 4.502809245401e-05
-7.206449228227e-07 -2.299646177184e-05 4.382072072304e-05
-7.206449228227e-07 1.977003538228e-03 4.382072072304e-05
1.999279355077e-03 -2.299646177184e-05 4.382072072304e-05
1.999279355077e-03 1.977003538228e-03 4.382072072304e-05
1.143108009080e-03 1.903667601527e-03 2.115876131305e-05
4.279229549979e-04 1.877770595191e-03 4.153116863091e-05
1.167317089398e-03 1.942008858109e-03 2.418582796619e-05
1.227477366697e-03 1.950473254634e-03 3.656699824596e-05
5.127617676220e-04 1.924313897251e-03 3.627868423947e-05
9.207576702607e-04 1.943647582862e-03 3.382110101762e-05
4.389652539507e-04 -3.177667512382e-05 4.959313283402e-05
4.389652539507e-04 1.968223324876e-03 4.959313283402e-05
7.093150639779e-04 1.636482458083e-03 2.353604305354e-05
1.941354306337e-03 -1.070568273743e-05 1.539392713417e-05
1.941354306337e-03 1.989294317263e-03 1.539392713417e-05
1.446949839538e-03 1.871668317063e-03 1.877650353317e-05
2.189665301943e-04 -2.882100514153e-05 3.608481810035e-05
2.189665301943e-04 1.971178994858e-03 3.608481810035e-05
6.269896672519e-04 1.673066563955e-03 2.872341094765e-05
1.428862470956e-03 1.942354624015e-03 5.418723783931e-05
1.064659636720e-03 1.898621546717e-03 1.450997316507e-05
6.353650371223e-04 1.862678493937e-03 1.000000000000e-04
1.089051306381e-03 -3.318748165539e-05 5.791231926444e-05
1.089051306381e-03 1.966812518345e-03 5.791231926444e-05
3.157289081820e-04 1.955452207690e-03 2.024182626894e-05
9.920985845260e-04 1.959684712120e-03 3.930013777815e-05
1.162895108473e-03 -5.856901551011e-06 2.082698280321e-05
1.162895108473e-03 1.994143098449e-03 2.082698280321e-05
1.504521902525e-03 1.956992190992e-03 2.287512744745e-05
1.322265625000e-03 9.238281250000e-04 9.638738330201e-05
7.519531250000e-04 1.470703125000e-03 7.488762979179e-05
1.443359375000e-03 7.441406250000e-04 3.170301187171e-05
7.226562500000e-05 9.199218750000e-04 6.821697532231e-05
1.369140625000e-03 1.583984375000e-03 2.923281834344e-05
3.457031250000e-04 5.253906250000e-04 3.395286468409e-05
5.410156250000e-04 1.345703125000e-03 3.454129278398e-05
1.134765625000e-03 1.013671875000e-03 3.680441758398e-05
1.525390625000e-03 8.457031250000e-04 3.806749988600e-05
1.611328125000e-03 1.236328125000e-03 2.144442932814e-05
1.134765625000e-03 8.730468750000e-04 3.233522225726e-05
1.185546875000e-03 3.925781250000e-04 5.404875894234e-05
1.005859375000e-03 6.855468750000e-04 1.495220813954e-05
1.037109375000e-03 7.753906250000e-04 3.398878052786e-05
6.074218750000e-04 1.431640625000e-03 6.534308073414e-05
1.423828125000e-03 6.425781250000e-04 6.359211972398e-05
