Lx=2.000000e-03
Ly=2.000000e-03
Lz=1.347656e-04
Nx=1142
Ny=1142
Nz=77
eps=8.756952130264e-07
