Lx=1.000000e-03
Ly=1.000000e-03
Lz=2.697600e-04
Nx=571
Ny=571
Nz=155
eps=8.756952130264e-07
