Lx=1.500000e-03
Ly=1.500000e-03
Lz=1.347656e-04
Nx=857
Ny=857
Nz=77
eps=8.756952130264e-07
