# 2D packing, generated 2026-09-28T19:12:29.540832+00:00
# generator = preprocess/generate_packing_gravity.py
# periodic axes = xy
# porosity_achieved = 0.274920  (target 0.275000)
# 342 distinct grains; 375 rows including 33 periodic edge images.
# Centres span [-R, L+R]: a grain need only be PARTLY inside.
# Do NOT drop the out-of-box rows -- they carry the conduction
# paths that cross the domain edge, and k_eff depends on them.
# header row is 'Lx Ly'; grain rows are 'x y r', all in metres
2.000000000000e-03 2.000000000000e-03
1.454066559573e-03 3.780013787126e-06 4.410347138123e-05
1.454066559573e-03 2.003780013787e-03 4.410347138123e-05
1.692547758149e-03 7.143584725593e-06 5.633774673746e-05
1.692547758149e-03 2.007143584726e-03 5.633774673746e-05
1.496296809774e-03 8.223425105119e-05 4.476528036173e-05
1.051975410591e-03 3.732307604958e-05 6.880167934991e-05
1.051975410591e-03 2.037323076050e-03 6.880167934991e-05
2.353545472810e-04 2.300137458940e-05 4.341704462863e-05
2.353545472810e-04 2.023001374589e-03 4.341704462863e-05
-3.543016431895e-05 8.651167223886e-05 1.000000000000e-04
-3.543016431895e-05 2.086511672239e-03 1.000000000000e-04
1.964569835681e-03 8.651167223886e-05 1.000000000000e-04
1.964569835681e-03 2.086511672239e-03 1.000000000000e-04
5.962023342061e-04 4.928292011408e-05 4.189364068074e-05
1.379516435493e-04 4.854208945640e-05 3.115521739339e-05
8.405721740494e-05 5.409595300620e-05 2.248102108422e-05
1.585127153631e-03 9.775230801295e-05 4.541033619740e-05
1.784725488174e-03 4.104361625663e-05 4.184080744815e-05
1.784725488174e-03 2.041043616257e-03 4.184080744815e-05
1.174729505875e-03 5.411286155152e-05 5.509534907873e-05
1.174729505875e-03 2.054112861552e-03 5.509534907873e-05
1.838282544769e-03 8.092694661637e-05 2.493522381761e-05
3.553224617076e-04 1.120259354187e-04 1.000000000000e-04
1.930375878835e-04 9.889250287546e-05 4.347479058540e-05
1.673593808845e-03 1.050170408207e-04 4.335410680094e-05
1.112841819902e-03 1.037318177130e-04 2.128044427065e-05
1.128560879215e-04 9.773891056446e-05 2.407349405245e-05
9.096162286726e-05 1.701089723525e-04 5.153689399318e-05
1.511274079367e-03 2.198172618011e-04 9.339184797445e-05
5.178266553878e-04 1.184391362096e-04 6.263071404536e-05
1.527366507392e-04 1.420486435492e-04 1.504469960368e-05
6.927566555475e-04 7.110635490199e-05 5.709629707840e-05
1.394604716195e-03 8.552451695257e-05 5.698004110414e-05
1.397504030091e-03 2.172262467662e-04 2.040770154682e-05
1.730810242191e-05 2.057742659756e-04 3.029746298421e-05
2.017308102422e-03 2.057742659756e-04 3.029746298421e-05
1.066775970714e-03 1.435864314835e-04 3.840841549549e-05
1.817103883176e-03 1.755762222954e-04 7.187638229119e-05
9.144196203550e-04 3.681466770253e-05 5.333867263274e-05
9.144196203550e-04 2.036814667703e-03 5.333867263274e-05
1.274376011815e-03 1.341298829275e-04 7.270198842512e-05
8.454953321704e-04 2.637524462611e-05 1.637172551651e-05
1.143646036066e-03 1.320658925325e-04 2.057310432263e-05
1.631976069796e-03 2.172480902142e-04 2.622428783153e-05
1.127974622971e-03 1.871892821681e-04 3.673467242926e-05
1.365124658313e-03 1.695337205946e-04 2.470822745375e-05
1.639648201136e-03 3.110209489834e-04 6.408204730800e-05
1.529566847489e-03 3.745480632855e-04 6.231623527005e-05
4.640682631983e-04 2.034847612814e-04 3.798105788919e-05
1.367251721033e-03 3.739481000565e-04 1.000000000000e-04
9.700695235405e-04 1.271387215871e-04 5.275255529810e-05
8.474494406905e-04 1.292461520523e-04 6.080416356319e-05
9.282689265560e-04 2.168385106124e-04 4.620879752617e-05
8.314132134775e-04 2.430596149110e-04 5.413350397087e-05
1.762320973634e-03 3.107496249625e-04 5.857906779224e-05
1.016915379449e-03 2.092946915135e-04 4.075602686477e-05
1.853851599887e-04 1.661553120949e-04 2.422197055405e-05
9.048483206113e-04 2.948795460924e-04 3.527084757160e-05
1.471816289094e-03 4.522727899813e-04 3.061427808919e-05
1.600561402446e-04 2.145299877039e-04 3.038270952197e-05
1.623431610196e-03 4.184954200206e-04 4.132721045688e-05
1.544846242846e-03 4.852396618949e-04 4.942493184260e-05
8.403384549537e-04 3.405608323131e-04 4.377537674305e-05
1.470476841259e-03 5.137706733223e-04 3.022948740366e-05
3.983638573654e-04 2.624402313113e-04 5.029588659297e-05
1.921474295978e-03 2.198755010236e-04 4.015398855452e-05
1.703275964663e-03 3.821621087866e-04 3.136195150614e-05
6.287161227591e-04 1.651512991098e-04 5.325456345058e-05
1.784986088112e-03 4.330372702976e-04 6.489201637505e-05
1.201561120268e-03 2.324915667996e-04 4.967869261750e-05
1.667289350793e-03 5.390723591825e-04 8.432959698129e-05
1.289452192701e-03 2.422491980813e-04 3.646339200729e-05
7.878299411434e-05 3.211547782265e-04 1.000000000000e-04
2.078782994114e-03 3.211547782265e-04 1.000000000000e-04
7.700086751570e-04 6.939480220625e-05 2.017469992272e-05
1.520207668005e-03 6.247353439936e-04 8.582932439427e-05
1.941550067121e-03 2.947050990287e-04 3.732185492995e-05
1.663354310573e-03 7.063832626346e-04 7.896552958210e-05
2.417189492127e-04 1.857196261271e-04 3.541241612668e-05
1.552584546118e-03 7.440653411293e-04 3.781496561848e-05
5.577106355941e-04 1.951476437976e-04 2.382695142633e-05
7.267858026340e-04 1.667317005797e-04 4.440341823766e-05
1.602612189093e-03 8.012258659143e-04 3.366095362162e-05
5.230500554468e-04 2.432765563714e-04 3.316835723848e-05
7.540035065813e-04 2.299070699157e-04 2.438562009824e-05
5.904453303724e-04 2.319836146908e-04 2.373681382680e-05
2.733152026801e-04 2.943382770583e-04 7.770848017838e-05
1.891316131440e-03 4.327540230512e-04 4.143840421605e-05
4.022066817983e-04 4.082878702578e-04 9.433083680563e-05
1.239748264757e-03 3.739583377185e-04 2.750345668659e-05
1.854792259077e-03 4.915899058893e-04 2.621952317687e-05
7.555115466628e-04 2.890672908456e-04 3.462330358482e-05
1.806161879877e-03 5.309817123716e-04 3.531540795093e-05
1.258171660441e-03 4.137506429246e-04 1.611503794707e-05
9.869036438995e-04 2.898302534444e-04 4.517516090226e-05
9.412266058234e-04 3.396180326470e-04 2.239121287213e-05
2.633144467383e-04 4.201916159125e-04 4.483282805194e-05
2.957588418038e-04 5.620722887306e-04 9.270068645774e-05
1.025863620845e-04 5.197324086142e-04 1.000000000000e-04
1.259550519734e-03 4.746525581521e-04 4.480248441980e-05
1.766388893006e-04 6.602203275507e-04 5.881061752302e-05
1.775639387266e-03 7.063832626346e-04 3.331954711039e-05
1.180104771561e-03 4.746493189349e-04 3.464119550487e-05
5.820079177004e-04 3.268180544004e-04 6.908237351444e-05
1.750682328085e-03 7.587943186588e-04 2.288289424515e-05
1.056785831598e-03 2.899166142115e-04 2.470708042474e-05
1.209364354119e-03 5.478121421400e-04 4.391603646737e-05
1.701418846861e-03 8.672995255776e-04 8.520234652019e-05
7.102038664500e-04 3.854661731754e-04 7.189210517099e-05
1.555576743209e-03 8.850400983134e-04 6.171479719895e-05
1.133250672553e-03 5.478105703878e-04 3.219764511448e-05
1.419998868566e-03 8.850400983134e-04 7.386307744451e-05
5.537238960154e-04 4.649869116613e-04 6.744756279787e-05
8.082140981267e-04 4.047408207297e-04 2.799542337846e-05
1.962685704567e-03 3.479932298818e-04 1.915916444648e-05
1.159854755822e-03 6.208389908080e-04 4.431162897780e-05
7.845088667824e-04 4.633851402910e-04 3.525878870565e-05
1.503085876822e-03 1.034967678331e-03 9.713598279225e-05
-2.880504554594e-05 4.327550848933e-04 3.844041880518e-05
1.971194954454e-03 4.327550848933e-04 3.844041880518e-05
4.632826760016e-04 5.504704360069e-04 5.699940438212e-05
1.623870344717e-03 9.529959276915e-04 3.037292557532e-05
6.673892617630e-05 6.658631098398e-04 5.046351856893e-05
1.677625956378e-03 9.850424432956e-04 3.221017875290e-05
9.012049699508e-04 3.549298267934e-04 1.737104709915e-05
1.267002070048e-03 8.850400983134e-04 7.913372107269e-05
2.719772881628e-04 6.962467727629e-04 4.310790656374e-05
1.158694911472e-03 8.850400983134e-04 2.917343750321e-05
6.477036902299e-04 4.615794920281e-04 2.659399230816e-05
-4.661346646337e-05 5.201597553131e-04 4.920050756659e-05
1.953386533537e-03 5.201597553131e-04 4.920050756659e-05
4.125914354658e-04 6.528362028208e-04 5.524505719960e-05
5.537749525753e-04 5.676079198871e-04 3.506114527837e-05
1.041686269797e-03 3.519623774232e-04 3.762144217979e-05
1.345175774106e-03 9.379742901965e-04 1.527579474208e-05
1.072279666030e-03 5.478105703965e-04 2.877336140891e-05
1.660602231115e-03 1.086844150822e-03 6.870300619334e-05
1.809195494254e-03 8.672995255776e-04 2.257430087341e-05
-1.068887285473e-05 6.014625648270e-04 3.942922217990e-05
1.989311127145e-03 6.014625648270e-04 3.942922217990e-05
9.682871740224e-04 4.169287096589e-04 5.951859216048e-05
1.080899585290e-03 6.085459011420e-04 3.257056376740e-05
8.730861107463e-04 4.115778697900e-04 3.442837680319e-05
1.755499126228e-03 1.086844150915e-03 2.619388892019e-05
6.881184233354e-04 5.815490163126e-04 1.000000000000e-04
1.577444768984e-03 1.140982002935e-03 3.052436170170e-05
1.320909371112e-03 1.027370410898e-03 7.306324009410e-05
1.629335230106e-03 1.181612387327e-03 3.108999958520e-05
5.807657505903e-04 6.038960026574e-04 9.652005379227e-06
1.166736737218e-03 9.601818257586e-04 4.616359003620e-05
8.629496203412e-04 4.940902649917e-04 4.870431110996e-05
1.388913237046e-03 1.150224169428e-03 6.509672172090e-05
8.379028716868e-04 5.919793594878e-04 5.014717339996e-05
1.202321311421e-04 7.128398068499e-04 1.832915418332e-05
1.554525152047e-03 1.225692970561e-03 5.573879292542e-05
1.739286407050e-03 1.139223302105e-03 2.582093274077e-05
3.559841481747e-04 7.482362632724e-04 5.568534993925e-05
2.627846524037e-04 7.866298313496e-04 4.451643562827e-05
1.592640323286e-04 7.566294565342e-04 3.915183377455e-05
3.205461151375e-04 8.104668757857e-04 1.592822177452e-05
1.889823022200e-03 4.833336225258e-04 9.153153177425e-06
4.542916640506e-05 8.011038402918e-04 8.306258240003e-05
2.045429166405e-03 8.011038402918e-04 8.306258240003e-05
9.925661436800e-04 6.085459011420e-04 5.576287784274e-05
9.070620792752e-04 6.504187010906e-04 3.944361566099e-05
1.662497729167e-03 1.268062624002e-03 6.024941744374e-05
1.056778404396e-03 6.781398404170e-04 3.892888954037e-05
8.293899576749e-04 6.899666636188e-04 4.771715426454e-05
9.214774237321e-04 7.528936693603e-04 6.381718778493e-05
5.188745193438e-04 6.528352707077e-04 5.103802670515e-05
4.680194028509e-04 7.272214657276e-04 3.752038309112e-05
6.019008499420e-04 6.918498424749e-04 3.999908264947e-05
1.925318738833e-04 8.255751852607e-04 3.580911124881e-05
1.582872366024e-03 1.303534949021e-03 2.645088856453e-05
1.029076253335e-03 7.533735886951e-04 4.124296370877e-05
1.931200232004e-03 6.014625648270e-04 1.868167296166e-05
1.623404006470e-03 1.370691261291e-03 4.957296959926e-05
4.342437037506e-04 7.964626943119e-04 3.624054340516e-05
7.127351895385e-04 7.805868751339e-04 1.000000000000e-04
1.896237031888e-03 8.009002922277e-04 6.612972270575e-05
8.508912656372e-04 8.469469912257e-04 5.326697743053e-05
9.961223946174e-04 8.415800594946e-04 5.210152284246e-05
5.462328417457e-04 7.570117996034e-04 4.570394008579e-05
5.837053844027e-04 8.260665841870e-04 3.286294086004e-05
-5.307999188351e-05 9.521306586222e-04 9.328621867272e-05
1.946920008116e-03 9.521306586222e-04 9.328621867272e-05
5.087029829024e-04 8.380433238154e-04 4.308952923716e-05
3.701863768746e-04 8.652413148264e-04 5.755794637599e-05
1.402714503400e-04 8.738788838796e-04 3.535548085427e-05
9.264660189134e-04 8.977187432489e-04 3.736110896478e-05
1.552683430053e-03 1.371193003136e-03 2.060680460625e-05
1.811650327161e-03 1.139223302105e-03 4.654298737029e-05
1.078058338044e-03 8.415800594946e-04 2.983442058420e-05
7.696411039452e-04 9.317130339760e-04 6.148498066640e-05
6.688492821797e-04 9.317130339760e-04 3.930684109910e-05
1.064183234197e-03 9.601818257586e-04 5.638991298411e-05
1.126433057947e-03 1.058298675288e-03 5.980800747310e-05
4.525851167476e-04 8.838343918963e-04 2.691249133790e-05
1.886268182005e-03 1.139223302105e-03 2.807486747449e-05
9.896315815938e-05 9.649562953428e-04 5.929692729122e-05
6.978816414224e-04 1.018845130409e-03 5.139292988448e-05
6.042861744835e-04 1.018845130502e-03 4.220253705445e-05
1.427153107339e-03 1.287908156273e-03 7.779893221451e-05
1.947940257445e-04 8.813491299419e-04 1.967647172765e-05
-2.029383007101e-05 1.139223302105e-03 6.536312044914e-05
1.979706169929e-03 1.139223302105e-03 6.536312044914e-05
4.125712008133e-05 1.038251737205e-03 3.398870197946e-05
1.561838938961e-03 1.423529823244e-03 3.155761529308e-05
1.231665101252e-03 9.832624029620e-04 2.274508503639e-05
1.439185893497e-03 1.471107498302e-03 1.000000000000e-04
8.661486587073e-04 9.288643209608e-04 3.005911064648e-05
5.619951080075e-04 8.785062111740e-04 2.382306936441e-05
1.704901706321e-03 1.371194778777e-03 3.192628695467e-05
1.497294060435e-04 1.116907540781e-03 1.000000000000e-04
4.234642196490e-04 9.320393167524e-04 2.788502637189e-05
1.566732960125e-03 1.484343426825e-03 2.823194107059e-05
9.770285658700e-04 9.441830235061e-04 3.130839295974e-05
9.904065873230e-04 1.072619754330e-03 7.697025840045e-05
1.214058938722e-03 1.033555155473e-03 3.054035307019e-05
1.679959154571e-03 1.437135285372e-03 3.765277995248e-05
1.755772208610e-03 1.199088132770e-03 3.534817261214e-05
1.872233762160e-03 1.229785152356e-03 6.241480866700e-05
3.546159693640e-04 9.771036450525e-04 5.440030192202e-05
1.089931632203e-03 1.181934860093e-03 6.910382392490e-05
4.502194363260e-04 1.000865187802e-03 4.411179788798e-05
-3.176428100480e-05 1.239137632953e-03 3.404163025458e-05
1.968235718995e-03 1.239137632953e-03 3.404163025458e-05
1.938924824847e-03 1.299640863483e-03 3.318760014714e-05
1.286281344939e-03 1.471307487239e-03 5.290469191958e-05
9.110197840198e-04 9.552659171316e-04 2.200298849653e-05
1.563614760339e-03 1.580491566938e-03 6.567263247772e-05
1.327862810794e-03 1.561913345692e-03 4.278051980057e-05
5.155809195966e-04 1.086182437803e-03 6.336450946920e-05
2.888070487966e-04 8.496232638352e-04 2.364027827687e-05
1.680521466565e-03 1.580344377401e-03 5.123419127967e-05
1.425540300502e-03 1.672049526150e-03 1.000000000000e-04
1.246388329766e-03 1.217467345572e-03 9.133699300336e-05
8.431982339365e-04 9.909111249890e-04 3.293464309970e-05
1.633471137365e-03 1.641834248150e-03 2.568844317534e-05
1.115769472798e-03 1.314824816848e-03 6.627466259644e-05
1.597939190250e-03 1.758384046107e-03 9.280826202442e-05
1.464208926080e-03 1.821522120413e-03 5.345775785464e-05
3.964215562505e-04 1.046946401189e-03 2.672385787832e-05
4.043511225498e-04 1.130307953120e-03 5.629805298470e-05
3.053947792392e-04 1.130307953196e-03 4.265829032587e-05
6.449981410926e-04 1.058214341577e-03 1.443136627097e-05
4.832459313611e-04 1.172349409606e-03 2.866971511026e-05
2.676909425559e-04 1.236790844098e-03 6.818718890138e-05
9.663397584468e-04 1.314824816848e-03 8.315505175456e-05
1.174797752588e-03 1.472164854545e-03 5.858220753803e-05
8.040034595412e-04 1.084929804115e-03 6.892674489676e-05
7.090560765655e-05 1.270596081023e-03 7.272335856452e-05
2.070905607657e-03 1.270596081023e-03 7.272335856452e-05
5.955838132801e-04 1.225213802382e-03 9.548520318775e-05
8.940696735200e-04 1.138623303964e-03 3.592989450403e-05
4.834282544755e-04 1.225213802475e-03 1.667035561679e-05
3.805968434975e-04 1.228492071198e-03 4.471871204027e-05
3.619736069433e-04 1.363662253792e-03 8.988107294011e-05
1.787432705566e-03 1.247213512400e-03 2.225772319691e-05
1.257806531913e-03 1.666807198206e-03 6.781567608051e-05
1.541644009887e-03 1.874454894423e-03 3.619402270062e-05
1.919100858825e-04 1.374237175229e-03 8.051091677476e-05
4.988841904817e-04 1.363662253899e-03 4.702951059828e-05
5.741358239213e-04 1.363662253899e-03 2.822212284130e-05
1.312502273978e-03 1.799695252354e-03 7.050228345032e-05
4.579178678082e-04 1.427469985811e-03 2.534361130035e-05
4.226463282896e-04 1.463334026496e-03 2.495858461873e-05
7.553789113518e-04 1.208976793170e-03 6.430989488393e-05
1.203274303441e-03 1.763814153000e-03 4.346826105823e-05
1.474654599786e-03 1.918268836565e-03 4.385123326743e-05
7.130972268531e-04 1.311065428051e-03 4.618820562413e-05
1.072502234372e-03 1.450616628885e-03 4.595821809452e-05
5.625403587041e-04 1.447874291603e-03 5.678447753659e-05
4.793768786838e-04 1.482057771048e-03 3.313034146494e-05
6.436658174550e-04 1.347671104473e-03 3.230189666477e-05
8.316720720979e-04 1.296121569020e-03 5.151263459431e-05
2.727442479145e-04 1.473382258170e-03 4.741057955338e-05
3.707088454249e-04 1.486924652485e-03 3.200857473388e-05
1.772260596430e-03 1.579873053953e-03 4.050609874769e-05
7.826995126170e-04 1.385245333451e-03 5.017982809754e-05
1.706442768000e-04 1.520057136862e-03 6.471452572850e-05
1.388428508549e-03 1.864749230627e-03 2.948144555674e-05
9.920639040173e-04 1.452963371488e-03 3.004682342442e-05
2.599153956274e-04 1.549647921680e-03 2.933307260918e-05
1.871920357931e-03 1.336064703968e-03 4.307703610240e-05
9.009066937335e-04 1.463563951413e-03 6.014939591369e-05
1.091988631083e-03 1.765926914796e-03 4.935038305533e-05
1.008781788445e-03 1.581931143894e-03 1.000000000000e-04
6.944605431018e-04 1.395029543361e-03 3.714539188877e-05
4.271295344988e-04 1.574591999622e-03 7.224524242439e-05
3.105073143438e-04 1.550597572750e-03 2.126776030986e-05
1.897309700335e-03 1.580433736590e-03 8.454426211653e-05
6.540389940386e-04 1.457731463888e-03 3.524358401825e-05
-6.126530274750e-06 1.336976657095e-03 2.896406029260e-05
1.993873469725e-03 1.336976657095e-03 2.896406029260e-05
8.065911199001e-04 1.471502073802e-03 3.449964761547e-05
1.738005958027e-03 1.663554161530e-03 4.990108740702e-05
5.464518348497e-04 1.551275265453e-03 4.786064653982e-05
1.847944013431e-03 1.765455761794e-03 1.000000000000e-04
6.873568070820e-04 1.587479159837e-03 9.656947712219e-05
5.617212789157e-04 1.643768624021e-03 4.109968435780e-05
9.415800926645e-04 1.770302899310e-03 1.000000000000e-04
-1.261969998391e-05 1.749098089785e-03 4.039265776483e-05
1.987380300016e-03 1.749098089785e-03 4.039265776483e-05
7.551066712830e-04 1.471321516436e-03 1.698511813365e-05
8.090475311338e-04 1.810484584478e-03 3.848989781699e-05
1.320757945440e-03 -6.244963330643e-05 6.630216471604e-05
1.320757945440e-03 1.937550366694e-03 6.630216471604e-05
1.715080160643e-03 1.872778018311e-03 7.079489659689e-05
1.157934193416e-03 1.899929595133e-03 1.000000000000e-04
8.401335602628e-04 1.874737333530e-03 3.268723569128e-05
4.952460640872e-04 1.644348108233e-03 2.524895536296e-05
7.348287686317e-04 1.808283154466e-03 3.576151603657e-05
2.946628379496e-04 1.657616867681e-03 8.408953448216e-05
1.816383040281e-03 1.893178748771e-03 3.156466565813e-05
1.869829300289e-03 1.890055004413e-03 2.192344488488e-05
6.332208579691e-05 1.520207340765e-03 4.260777970783e-05
5.080473683399e-04 1.724040994597e-03 5.546405296373e-05
1.412007725355e-03 1.948213922980e-03 2.556858017670e-05
9.641791657283e-05 1.635216568279e-03 7.228533401779e-05
1.613339628124e-03 1.883645859827e-03 3.152447742114e-05
9.694580323370e-04 1.932515943746e-03 6.459120126032e-05
4.146617885181e-04 1.685168228314e-03 3.903165721626e-05
4.138158463242e-04 1.776658988394e-03 5.246304064539e-05
1.825473419569e-04 1.697105906728e-03 3.377393304837e-05
5.013115463153e-04 1.828552570596e-03 4.926436698526e-05
2.243833473159e-04 1.770693681367e-03 4.904793725942e-05
1.785075511777e-03 1.958575882444e-03 3.993282348864e-05
1.876436793251e-03 -3.677247776298e-05 5.154683612174e-05
1.876436793251e-03 1.963227522237e-03 5.154683612174e-05
2.913737853083e-04 1.760384857644e-03 1.873111731281e-05
6.136445916297e-04 1.693284619625e-03 2.963332210455e-05
9.317057242909e-05 1.841393453995e-03 1.000000000000e-04
2.093170572429e-03 1.841393453995e-03 1.000000000000e-04
3.314976584336e-04 1.789517497138e-03 3.085362463507e-05
2.811784449987e-04 1.838039373811e-03 3.904937684326e-05
2.442301890342e-04 1.921613312213e-03 5.232804415936e-05
6.323620546417e-04 1.794431815748e-03 6.763717025823e-05
1.590154530893e-04 -2.694091529329e-05 4.721248665034e-05
1.590154530893e-04 1.973059084707e-03 4.721248665034e-05
3.343495795467e-04 1.919423665020e-03 3.781809893663e-05
3.049459096300e-04 -1.339898640530e-05 3.511922104582e-05
3.049459096300e-04 1.986601013595e-03 3.511922104582e-05
5.785636164931e-04 -6.975457819232e-05 7.844366249660e-05
5.785636164931e-04 1.930245421808e-03 7.844366249660e-05
7.728568595022e-04 1.866769085134e-03 2.842579669898e-05
1.318359375000e-03 6.855468750000e-04 5.760619573360e-05
1.162109375000e-03 7.519531250000e-04 5.312385517334e-05
1.802734375000e-03 1.439453125000e-03 4.004818776457e-05
1.361328125000e-03 5.527343750000e-04 3.662512806662e-05
-2.539062500000e-05 1.439453125000e-03 5.796330134437e-05
1.974609375000e-03 1.439453125000e-03 5.796330134437e-05
7.753906250000e-04 -2.929687500000e-05 5.629632142849e-05
7.753906250000e-04 1.970703125000e-03 5.629632142849e-05
1.845703125000e-03 6.308593750000e-04 2.360155787218e-05
1.791015625000e-03 9.980468750000e-04 3.144379709436e-05
1.568359375000e-03 -1.757812500000e-05 3.547695593689e-05
1.568359375000e-03 1.982421875000e-03 3.547695593689e-05
1.146484375000e-03 3.417968750000e-04 2.173418677989e-05
2.324218750000e-04 9.628906250000e-04 7.031250000000e-05
4.355468750000e-04 -3.710937500000e-05 6.921892635418e-05
4.355468750000e-04 1.962890625000e-03 6.921892635418e-05
8.457031250000e-04 1.630859375000e-03 3.948608764280e-05
1.423828125000e-03 7.480468750000e-04 3.339219532601e-05
1.087890625000e-03 4.433593750000e-04 4.266114369536e-05
1.306640625000e-03 1.357421875000e-03 2.829014528893e-05
7.832031250000e-04 1.712890625000e-03 3.034172712010e-05
1.931640625000e-03 6.816406250000e-04 4.674372535898e-05
1.224609375000e-03 1.369140625000e-03 5.461729278646e-05
1.166015625000e-03 1.587890625000e-03 4.402879878884e-05
1.775390625000e-03 1.322265625000e-03 4.697388814037e-05
5.332031250000e-04 9.511718750000e-04 5.313074417475e-05
-5.273437500000e-05 1.884765625000e-03 5.313074417475e-05
1.947265625000e-03 1.884765625000e-03 5.313074417475e-05
6.777343750000e-04 2.558593750000e-04 4.042156200659e-05
