# 2D packing, generated 2026-09-30T17:09:11.164764+00:00
# generator = preprocess/generate_packing_gravity.py
# periodic axes = xy
# porosity_achieved = 0.325355  (target 0.325000)
# 282 distinct grains; 308 rows including 26 periodic edge images.
# Centres span [-R, L+R]: a grain need only be PARTLY inside.
# Do NOT drop the out-of-box rows -- they carry the conduction
# paths that cross the domain edge, and k_eff depends on them.
# header row is 'Lx Ly'; grain rows are 'x y r', all in metres
2.000000000000e-03 2.000000000000e-03
8.012097673850e-04 5.326333716493e-05 5.791584698212e-05
8.012097673850e-04 2.053263337165e-03 5.791584698212e-05
5.226447299968e-04 5.393577914989e-05 1.000000000000e-04
5.226447299968e-04 2.053935779150e-03 1.000000000000e-04
1.280725495127e-03 6.559388806852e-05 8.122209919597e-05
1.280725495127e-03 2.065593888069e-03 8.122209919597e-05
1.625141759898e-03 4.590776040407e-05 7.938919071065e-05
1.625141759898e-03 2.045907760404e-03 7.938919071065e-05
9.339828402740e-04 4.880557656650e-05 7.493207880935e-05
9.339828402740e-04 2.048805576566e-03 7.493207880935e-05
1.434553027577e-03 1.313432988813e-04 8.606795338407e-05
1.839824166509e-03 4.627474907551e-05 1.000000000000e-04
1.839824166509e-03 2.046274749076e-03 1.000000000000e-04
2.652119928712e-04 2.569341293485e-05 4.906687211316e-05
2.652119928712e-04 2.025693412935e-03 4.906687211316e-05
1.722175138695e-03 4.117016965500e-05 1.776033387633e-05
3.786259302110e-04 7.263226814527e-05 4.522766297275e-05
4.230249898515e-04 1.678393098071e-04 4.935281205053e-05
1.038893537405e-03 1.620215009199e-05 3.492803079671e-05
1.038893537405e-03 2.016202150092e-03 3.492803079671e-05
1.545128513947e-04 4.978260948142e-05 3.483446717471e-05
1.075818091256e-03 1.511969319791e-04 1.000000000000e-04
6.741965736247e-04 1.017092296532e-04 5.890351976615e-05
-1.348110739633e-05 5.997202383499e-05 3.347027627957e-05
1.986518892604e-03 5.997202383499e-05 3.347027627957e-05
8.510116704834e-04 1.602112280813e-04 6.005916226457e-05
9.439564142847e-04 1.796613099320e-04 3.489904161068e-05
9.771712814360e-04 2.280310354734e-04 2.377686601350e-05
-3.797067412001e-05 2.001282611540e-04 9.648280295985e-05
1.962029325880e-03 2.001282611540e-04 9.648280295985e-05
5.061929995911e-04 1.988489898518e-04 3.940821433809e-05
1.539093459146e-03 1.010030442690e-04 2.278688305612e-05
1.572541984343e-03 1.686352948636e-04 5.266475788702e-05
1.810516274352e-03 1.860000155459e-04 4.188507961738e-05
7.558590129836e-04 1.233741446518e-04 2.558395995073e-05
5.915078216401e-04 2.312777403796e-04 4.986940379187e-05
1.834228016523e-03 2.720044497932e-04 4.732820270781e-05
8.544259425612e-05 9.383856367082e-05 4.548418560930e-05
1.508499602882e-03 2.287044805687e-04 3.514037394402e-05
1.212140087062e-03 1.615356826835e-04 3.671356524093e-05
9.099456636027e-04 2.581695939653e-04 4.982154248288e-05
7.323347110536e-04 2.198337385075e-04 7.275312562377e-05
8.182410376104e-04 3.282815917403e-04 6.559139244091e-05
1.742223306377e-03 1.840193384804e-04 2.643661630321e-05
2.970370553826e-04 1.256295444070e-04 5.206332662932e-05
1.182625031214e-03 2.151548598733e-04 2.449233195902e-05
4.998110807891e-04 3.073340897838e-04 6.926450249170e-05
1.144612357904e-03 3.390368730514e-04 1.000000000000e-04
3.396381129861e-04 2.136839972874e-04 4.575514167412e-05
1.013599793673e-03 4.033881627091e-04 4.490232506359e-05
3.469112231549e-04 3.718559572139e-04 9.669196495594e-05
1.668059452571e-03 2.274447820350e-04 5.950551961699e-05
1.074310590889e-03 4.488967476804e-04 3.042825805365e-05
1.016719973887e-03 4.928980470824e-04 4.204790020381e-05
1.809514895127e-04 1.541547440283e-04 6.747606038756e-05
1.744192608853e-03 3.031655723555e-04 4.787191462827e-05
1.415400937938e-03 2.915555417765e-04 7.528506637070e-05
9.079285498587e-04 3.580530006009e-04 2.890827231425e-05
1.141921264168e-03 5.608330385222e-04 1.000000000000e-04
1.574294962602e-03 3.617098188411e-04 9.840702097724e-05
6.552146587837e-04 3.744172782505e-04 1.000000000000e-04
5.227400117745e-04 4.184790805394e-04 3.961022910874e-05
9.998412981366e-04 5.761208021009e-04 4.286921613883e-05
1.037773871998e-03 6.517424630107e-04 3.824327396413e-05
1.806884723136e-03 3.404472375357e-04 2.506799138996e-05
1.734814630892e-03 4.313132494808e-04 7.655360410064e-05
4.550494957428e-04 4.412979731524e-04 3.182320001070e-05
4.100099957061e-04 4.732522849582e-04 2.273456650318e-05
9.028692339994e-04 6.817960360407e-04 9.996844286499e-05
1.916582451008e-03 3.536475905830e-04 6.362295830620e-05
7.989965196989e-04 4.598853849851e-04 6.726640404459e-05
1.860484077200e-03 4.537149327069e-04 5.109695152639e-05
1.921624616336e-03 4.786339793285e-04 1.492673232278e-05
7.565582645286e-04 6.817957294234e-04 4.634252669731e-05
1.320628892851e-03 1.803942324997e-04 3.796746215454e-05
1.120747190425e-03 7.623165608602e-04 1.000000000000e-04
7.773767250982e-04 7.993223421313e-04 7.196410913510e-05
9.264958071470e-04 8.849707172020e-04 1.000000000000e-04
1.003265662647e-04 2.338015932232e-04 4.585584777419e-05
1.263285562338e-03 1.942438641740e-04 2.102482459315e-05
1.715369875898e-04 3.395490540956e-04 8.163387498696e-05
5.715684403627e-04 4.961613509807e-04 4.762761028831e-05
1.451510774418e-03 3.872631639567e-04 2.700802823525e-05
1.059710200026e-03 8.849707172020e-04 3.321439287935e-05
1.456872211741e-03 4.916445540163e-04 7.648471179844e-05
3.830132998742e-05 4.629953341487e-04 1.000000000000e-04
2.038301329987e-03 4.629953341487e-04 1.000000000000e-04
1.499780877396e-04 5.003403017206e-04 1.718946879158e-05
1.807302829228e-03 5.149137598178e-04 2.998088037534e-05
1.307528814042e-03 5.608396438642e-04 6.560755006261e-05
1.580033624624e-03 5.142719689853e-04 4.873804643445e-05
1.529906204032e-03 6.282861531332e-04 7.580910886223e-05
7.906410323314e-04 9.094089613153e-04 3.803531292949e-05
1.277873007355e-03 7.849374195318e-04 5.872119119677e-05
1.889562503966e-03 5.608457320586e-04 5.991025315477e-05
1.664207641474e-03 5.183686856289e-04 3.553564906720e-05
1.216892327779e-03 8.609923224431e-04 3.777080076501e-05
3.561833402907e-04 5.148220037734e-04 4.527537764253e-05
2.099803641927e-04 4.987640274849e-04 4.283350864221e-05
1.740227373335e-03 5.638764758211e-04 5.306439831636e-05
1.161746427011e-03 8.768386644303e-04 1.954435714395e-05
7.122703691611e-04 4.821578466041e-04 2.191555300525e-05
4.461227357086e-04 4.889236999936e-04 1.663199761439e-05
5.075330520987e-04 5.072975133740e-04 1.736836155093e-05
4.324574686419e-04 5.512120957229e-04 3.890594873170e-05
5.206263752680e-04 5.583586411785e-04 3.276888779497e-05
1.292358136734e-03 8.845184007517e-04 4.127706290812e-05
2.696047009769e-04 5.915294870283e-04 6.744111228777e-05
1.185863118000e-03 9.621068669464e-04 6.799764056845e-05
1.388427152769e-03 8.845024639089e-04 5.479195472326e-05
1.044869960506e-03 9.565235024076e-04 3.831934519143e-05
1.493132604331e-03 9.491280961999e-04 6.825154963978e-05
1.328467079968e-03 9.892502445614e-04 6.589204740085e-05
-1.287660228722e-05 5.981837900938e-04 4.455159662629e-05
1.987123397713e-03 5.981837900938e-04 4.455159662629e-05
1.657776040010e-03 6.280814926191e-04 5.143698861249e-05
1.236542948885e-03 1.089551347848e-03 6.915388707339e-05
4.745830952277e-04 6.171026110653e-04 3.929973154368e-05
1.095130157891e-03 9.998209176775e-04 2.801883092289e-05
1.408103460689e-04 5.610317541772e-04 4.184233456083e-05
1.430551449816e-03 1.046995414809e-03 4.791375801703e-05
6.270365957230e-05 6.034187556938e-04 3.110398527192e-05
1.507174708408e-03 1.068400210747e-03 3.164307101964e-05
3.107395961338e-05 6.382931738457e-04 1.494987479999e-05
9.817463801298e-04 1.049641480729e-03 7.369250466147e-05
1.098120196747e-03 1.092558897446e-03 5.034285260263e-05
1.764887560180e-03 6.870406332838e-04 7.059911693418e-05
1.567362168473e-03 1.074250807985e-03 2.882807777977e-05
1.029195162230e-03 1.158977626038e-03 4.537604778232e-05
1.910119530551e-03 6.947985770995e-04 7.483991121819e-05
1.462961824661e-04 7.048058541435e-04 1.000000000000e-04
3.024163121487e-04 7.131422456753e-04 5.631929059714e-05
9.548074762063e-04 1.180360323892e-03 3.202387211124e-05
1.468948694816e-03 1.107178600981e-03 2.280866599758e-05
1.039053412626e-05 7.625674252378e-04 4.618442904465e-05
2.010390534126e-03 7.625674252378e-04 4.618442904465e-05
2.548791246532e-04 8.262220776614e-04 6.288005945994e-05
1.090887426598e-03 1.197154176944e-03 2.717313913220e-05
1.648035657778e-03 7.399085970079e-04 5.765605326710e-05
1.932967003968e-03 8.197867942677e-04 5.008840832027e-05
4.260229533032e-04 7.119852685275e-04 6.728735055735e-05
1.530543437297e-03 1.149113094529e-03 5.170585641538e-05
6.456362279411e-04 4.988625048054e-04 2.481334065574e-05
6.052788288315e-04 6.013124290431e-04 6.209449726641e-05
8.274458666951e-04 9.687915486597e-04 2.975678205702e-05
1.727064417521e-03 7.867369738099e-04 3.420493813026e-05
1.857573055668e-03 8.197867942677e-04 2.530553997993e-05
1.787189945545e-03 8.407556763928e-04 4.662265213969e-05
1.042425058164e-03 1.243010705912e-03 3.954584170002e-05
7.684536624683e-05 8.345254056141e-04 4.714135349130e-05
1.206609517041e-03 1.256035659176e-03 1.000000000000e-04
3.716920532376e-04 8.195925604676e-04 5.325797693668e-05
1.342522500436e-03 1.319170275786e-03 4.986099954086e-05
3.251235282461e-04 8.980660171614e-04 3.759793752939e-05
8.846486467481e-04 1.213682093015e-03 4.564595245682e-05
1.084119057651e-03 1.298713362198e-03 2.937356153897e-05
1.435021626250e-03 1.190434234704e-03 5.237033207622e-05
9.465643053710e-04 1.232328385908e-03 1.901650203853e-05
1.268408644588e-03 1.398483436677e-03 5.516112636942e-05
7.239668939459e-04 9.097426875699e-04 2.863966065629e-05
1.421312935303e-03 1.278201810956e-03 3.646139451175e-05
-5.211941491702e-06 9.407956859437e-04 8.579755360770e-05
1.994788058508e-03 9.407956859437e-04 8.579755360770e-05
5.605617679093e-04 7.179074512502e-04 6.278150019105e-05
1.686170822689e-03 8.703625570755e-04 5.864572186897e-05
1.114777968957e-03 1.383383279289e-03 5.700462201272e-05
1.622207200649e-03 1.152780248632e-03 4.003123276404e-05
9.663194880187e-04 1.312667832032e-03 6.362475986027e-05
1.880188935563e-03 9.415705794742e-04 2.880418913545e-05
3.898416452887e-04 9.266244261633e-04 3.314114218092e-05
7.245687198535e-04 1.028957963981e-03 8.942251511713e-05
1.748170928853e-03 1.214210161421e-03 1.000000000000e-04
6.628117110528e-04 7.453860864853e-04 4.309638355829e-05
1.505741813549e-03 1.224570366960e-03 2.615750004022e-05
9.995329754812e-04 1.448320654265e-03 7.527641700264e-05
4.791948881364e-04 9.416943366687e-04 5.747400120060e-05
1.585107212740e-03 1.330012681515e-03 1.000000000000e-04
9.020803415010e-04 1.450767420212e-03 2.173252535376e-05
1.429358132597e-03 1.423074226149e-03 8.143381298330e-05
1.583500302012e-04 8.833437234034e-04 4.786516416983e-05
8.295369992656e-04 1.088538289069e-03 3.127609639228e-05
5.811372760973e-04 9.416943366697e-04 4.446838676032e-05
1.551333885676e-03 1.476731663333e-03 5.036284767311e-05
9.120674286294e-04 1.497652780014e-03 2.514211980550e-05
1.872823782255e-03 1.049800414505e-03 7.777908143153e-05
1.315650460181e-03 1.502330057084e-03 5.716966113407e-05
7.939409981106e-04 1.213682093015e-03 4.506169618066e-05
2.622343210079e-04 9.183453497607e-04 2.848007483267e-05
1.186145575925e-03 1.487776723528e-03 6.624934905429e-05
1.250826500846e-03 1.563686650289e-03 3.152006749739e-05
1.700393330534e-03 1.496486809372e-03 1.000000000000e-04
5.393258734869e-04 1.012559576212e-03 3.546478281721e-05
1.587280724154e-03 1.542543043152e-03 2.212960293502e-05
2.178528159370e-04 8.933073457782e-04 1.246604898843e-05
1.334025509085e-03 1.638917861208e-03 8.064860561037e-05
7.264571903669e-04 1.242589372881e-03 2.835284690763e-05
3.914879512516e-04 1.023801725950e-03 6.266812358839e-05
2.072313936408e-04 9.480930210649e-04 3.326349438791e-05
6.092299440083e-04 1.028957963981e-03 2.591626072812e-05
1.866432381070e-03 1.486730491271e-03 6.632545903424e-05
1.067057578929e-05 1.511584999016e-03 7.353097506747e-05
2.010670575789e-03 1.511584999016e-03 7.353097506747e-05
5.938135635828e-04 1.137792575814e-03 8.070062741274e-05
9.450076264889e-04 1.527027594154e-03 1.899331586889e-05
1.521644454169e-04 9.550536521950e-04 2.224150180465e-05
1.167551456655e-04 1.560202623774e-03 4.316360531045e-05
1.609439210814e-03 1.589596158805e-03 2.986008376732e-05
-9.570377476395e-05 1.648688639533e-03 1.000000000000e-04
1.904296225236e-03 1.648688639533e-03 1.000000000000e-04
1.703182940664e-03 1.718976021684e-03 1.000000000000e-04
2.718512444095e-04 1.087624237225e-03 7.292780027916e-05
1.187190816269e-03 1.720045450318e-03 8.600998999564e-05
1.078201645335e-03 1.551746001965e-03 5.466804114216e-05
1.324395829731e-03 1.772044003306e-03 5.282539261544e-05
7.685539818475e-04 1.283076955853e-03 2.883111526285e-05
4.794886486305e-04 1.207213075469e-03 5.305060417444e-05
6.621124347627e-04 1.355655556790e-03 1.000000000000e-04
5.019600226040e-04 1.438067187160e-03 7.924902380041e-05
1.241678100942e-03 1.881367469799e-03 8.426529059561e-05
1.463964537982e-03 1.641300788984e-03 4.931227548802e-05
1.011150209069e-05 1.704702505070e-03 1.972652427174e-05
2.010111502091e-03 1.704702505070e-03 1.972652427174e-05
1.346287365077e-04 1.160740527083e-03 8.255856091492e-05
1.120640191896e-03 1.917578776195e-03 4.207333393529e-05
-8.813361975026e-06 1.759469673136e-03 3.632675370593e-05
1.991186638025e-03 1.759469673136e-03 3.632675370593e-05
1.343785544611e-03 1.914580702121e-03 2.222623153511e-05
1.324862352839e-03 1.951937185677e-03 1.964973014845e-05
1.538022494417e-03 1.740646077146e-03 6.657613547712e-05
8.450003137211e-04 1.302837990565e-03 5.012798902436e-05
2.458822895709e-04 1.194426810883e-03 3.368307872200e-05
1.829032116390e-03 1.756201083094e-03 3.123932881033e-05
1.170665933877e-03 -1.751687014677e-05 3.273130367369e-05
1.170665933877e-03 1.982483129853e-03 3.273130367369e-05
1.424409907415e-03 1.718993258650e-03 3.754675538796e-05
8.624098874470e-04 1.497929464527e-03 2.451620651673e-05
3.689448176422e-04 1.114496932302e-03 2.781595239970e-05
1.930329902194e-03 1.790479052397e-03 3.197495855793e-05
8.870114215940e-04 1.545184722856e-03 2.798323059763e-05
1.603752433845e-03 1.830080584014e-03 3.842831719633e-05
1.808271840185e-03 1.867275723449e-03 8.175949989070e-05
6.115401617994e-04 1.489967963152e-03 4.200071209696e-05
7.448352545290e-04 1.538923210893e-03 1.000000000000e-04
1.874474528420e-04 1.566491416702e-03 2.780794511398e-05
2.090221543194e-04 1.240554758216e-03 2.536314974259e-05
2.773664347031e-04 1.272280663546e-03 4.998586305901e-05
1.292579396253e-03 1.968471505064e-03 1.662115812767e-05
3.874926139578e-04 1.182046924399e-03 4.223418807468e-05
1.031419408555e-03 1.926756229316e-03 4.761825262982e-05
8.753317257249e-04 1.639511969397e-03 6.195386153372e-05
1.584261343674e-04 1.608864522043e-03 2.090239125893e-05
5.522084892693e-04 1.551310275172e-03 4.334054562107e-05
9.620041855380e-04 1.665572524968e-03 2.855176191952e-05
9.337855716751e-04 1.923790917436e-03 5.006062982960e-05
8.551719242649e-04 -3.506599190008e-05 3.866851700338e-05
8.551719242649e-04 1.964934008100e-03 3.866851700338e-05
6.188247326608e-04 1.588282803230e-03 3.284800962040e-05
1.070368485581e-04 1.643646155282e-03 4.084395486160e-05
-2.222374530028e-05 1.819646087278e-03 2.371949619213e-05
1.977776254700e-03 1.819646087278e-03 2.371949619213e-05
1.453341875564e-03 1.778258496340e-03 2.608191183174e-05
3.837821723064e-04 1.282509552852e-03 5.692035465572e-05
3.167404398087e-04 1.365767902411e-03 4.997467173722e-05
1.701084359304e-03 1.942296285491e-03 4.907360608415e-05
-3.683587591474e-05 1.926534665069e-03 6.418595376280e-05
1.963164124085e-03 1.926534665069e-03 6.418595376280e-05
2.073829767548e-04 1.411013355885e-03 6.837314525009e-05
6.543727940617e-04 1.647013081852e-03 3.580265161867e-05
3.728047109479e-04 1.448378528273e-03 4.986378780428e-05
1.099356906102e-03 -1.178581086873e-05 3.169889655794e-05
1.099356906102e-03 1.988214189131e-03 3.169889655794e-05
6.077680961450e-05 1.945367248934e-03 3.522683510885e-05
7.250501968286e-04 1.660765927457e-03 2.343864706479e-05
2.942007384892e-04 1.566144337387e-03 7.894597435075e-05
2.062008594995e-04 1.683514325223e-03 6.603435240253e-05
7.841165188436e-04 1.673163629593e-03 3.527086925676e-05
6.912128488297e-04 1.695014636236e-03 2.470636418561e-05
7.403795972789e-04 1.726382980195e-03 3.361467121571e-05
3.162284308328e-04 1.743223428199e-03 5.915048635297e-05
4.420852250586e-04 1.574342897119e-03 6.916566230762e-05
1.066927261568e-04 1.731449526174e-03 4.440254963954e-05
5.343697498664e-04 1.636590367995e-03 4.207360834123e-05
6.237165834480e-04 1.774805948598e-03 7.980395056847e-05
6.886949667717e-04 -5.754189880342e-05 1.000000000000e-04
6.886949667717e-04 1.942458101197e-03 1.000000000000e-04
4.686761725538e-04 1.665820914097e-03 2.609874884373e-05
1.715423256874e-04 1.782869450796e-03 3.835903086395e-05
3.733159271145e-04 1.643718959083e-03 2.849672927940e-05
4.255170278845e-04 1.728703478707e-03 5.017004699695e-05
3.904585397626e-04 1.822685188419e-03 4.958902160585e-05
2.502768441567e-04 1.829414831840e-03 4.937103410379e-05
3.153765141556e-04 1.866218744689e-03 2.541195216299e-05
1.083711939144e-04 1.806417729192e-03 2.905842462720e-05
1.648558820233e-04 1.864625528514e-03 4.302233109144e-05
2.270748537720e-04 1.909780697615e-03 3.385542734378e-05
1.667169895230e-04 1.945312259562e-03 3.618430188943e-05
2.863927394112e-04 1.938878121625e-03 3.221477502235e-05
-3.320312500000e-05 1.302734375000e-03 8.215949203514e-05
1.966796875000e-03 1.302734375000e-03 8.215949203514e-05
1.478515625000e-03 -8.398437500000e-05 1.000000000000e-04
1.478515625000e-03 1.916015625000e-03 1.000000000000e-04
8.496093750000e-04 1.798828125000e-03 3.367625476251e-05
1.009765625000e-03 1.783203125000e-03 6.817792553139e-05
1.685546875000e-03 1.025390625000e-03 5.696541282771e-05
1.498046875000e-03 7.910156250000e-04 3.499302400725e-05
1.314453125000e-03 4.121093750000e-04 1.002669301149e-05
1.380859375000e-03 6.894531250000e-04 2.207338613491e-05
5.058593750000e-04 1.876953125000e-03 5.636900491123e-05
