# 2D packing, generated 2026-09-28T18:45:05.001166+00:00
# generator = preprocess/generate_packing_gravity.py
# periodic axes = xy
# porosity_achieved = 0.300334  (target 0.300000)
# 315 distinct grains; 347 rows including 32 periodic edge images.
# Centres span [-R, L+R]: a grain need only be PARTLY inside.
# Do NOT drop the out-of-box rows -- they carry the conduction
# paths that cross the domain edge, and k_eff depends on them.
# header row is 'Lx Ly'; grain rows are 'x y r', all in metres
2.000000000000e-03 2.000000000000e-03
1.110069771671e-03 8.448364960520e-06 4.453825880550e-05
1.110069771671e-03 2.008448364961e-03 4.453825880550e-05
1.192811138916e-03 6.549005520870e-05 5.596033169221e-05
7.639691894900e-06 4.836468823819e-05 5.924325865524e-05
7.639691894900e-06 2.048364688238e-03 5.924325865524e-05
2.007639691895e-03 4.836468823819e-05 5.924325865524e-05
2.007639691895e-03 2.048364688238e-03 5.924325865524e-05
1.075888147004e-04 8.513077945911e-05 4.725358684996e-05
1.765125253207e-04 8.313126482349e-05 2.169913362165e-05
1.019926006860e-03 6.112798003739e-05 2.576823175544e-05
6.937019217411e-04 1.899585305024e-05 5.268578156303e-05
6.937019217411e-04 2.018995853050e-03 5.268578156303e-05
1.105056111327e-03 8.720867784907e-05 3.322273922360e-05
3.140188201954e-04 2.381512321405e-05 4.362474620640e-05
3.140188201954e-04 2.023815123214e-03 4.362474620640e-05
2.492872988206e-04 6.796322927646e-05 3.472847630513e-05
9.908457778450e-06 1.662331486175e-04 5.864714350096e-05
2.009908457778e-03 1.662331486175e-04 5.864714350096e-05
1.144413983452e-03 1.562810854349e-04 4.627593881040e-05
7.742211332025e-04 7.027864791682e-05 4.277769486092e-05
1.732113012183e-03 1.741211809739e-05 5.404380303287e-05
1.732113012183e-03 2.017412118097e-03 5.404380303287e-05
9.594562905036e-04 8.067512225474e-05 3.778240271745e-05
1.905716996265e-03 5.096734168134e-06 4.092596705544e-05
1.905716996265e-03 2.005096734168e-03 4.092596705544e-05
4.444971988237e-04 8.384393244582e-05 1.000000000000e-04
4.444971988237e-04 2.083843932446e-03 1.000000000000e-04
1.058409055777e-03 1.771896357582e-04 4.223403330720e-05
1.594735802870e-03 9.505134949455e-05 9.036330647517e-05
6.998609918534e-04 1.283438324349e-04 5.156761237126e-05
1.286022480456e-03 6.619209911911e-05 3.725389542331e-05
9.863333958632e-05 1.635568084799e-04 2.798500602213e-05
3.024680818173e-04 1.397749680584e-04 4.856583996168e-05
3.694550395443e-04 2.128778179374e-04 4.926859605634e-05
1.713001062568e-03 1.275270946530e-04 3.227986368965e-05
1.383647818021e-03 6.698196541661e-05 6.037481805507e-05
8.074047705291e-05 2.385493932411e-04 4.257944895991e-05
7.828421013868e-04 1.447050029558e-04 3.214640663729e-05
-5.307514463140e-05 2.643620651217e-04 5.795572292708e-05
1.946924855369e-03 2.643620651217e-04 5.795572292708e-05
8.786671130563e-04 1.079436106801e-04 4.748466265925e-05
2.628701210046e-04 2.449946706638e-04 6.205006882904e-05
8.560069807251e-04 1.977737380089e-04 4.515972294048e-05
1.462097274016e-03 1.481516517273e-04 5.250945433011e-05
7.783208828794e-04 2.102112356253e-04 3.351574959771e-05
1.305008951541e-03 1.577944520517e-04 5.629561679131e-05
9.605382949019e-04 1.721691897948e-04 5.370715481323e-05
3.479436655009e-04 2.929299737176e-04 3.362351843740e-05
1.011701931098e-03 3.171111498065e-04 1.000000000000e-04
1.392347733515e-03 2.568027805377e-04 7.572993381712e-05
5.729604947014e-04 3.035068056788e-05 2.478498424384e-05
5.568498755241e-05 3.789100527165e-04 1.000000000000e-04
2.055684987552e-03 3.789100527165e-04 1.000000000000e-04
6.220154799206e-04 1.281779834220e-04 2.627812572355e-05
1.695360163585e-04 4.031855907248e-04 1.641030394760e-05
6.443622370345e-04 1.667686261705e-04 1.593489744195e-05
1.217227190805e-03 2.303617375930e-04 5.759757465062e-05
6.663060627814e-04 2.828687237667e-04 1.000000000000e-04
1.922978938154e-03 3.912175110475e-04 3.317315556447e-05
1.938146648317e-03 4.819693822676e-04 5.632174997617e-05
2.030023733257e-04 3.395286736606e-04 4.984643767316e-05
8.193249355119e-04 2.874442000583e-04 5.172364784804e-05
5.402667590103e-04 2.812132362651e-04 2.605018740194e-05
1.844104978719e-03 4.792939072493e-04 3.775797323689e-05
8.787341938215e-04 3.688946241633e-04 4.263610904496e-05
3.000766121570e-04 3.213712006488e-04 2.205556744751e-05
9.323527504386e-04 4.407362995737e-04 4.689952391421e-05
7.711672916926e-04 3.598732998478e-04 2.988617845806e-05
1.750294924450e-03 4.793355030908e-04 5.605209252042e-05
1.676103536692e-03 1.773386297229e-04 2.536009073889e-05
1.630932265236e-04 4.540496056538e-04 3.108197422904e-05
4.357594304652e-05 5.417131427343e-04 6.325280908809e-05
2.043575943047e-03 5.417131427343e-04 6.325280908809e-05
1.007723891421e-03 4.456635822633e-04 2.861396766601e-05
5.298840489546e-04 3.841476330737e-04 6.990705295014e-05
1.529673817684e-03 2.308944529782e-04 5.432205595984e-05
3.403035259522e-04 3.549692549880e-04 2.888447747087e-05
1.488334538814e-03 3.090155262327e-04 3.353875807443e-05
1.434266963328e-03 3.766270925331e-04 5.121533269426e-05
1.148162837512e-03 3.119213214691e-04 3.655955952475e-05
1.873816784329e-03 5.439179868627e-04 3.298649122689e-05
1.079841461839e-03 4.683629505961e-04 4.699162264031e-05
9.851081492808e-04 5.481562975900e-04 7.277582058424e-05
-5.841885208980e-05 6.153204435855e-04 6.252864424583e-05
1.941581147910e-03 6.153204435855e-04 6.252864424583e-05
1.284145808759e-03 3.090845889235e-04 4.365429498784e-05
1.316169104943e-03 4.260182321679e-04 7.679480024128e-05
4.623544651355e-05 6.520638069546e-04 4.712990565556e-05
2.046235446514e-03 6.520638069546e-04 4.712990565556e-05
1.809612930216e-03 5.283592478194e-04 2.040852451601e-05
2.771175009824e-04 4.153541049118e-04 5.618444716087e-05
8.683329355329e-04 5.708700041029e-04 4.617646713948e-05
4.139912547405e-04 3.716194661953e-04 4.666096603655e-05
1.808663675760e-03 6.123136844095e-04 6.147460930194e-05
4.475831025668e-04 4.406223572529e-04 2.978284240038e-05
1.504325125531e-03 3.807560042144e-04 1.896442115722e-05
1.560160611819e-03 3.806624564235e-04 3.687115772642e-05
5.051926472372e-04 5.204037928292e-04 6.856826910986e-05
1.875248890526e-03 7.118841422621e-04 5.462303961904e-05
1.206952943467e-03 4.524413924059e-04 3.557225938049e-05
6.435864762231e-04 5.202863830550e-04 6.975861391468e-05
-1.633732008184e-05 7.305625098016e-04 5.325633935716e-05
1.983662679918e-03 7.305625098016e-04 5.325633935716e-05
7.255033437319e-04 3.993969930217e-04 3.050685479474e-05
1.777570695285e-03 7.136133034080e-04 4.307046056114e-05
1.166211226662e-03 5.420272813150e-04 6.284278010441e-05
3.846541376990e-04 4.468854594948e-04 3.345702689918e-05
9.235680140090e-04 6.919025940462e-04 8.358973186944e-05
7.909501803911e-04 5.708700041564e-04 3.120628800229e-05
1.084907046557e-03 6.169026891684e-04 4.768638787198e-05
1.317113978233e-03 6.032329219887e-04 1.000000000000e-04
5.713286582511e-04 6.754563160034e-04 1.000000000000e-04
1.817863169335e-03 7.853388894580e-04 3.859027014690e-05
2.219500224701e-04 4.962959414446e-04 4.136715114588e-05
3.820382884577e-04 6.978881524723e-04 9.059191308496e-05
1.073224740060e-03 7.402742544551e-04 7.369012438407e-05
1.216345100721e-03 7.402742337358e-04 6.943023627618e-05
1.169360913673e-04 4.864979100910e-04 2.380163797645e-05
1.912545422094e-03 8.058749783876e-04 4.649722929362e-05
1.654783126580e-04 4.983818257995e-04 1.331435984722e-05
1.644903041497e-03 4.789740330570e-04 4.934041183624e-05
4.830611224491e-04 8.157731857505e-04 6.465786649182e-05
1.853407555653e-03 8.312265139512e-04 1.778385018898e-05
6.160741910796e-04 8.430827224875e-04 7.112978840842e-05
1.511779928551e-03 4.376220293459e-04 3.744713535374e-05
9.800043855489e-04 7.999327076615e-04 3.698556944714e-05
1.266547873072e-04 6.509893849781e-04 3.329661385109e-05
3.756355728289e-04 8.362869746597e-04 4.470878403114e-05
1.533936898747e-03 5.789193856368e-04 1.000000000000e-04
4.235217820234e-04 9.083609396075e-04 4.182297577022e-05
2.924232471658e-04 8.362869747133e-04 3.850354163195e-05
1.439366929625e-03 6.942250891296e-04 4.912707499927e-05
5.392833385452e-04 9.960159414027e-04 1.000000000000e-04
3.215712828613e-04 9.299201882116e-04 5.956167470354e-05
7.848884627735e-04 8.122070898767e-04 1.000000000000e-04
1.877598987509e-03 8.720428588368e-04 2.833218819745e-05
1.144339969093e-03 8.450092766836e-04 5.290687669258e-05
1.629735700829e-04 5.494210062277e-04 3.753154162103e-05
2.090508911713e-04 6.509444696338e-04 4.909950329181e-05
1.663870211724e-03 5.895877102488e-04 3.017357684388e-05
1.735203535577e-03 7.902673773732e-04 4.421616147578e-05
1.537325669679e-03 7.428517051815e-04 6.015748148810e-05
4.009511359341e-04 9.813307291598e-04 3.455780880409e-05
1.045336986156e-03 8.795091767856e-04 5.193501046890e-05
6.767801893288e-04 1.027665207076e-03 4.109238105970e-05
9.151204431613e-05 7.436684540930e-04 5.500129171670e-05
1.791132137268e-03 8.786911012472e-04 5.838986975029e-05
3.825068134938e-04 1.120197748415e-03 1.000000000000e-04
1.129401903795e-03 9.535878024208e-04 5.669441000660e-05
8.169070525129e-04 1.044143137993e-03 1.000000000000e-04
1.005647072867e-03 1.029872374669e-03 8.865255009351e-05
1.617936427695e-03 7.601228146548e-04 2.228271216927e-05
1.128968685924e-03 1.042059054761e-03 3.177790299788e-05
1.947476892775e-03 8.887747656167e-04 4.346155292307e-05
2.602861331460e-04 7.106339223967e-04 2.956358110358e-05
5.436205957569e-04 1.166885100638e-03 6.774104027048e-05
4.667089727138e-04 1.209589713847e-03 2.023101071560e-05
9.247074763043e-04 1.137416571504e-03 4.255127066626e-05
1.684156984686e-03 8.824410381794e-04 4.865098840841e-05
8.624927114194e-04 1.157364719109e-03 2.205399923095e-05
1.329553270086e-03 7.479824074099e-04 4.404004861180e-05
1.538864779490e-03 9.080483581355e-04 9.888056667806e-05
1.108383694617e-03 1.120032404561e-03 4.803558293307e-05
1.411251907613e-03 9.080478019662e-04 2.873230522402e-05
8.881561448371e-04 1.178760071098e-03 1.135816773761e-05
1.427207153991e-03 9.673138755843e-04 2.753077338379e-05
1.410932201148e-03 7.838212002405e-04 4.487290885494e-05
1.246744408414e-03 8.570804224357e-04 5.020656448970e-05
1.463096395786e-03 1.020447502081e-03 3.658720859903e-05
9.203585204002e-04 1.224212124611e-03 4.434535244239e-05
1.324609942108e-03 9.362460627047e-04 6.083504904572e-05
6.998923146236e-04 1.096829439403e-03 2.832885583358e-05
1.932168179547e-04 1.153151140022e-03 9.211499864894e-05
1.256460676442e-03 1.081929248388e-03 1.000000000000e-04
2.552456581354e-05 9.111077939239e-04 3.771851526591e-05
2.025524565814e-03 9.111077939239e-04 3.771851526591e-05
6.652332171795e-04 1.176161745476e-03 5.422488051743e-05
2.973171716365e-04 1.223920168283e-03 3.355947268636e-05
1.386831404016e-03 1.092201810771e-03 3.077481022864e-05
1.730978196264e-03 9.435847239388e-04 2.835265742998e-05
3.589953620624e-04 1.256356554994e-03 3.612781709541e-05
1.875219794607e-03 9.654784306428e-04 6.191653080988e-05
1.652040757752e-03 9.425343140567e-04 1.942504955404e-05
1.682655585831e-03 9.981872592404e-04 4.409280625000e-05
8.317023231720e-04 1.249768750945e-03 4.792090605190e-05
1.775060414546e-03 1.005739953519e-03 4.603202953115e-05
1.460011385720e-03 1.104056362634e-03 4.335912344582e-05
4.925464686946e-04 1.297694383327e-03 7.158406988399e-05
6.283438623438e-05 1.168447784162e-03 3.916167852645e-05
9.047006648333e-04 1.311296612763e-03 4.412805162873e-05
7.495632770840e-04 1.218051431715e-03 3.993617734918e-05
3.723915952441e-04 1.354157927024e-03 6.117633890382e-05
1.163671101351e-03 1.189748578498e-03 4.094218936299e-05
1.041943358622e-03 1.132573370022e-03 1.957798208816e-05
1.981106779892e-03 9.338664714277e-04 1.213249423108e-05
1.235960919451e-03 1.219094008493e-03 3.707687896439e-05
1.533460092022e-03 1.104056362634e-03 3.008958285625e-05
1.967441396830e-03 9.747331624500e-04 3.075929248959e-05
1.090412003355e-03 1.200778448849e-03 3.314258888173e-05
4.536353281389e-04 1.397508866379e-03 3.090979917830e-05
1.047024314697e-03 1.334031363770e-03 1.000000000000e-04
1.245834440891e-03 1.355814782621e-03 1.000000000000e-04
1.372175512452e-03 1.159437247085e-03 3.803942560815e-05
1.450876365671e-03 1.197067089815e-03 4.919491030002e-05
1.136964574820e-03 1.449151854670e-03 4.289040368892e-05
2.418260901365e-04 1.271192290800e-03 3.554304314512e-05
1.832418060747e-03 1.036127284459e-03 1.884891598762e-05
9.091372970590e-04 1.423826807760e-03 6.454803126556e-05
1.428921857653e-03 1.402376029257e-03 8.830560063377e-05
8.083671186195e-05 1.302453952863e-03 9.458787181658e-05
2.080836711862e-03 1.302453952863e-03 9.458787181658e-05
1.027202746027e-03 1.540639591215e-03 1.000000000000e-04
2.092342052475e-04 1.335690690570e-03 3.672227489297e-05
1.730362122706e-04 1.414966628385e-03 5.042686396387e-05
1.901406332388e-03 1.100976444125e-03 7.583368607468e-05
5.499458355642e-05 1.482449088048e-03 8.554270445895e-05
2.054994583556e-03 1.482449088048e-03 8.554270445895e-05
1.722113952815e-03 1.118858987190e-03 7.886490243529e-05
6.964184248965e-04 1.243660455591e-03 1.905627937016e-05
1.601187136642e-03 1.131498782566e-03 4.272069526543e-05
8.645452466464e-04 1.589971412626e-03 6.997381078880e-05
5.483767942056e-04 1.426259453223e-03 6.809806167307e-05
1.908646360736e-04 1.519259354400e-03 5.522543846382e-05
4.418305690315e-04 1.479703074795e-03 5.038639508730e-05
1.207998810666e-03 1.481649205319e-03 3.028171760395e-05
1.184022284968e-03 1.572500062896e-03 5.967323772118e-05
1.872800263468e-03 1.517538968445e-03 1.000000000000e-04
5.124841434317e-04 1.521989432132e-03 3.195478918583e-05
4.597664564379e-04 1.566094304582e-03 3.677955174227e-05
9.521284459313e-04 1.643945968238e-03 2.751030552121e-05
1.749183901626e-03 1.550016952825e-03 2.665007551666e-05
1.539323367421e-03 1.155911425800e-03 2.209590913408e-05
2.731512985678e-04 1.404736391623e-03 5.020958981927e-05
7.676853809495e-04 1.278777964004e-03 2.236211703211e-05
1.317425282873e-03 1.484464694228e-03 4.722798830620e-05
8.980202727606e-04 1.724603246331e-03 6.868996467036e-05
5.970002664940e-06 1.646439073880e-03 8.259895636570e-05
2.005970002665e-03 1.646439073880e-03 8.259895636570e-05
6.920609559903e-04 1.426852782379e-03 7.558734144341e-05
1.765878792460e-03 1.630471705133e-03 5.551858408222e-05
1.643841762816e-03 1.196970946229e-03 3.171544792805e-05
5.906225052507e-04 1.533326001426e-03 4.700179204671e-05
4.012604675081e-04 1.574233403194e-03 2.228990540461e-05
7.974635603601e-04 1.426852564198e-03 2.981527139705e-05
1.113946553062e-03 1.649122524678e-03 3.889943438610e-05
1.334351166094e-03 1.630716363283e-03 1.000000000000e-04
1.566523849482e-03 1.222342742694e-03 4.965892016809e-05
5.318225533343e-04 1.614610257830e-03 4.920780299404e-05
1.663691463928e-03 1.307379470268e-03 7.946141494309e-05
1.869000818566e-03 1.679401052793e-03 5.828060642142e-05
1.467982433814e-03 1.630753926644e-03 3.363149799930e-05
1.783413194640e-03 1.349213697508e-03 4.735891218696e-05
3.098703504670e-04 1.588665844352e-03 7.023281526181e-05
1.763812383610e-03 1.726985306089e-03 4.101722104306e-05
6.766845249074e-04 1.652501381792e-03 1.000000000000e-04
1.852284610604e-03 1.836796448456e-03 1.000000000000e-04
4.506826038041e-04 1.634242805306e-03 3.197184317219e-05
1.564975319271e-03 1.402376029388e-03 4.774786098346e-05
1.193515117979e-03 1.712790391982e-03 6.300629902708e-05
4.877765854175e-04 1.691517717088e-03 3.626609324211e-05
9.959479352396e-04 1.719279451191e-03 2.938246775240e-05
5.557032083208e-04 1.751733186219e-03 5.450838784192e-05
4.613563380917e-04 1.764683432104e-03 4.072353673898e-05
3.644017009088e-04 1.786108205373e-03 5.857043028023e-05
1.657456930716e-03 1.635242766427e-03 5.300827036250e-05
1.077193314332e-03 1.772532505632e-03 6.776039206979e-05
9.350797014962e-06 1.827402131291e-03 4.115474044436e-05
2.009350797015e-03 1.827402131291e-03 4.115474044436e-05
1.711994902156e-03 1.846234119361e-03 4.060684461543e-05
1.744740456572e-03 1.923799227954e-03 3.833017166047e-05
1.815017508680e-03 -2.670839524909e-05 3.986985538519e-05
1.815017508680e-03 1.973291604751e-03 3.986985538519e-05
1.444529030567e-03 1.691017169534e-03 2.559999357484e-05
6.457215086790e-04 1.794168484305e-03 4.501156526044e-05
1.489876022831e-04 1.628285079928e-03 6.156623455788e-05
7.946620941522e-04 1.717889006972e-03 3.488622846375e-05
1.678151436654e-03 1.921052778957e-03 2.831547337308e-05
1.275967697504e-03 1.742404953278e-03 2.254309769783e-05
2.401120392651e-04 1.663517290777e-03 3.208513659573e-05
1.411747988744e-03 1.765663423645e-03 5.512073659373e-05
7.462960259044e-04 1.769636589717e-03 3.543285501848e-05
1.884182471916e-04 1.754480034920e-03 7.064549923300e-05
2.689449308868e-04 1.863539018537e-03 6.434253531839e-05
1.304746206393e-03 1.830173179409e-03 6.982283520302e-05
1.172116703132e-03 1.800298820316e-03 2.708069093413e-05
1.418579418935e-03 1.871034905345e-03 5.006606498597e-05
1.551157444897e-03 1.674183497329e-03 6.019941622647e-05
9.761494909462e-05 1.705244910311e-03 2.586765334510e-05
7.314872214242e-04 1.881882745224e-03 7.766607009313e-05
3.820650463855e-04 1.902115067785e-03 5.517433193709e-05
5.083354115709e-04 1.840212687930e-03 4.450317865222e-05
1.258841179708e-04 1.893687519246e-03 8.186078272155e-05
1.512442541795e-03 1.772115119849e-03 4.510706159915e-05
-1.396046898600e-05 1.928744843259e-03 6.231130308181e-05
1.986039531014e-03 1.928744843259e-03 6.231130308181e-05
1.627097725223e-03 1.706363049649e-03 2.227760023948e-05
3.101499719748e-04 1.949398436675e-03 3.089248810304e-05
9.683438763612e-04 1.807604839156e-03 3.860309860328e-05
1.147873807044e-03 1.854440112445e-03 3.224079001297e-05
1.345649649881e-03 -4.692526908325e-05 5.970317241354e-05
1.345649649881e-03 1.953074730917e-03 5.970317241354e-05
8.186970022272e-04 1.776385109641e-03 2.603882592294e-05
1.582175586669e-03 1.770745090727e-03 2.409273916649e-05
5.866626526896e-04 -6.906949828908e-05 7.523877922431e-05
5.866626526896e-04 1.930930501711e-03 7.523877922431e-05
2.211013336670e-04 -3.480918869347e-05 3.685962876793e-05
2.211013336670e-04 1.965190811307e-03 3.685962876793e-05
4.742187593526e-04 1.915230402207e-03 3.790804417443e-05
1.495536069756e-03 1.880102753403e-03 2.742298097460e-05
1.452608944352e-03 -3.719018740026e-05 4.419483187197e-05
1.452608944352e-03 1.962809812600e-03 4.419483187197e-05
1.076379016369e-03 1.886336573067e-03 4.604684083186e-05
4.970299710938e-04 1.972160248248e-03 2.342195657631e-05
9.927058263750e-04 1.877774764115e-03 2.560528810390e-05
1.211925159156e-03 1.915972019602e-03 5.657811575284e-05
1.007855978704e-03 -2.770559277833e-05 6.388171964720e-05
1.007855978704e-03 1.972294407222e-03 6.388171964720e-05
8.606300185513e-04 -2.175791009029e-05 8.346538444628e-05
8.606300185513e-04 1.978242089910e-03 8.346538444628e-05
1.258966711366e-03 -3.041980686715e-06 3.707916031680e-05
1.258966711366e-03 1.996958019313e-03 3.707916031680e-05
1.767578125000e-03 2.988281250000e-04 5.944369481781e-05
1.582031250000e-04 9.589843750000e-04 2.837991274875e-05
1.849609375000e-03 1.386718750000e-04 3.964629389197e-05
1.896484375000e-03 1.267578125000e-03 6.745843635632e-05
6.835937500000e-05 1.029296875000e-03 5.014945455696e-05
1.654296875000e-03 1.494140625000e-03 5.009361248968e-05
1.738281250000e-04 8.496093750000e-04 2.629671682693e-05
1.529296875000e-03 1.537109375000e-03 3.412906343740e-05
3.300781250000e-04 5.410156250000e-04 6.423130210047e-05
8.105468750000e-04 4.628906250000e-04 2.065044623984e-05
1.595703125000e-03 1.865234375000e-03 4.173649813054e-05
1.634765625000e-03 3.027343750000e-04 3.952468057082e-05
6.308593750000e-04 1.298828125000e-03 3.583388834891e-05
7.363281250000e-04 6.503906250000e-04 3.179613501516e-05
1.669921875000e-03 6.894531250000e-04 6.001717706939e-05
9.277343750000e-04 8.964843750000e-04 1.495987286304e-05
4.589843750000e-04 2.714843750000e-04 2.076126083602e-05
2.324218750000e-04 1.005859375000e-03 5.127604169353e-05
-4.882812500000e-05 1.380859375000e-03 5.767509007904e-05
1.951171875000e-03 1.380859375000e-03 5.767509007904e-05
2.011718750000e-04 7.714843750000e-04 5.687585851000e-05
1.552734375000e-03 -4.492187500000e-05 5.687585851000e-05
1.552734375000e-03 1.955078125000e-03 5.687585851000e-05
1.689453125000e-03 3.847656250000e-04 5.592898852842e-05
1.365234375000e-03 1.255859375000e-03 4.692629936835e-05
1.816406250000e-04 1.621093750000e-04 3.977962074868e-05
