# 2D packing, generated 2026-09-30T17:08:59.245598+00:00
# generator = preprocess/generate_packing_gravity.py
# periodic axes = xy
# porosity_achieved = 0.324732  (target 0.325000)
# 166 distinct grains; 188 rows including 22 periodic edge images.
# Centres span [-R, L+R]: a grain need only be PARTLY inside.
# Do NOT drop the out-of-box rows -- they carry the conduction
# paths that cross the domain edge, and k_eff depends on them.
# header row is 'Lx Ly'; grain rows are 'x y r', all in metres
1.500000000000e-03 1.500000000000e-03
2.373699416067e-04 6.320579502385e-05 7.733898374266e-05
2.373699416067e-04 1.563205795024e-03 7.733898374266e-05
5.003238359281e-04 3.486018834079e-05 2.973985797466e-05
6.866965725231e-04 3.661498314260e-05 3.916007310758e-05
6.866965725231e-04 1.536614983143e-03 3.916007310758e-05
3.424648732338e-04 6.540641816628e-05 2.777898521607e-05
7.768038215573e-04 2.121586930535e-05 5.225367224925e-05
7.768038215573e-04 1.521215869305e-03 5.225367224925e-05
4.118333628045e-04 4.919557108294e-05 4.340991834939e-05
1.428515739049e-03 4.222468671814e-05 2.993294400693e-05
3.861150996236e-04 1.509753059194e-04 6.156926506094e-05
1.317112451623e-04 1.302881251363e-04 4.781611663664e-05
2.714190333117e-04 2.039283795362e-04 6.476049079592e-05
5.483711820496e-04 5.651624605057e-05 2.141195918716e-05
5.138045983838e-04 8.889461980191e-05 2.595081897805e-05
3.665289085755e-04 2.449370568482e-04 3.441273823192e-05
4.841163988081e-04 1.440386956675e-04 3.667730697992e-05
6.037555001558e-04 8.267136596322e-05 3.983767511608e-05
3.174642420551e-04 3.183332413371e-04 5.387364927430e-05
5.582831539280e-04 1.578412057882e-04 3.832851211060e-05
1.691874178894e-04 2.069501633286e-04 3.751577442102e-05
5.103742202369e-04 2.014580175097e-04 2.646113126300e-05
4.501080340188e-04 2.471981423660e-04 4.919723849457e-05
2.125124770607e-04 3.386248859042e-04 5.302301080481e-05
7.067700470190e-04 9.066286936547e-05 1.849528641999e-05
9.393180562437e-04 2.776807046115e-05 9.046161459407e-05
9.393180562437e-04 1.527768070461e-03 9.046161459407e-05
1.194907800672e-03 5.972875061026e-05 3.909634388176e-05
1.113293455113e-03 7.830755906160e-05 4.460431622087e-05
1.187572806344e-03 2.023759506567e-04 1.000000000000e-04
-3.268210631020e-05 1.026287811978e-04 4.186033250997e-05
1.467317893690e-03 1.026287811978e-04 4.186033250997e-05
5.501017636751e-04 2.720071830289e-04 5.382827170018e-05
4.488961921280e-04 3.968075574124e-04 9.920412492976e-05
1.368123145380e-03 1.208132256924e-04 5.684150554743e-05
1.322922362414e-03 2.006303521172e-04 3.488572296974e-05
5.929351564500e-04 3.957062288676e-04 4.483965410274e-05
2.747661709338e-04 3.798505233276e-04 2.100844599143e-05
5.876794841012e-05 2.307996345036e-04 7.544995743980e-05
1.558767948410e-03 2.307996345036e-04 7.544995743980e-05
7.427889718188e-04 9.379404663385e-05 1.765952520342e-05
1.309390797552e-03 2.818571033810e-04 4.545420690284e-05
7.074366772717e-04 3.956429917311e-04 6.966239406138e-05
1.046731178693e-03 7.833076740164e-05 2.195798333761e-05
1.443188245116e-03 1.766152868989e-04 3.596171673563e-05
1.227306387519e-03 3.744355226966e-04 7.656889512861e-05
6.338893560695e-04 4.518254424748e-04 2.264702464265e-05
1.437891069738e-03 2.615819806209e-04 4.917024062506e-05
8.328554374891e-04 4.078615935633e-04 5.635051089110e-05
1.377833228958e-03 3.123643007262e-04 2.947968414655e-05
9.300951698180e-04 4.077926249253e-04 4.088943806088e-05
-2.862653836059e-06 3.542862299299e-04 6.084920976793e-05
1.497137346164e-03 3.542862299299e-04 6.084920976793e-05
7.762505926169e-04 5.264163231659e-04 7.493821911282e-05
3.221600130926e-04 3.998751278302e-04 2.722682157530e-05
5.690987884894e-04 5.120468382679e-04 6.580880710156e-05
6.559209654057e-04 6.533972523884e-04 1.000000000000e-04
8.386840651181e-04 6.747046460840e-04 8.398827307168e-05
1.091811292169e-04 3.523179200528e-04 5.121294826836e-05
4.364171315680e-04 5.797903188785e-04 8.316636290829e-05
7.459519070909e-04 7.321789415073e-04 1.963333983589e-05
5.024845761799e-04 7.155717589906e-04 6.555484006863e-05
7.731701812541e-04 8.299585301866e-04 8.186395064686e-05
1.410167474635e-03 3.576772771098e-04 2.618711750543e-05
6.789411464298e-04 8.426842356361e-04 1.311566647263e-05
1.052592419886e-03 1.381508987801e-04 3.814793280213e-05
2.376826825716e-04 4.411297077319e-04 5.061783101620e-05
9.927629392245e-04 6.747046461912e-04 7.009060103467e-05
9.254379681466e-04 7.668534717098e-04 4.257256508488e-05
3.772109834128e-04 7.155660385951e-04 5.971877914985e-05
4.350483489719e-04 7.726761595866e-04 2.156002078377e-05
6.438595790676e-04 9.360397029189e-04 8.538804522138e-05
2.930600929796e-04 5.425611039008e-04 6.494594246538e-05
8.926943236984e-04 8.392641754084e-04 3.689727989978e-05
1.065345185836e-03 2.023903124689e-04 2.222767745195e-05
7.765648240565e-04 9.589609747103e-04 4.718327706508e-05
9.984111747104e-04 7.770971222888e-04 3.111611283368e-05
2.123204167895e-04 5.623772158785e-04 1.808953788642e-05
2.250006368499e-04 6.127918343540e-04 3.285203857321e-05
7.257174404304e-04 1.011809648835e-03 2.615477953844e-05
1.101420665866e-03 7.770971222888e-04 7.189337832151e-05
1.425530549646e-03 4.250951856199e-04 3.985593959079e-05
9.654768949535e-04 8.256336246777e-04 2.753931187078e-05
1.345380444824e-03 3.815303371939e-04 4.171812614225e-05
6.766783037793e-05 4.422309252612e-04 4.782108234778e-05
-2.182839691505e-05 5.300761122057e-04 7.758381507824e-05
1.478171603085e-03 5.300761122057e-04 7.758381507824e-05
1.532209128026e-04 4.271538383110e-04 3.499242239373e-05
7.862194395023e-04 1.049725749511e-03 4.318987373950e-05
1.306191131791e-03 4.408952638785e-04 2.658002671178e-05
1.008631344996e-04 6.572364647214e-04 9.900183770963e-05
2.467079265190e-04 7.602085481325e-04 7.820876524871e-05
1.362685649308e-03 4.492655177712e-04 2.747692477701e-05
4.781210301910e-04 8.343879534865e-04 5.369688171531e-05
1.311284722379e-04 7.974991410523e-04 4.323752904531e-05
1.352264775952e-03 5.299739721520e-04 4.824687192902e-05
6.617772783808e-04 1.120559833437e-03 1.000000000000e-04
1.381939152806e-03 6.572365696619e-04 8.188564579525e-05
8.391642196887e-04 1.164650261545e-03 8.278432546170e-05
3.632153874784e-04 8.240078602168e-04 4.962111168546e-05
7.299168434565e-04 1.258205137788e-03 5.220800198172e-05
1.221529501585e-03 7.770971223960e-04 4.821545739788e-05
2.785932504088e-04 8.997931008021e-04 6.397602196146e-05
1.307887460922e-03 7.536084084218e-04 3.965118572092e-05
4.118029644452e-04 8.979747540556e-04 3.818003078659e-05
4.528663288078e-04 1.118945792916e-03 1.000000000000e-04
5.564063269361e-04 1.238275809374e-03 5.798810080782e-05
-1.722803232406e-05 7.005357732502e-04 2.677715028178e-05
1.482771967676e-03 7.005357732502e-04 2.677715028178e-05
8.379991657096e-04 1.319426769901e-03 7.199657544626e-05
7.340235407056e-04 1.353849247536e-03 3.752893804102e-05
5.873156170851e-06 7.760634463341e-04 5.220445714533e-05
1.505873156171e-03 7.760634463341e-04 5.220445714533e-05
1.183047021039e-03 9.089336163764e-04 8.316700679420e-05
7.793261124632e-04 1.396075877325e-03 2.346928730832e-05
8.185957152383e-04 1.412943825117e-03 1.926979743632e-05
1.345534082888e-03 9.089336163764e-04 7.932005505412e-05
1.266407091537e-03 9.929839062997e-04 3.521100041009e-05
1.011222954338e-03 9.351897408318e-04 9.065155944463e-05
4.228238599148e-04 1.299281103090e-03 8.146170986663e-05
6.748518017226e-05 8.391955512862e-04 3.284834667584e-05
5.416025224646e-04 1.338945747047e-03 4.376508419032e-05
1.816991995435e-04 8.422659209278e-04 2.429978818869e-05
5.900404549761e-04 -4.157329924930e-05 8.516175571409e-05
5.900404549761e-04 1.458426700751e-03 8.516175571409e-05
9.578388825514e-04 1.316807351360e-03 4.371490490814e-05
1.315709428352e-04 8.780807252424e-04 3.730818474259e-05
-1.460052045909e-06 9.236236886839e-04 7.438938827698e-05
1.498539947954e-03 9.236236886839e-04 7.438938827698e-05
1.419724919490e-03 9.778826927251e-04 2.129680838377e-05
1.320363222257e-03 1.002084372734e-03 1.717157999708e-05
1.201302869462e-03 1.033592892119e-03 4.152001979269e-05
9.232974161780e-04 1.395787255176e-03 4.248799216137e-05
9.928125319713e-04 1.403366188862e-03 2.742993918115e-05
9.858580774283e-05 9.343060824223e-04 2.622516135104e-05
7.541639249558e-05 9.753433149684e-04 1.826538746800e-05
4.552422564708e-04 -3.336228040224e-05 4.986478174662e-05
4.552422564708e-04 1.466637719598e-03 4.986478174662e-05
1.115221502026e-03 9.972565447253e-04 2.819385123775e-05
1.825215047451e-04 9.354172686384e-04 3.848793096296e-05
3.585332466254e-04 9.262763966312e-04 2.023661328195e-05
1.302538779224e-03 1.031547074875e-03 1.726330909664e-05
1.273491222224e-03 1.090899372059e-03 4.881585364527e-05
1.094019783047e-03 1.125887287244e-03 1.000000000000e-04
-8.290506347833e-05 1.094168047412e-03 9.465158259187e-05
1.417094936522e-03 1.094168047412e-03 9.465158259187e-05
2.366111159887e-04 1.005027687158e-03 4.932365930850e-05
1.302869422706e-04 9.987316146710e-04 4.138182366202e-05
1.739319172722e-04 1.065516409675e-03 3.778298511966e-05
2.529166348342e-04 1.105111583557e-03 5.057064184261e-05
1.300480716554e-03 1.198648087258e-03 6.192094587537e-05
1.748153158992e-04 1.138010475238e-03 3.416100193205e-05
2.283499223552e-04 1.204251334560e-03 5.100829850299e-05
2.707616248757e-04 1.319676981557e-03 7.196261029572e-05
1.603676892755e-04 1.337641208322e-03 3.988366382839e-05
2.002943971981e-04 1.408193678408e-03 4.117824029869e-05
1.190532776420e-03 1.274000660273e-03 7.137032170515e-05
5.525122288045e-05 1.031740444502e-03 4.059342889127e-05
2.748240467608e-04 1.432981855222e-03 3.735982496699e-05
3.633036777742e-04 1.423690442442e-03 5.160632284057e-05
3.565868713306e-05 1.094508964554e-03 2.391266022496e-05
2.733346993268e-05 1.148618769775e-03 2.830131663006e-05
1.527333469933e-03 1.148618769775e-03 2.830131663006e-05
1.058946130400e-03 1.289206447578e-03 6.109200928461e-05
-1.185846538597e-05 1.196805726475e-03 3.000054864700e-05
1.488141534614e-03 1.196805726475e-03 3.000054864700e-05
1.414194292834e-03 1.253097067318e-03 6.293442658183e-05
1.126944448303e-03 1.382824340380e-03 5.408071859652e-05
1.057470267372e-04 1.081672027415e-03 3.042057803242e-05
1.636418204241e-05 1.265631099540e-03 4.000141860584e-05
1.516364182042e-03 1.265631099540e-03 4.000141860584e-05
1.315376627491e-03 1.347209849705e-03 7.335556813810e-05
1.214946403951e-03 1.374646682906e-03 3.075500507486e-05
8.092055881829e-05 1.331543746023e-03 3.979728283388e-05
-2.730551203667e-05 -7.996690764276e-05 1.000000000000e-04
-2.730551203667e-05 1.420033092357e-03 1.000000000000e-04
1.472694487963e-03 -7.996690764276e-05 1.000000000000e-04
1.472694487963e-03 1.420033092357e-03 1.000000000000e-04
1.249054162182e-04 -2.031046373662e-05 6.272153886250e-05
1.249054162182e-04 1.479689536263e-03 6.272153886250e-05
1.314654259551e-03 -4.562824675959e-06 7.073340761035e-05
1.314654259551e-03 1.495437175324e-03 7.073340761035e-05
1.176269531250e-03 5.815429687500e-04 4.002966425262e-05
8.217773437500e-04 2.211914062500e-04 4.068411013097e-05
1.067871093750e-03 4.760742187500e-04 5.039658587137e-05
9.594726562500e-04 2.680664062500e-04 2.701612600187e-05
6.870117187500e-04 2.036132812500e-04 5.842215672700e-05
1.056152343750e-03 3.354492187500e-04 7.607287742664e-05
