# 2D packing, generated 2026-10-01T15:39:23.507631+00:00
# generator = preprocess/generate_packing_gravity.py
# periodic axes = xy
# porosity_achieved = 0.375043  (target 0.375000)
# 285 distinct grains; 311 rows including 26 periodic edge images.
# Centres span [-R, L+R]: a grain need only be PARTLY inside.
# Do NOT drop the out-of-box rows -- they carry the conduction
# paths that cross the domain edge, and k_eff depends on them.
# header row is 'Lx Ly'; grain rows are 'x y r', all in metres
2.000000000000e-03 2.000000000000e-03
4.811666514379e-04 4.854239853881e-05 6.520909766724e-05
4.811666514379e-04 2.048542398539e-03 6.520909766724e-05
1.305477798035e-03 7.710632892806e-05 8.633620038999e-05
1.305477798035e-03 2.077106328928e-03 8.633620038999e-05
6.740504362630e-04 1.393015458631e-05 1.490300428497e-05
6.740504362630e-04 2.013930154586e-03 1.490300428497e-05
1.394369301765e-03 1.409697204154e-04 2.311804670672e-05
9.846901857265e-04 2.527152551200e-05 3.036552779126e-05
9.846901857265e-04 2.025271525512e-03 3.036552779126e-05
1.790283047551e-03 1.573512048102e-05 3.648053503344e-05
1.790283047551e-03 2.015735120481e-03 3.648053503344e-05
5.791870776978e-04 7.129068109451e-05 3.541662928126e-05
1.066111217960e-03 8.671732475866e-05 6.648577373458e-05
9.124811837676e-04 1.172354591677e-04 8.655970530838e-05
1.023277782157e-03 1.930316242565e-04 4.768243026230e-05
7.266540805150e-04 1.337520107921e-04 1.000000000000e-04
1.493922542927e-03 1.471762162012e-04 7.662847411401e-05
1.597224442181e-03 1.477742158693e-04 2.667515599192e-05
5.135518369411e-04 1.770918891974e-04 6.735784970247e-05
1.072680388505e-03 2.321522883258e-04 1.533379909630e-05
2.672121511018e-04 5.991696611173e-05 1.000000000000e-04
2.672121511018e-04 2.059916966112e-03 1.000000000000e-04
6.582148634353e-05 3.907956407603e-05 3.919592682649e-05
6.582148634353e-05 2.039079564076e-03 3.919592682649e-05
1.168390813046e-04 1.318844361309e-04 6.670778519387e-05
6.316219695886e-04 6.279062001657e-05 1.770287321339e-05
1.381802059127e-03 2.209697929974e-04 5.759706318717e-05
1.038960283113e-03 3.000173039427e-04 6.044655526945e-05
1.586340639010e-03 2.123763752041e-04 3.647398040223e-05
4.022527907858e-04 1.952115003896e-04 4.355980238947e-05
1.514772969148e-03 3.105938192388e-04 8.505213893918e-05
6.222540046355e-04 3.043409526296e-04 1.000000000000e-04
1.611498867752e-03 3.698549995536e-04 2.838412930453e-05
1.402305839199e-03 3.016878968821e-04 2.568449114503e-05
1.262100493138e-03 2.209697929974e-04 6.210450280278e-05
-3.441851475612e-05 9.504657734013e-05 7.561037333581e-05
1.965581485244e-03 9.504657734013e-05 7.561037333581e-05
3.189581856884e-05 1.835710084527e-04 3.272498009763e-05
2.031895818569e-03 1.835710084527e-04 3.272498009763e-05
2.011807862290e-04 1.615644355468e-04 2.121210684668e-05
1.145918410378e-03 8.244123025504e-05 1.343589382712e-05
8.821895176056e-05 2.478562341011e-04 5.274365852581e-05
9.470476919140e-04 3.683137417655e-04 5.406251976662e-05
3.901429986746e-04 3.988921273178e-05 2.455166506418e-05
8.632652393338e-04 4.074528662049e-04 3.841110166308e-05
-1.469582960173e-05 1.943204157284e-04 1.509066051869e-05
1.985304170398e-03 1.943204157284e-04 1.509066051869e-05
1.561245535476e-03 4.773932597016e-04 8.810025856045e-05
1.678260327932e-03 5.003017983303e-04 3.113590539844e-05
1.163447088421e-03 2.279025781442e-04 3.679219973063e-05
9.312491333939e-04 5.012722066141e-04 7.745036086527e-05
1.873416660278e-03 5.772634870347e-05 2.382397138601e-05
1.297847878323e-03 3.790836579217e-04 1.000000000000e-04
4.575439485757e-04 2.754563124038e-04 4.583459364629e-05
3.717478216363e-04 3.071050328170e-04 4.561297025923e-05
1.404431694274e-03 5.812736066294e-04 1.000000000000e-04
1.734662915839e-03 5.117240323484e-04 2.641163453577e-05
3.061439821505e-04 3.105248779237e-04 2.008004379644e-05
1.308010138827e-03 6.530249322156e-04 2.018888916297e-05
7.947913410178e-04 4.121274785732e-04 3.022217628016e-05
1.143905700709e-03 4.167831499619e-04 5.849115353514e-05
1.077480895958e-03 5.224775710287e-04 6.634299776473e-05
2.153504611987e-04 2.531287475926e-04 7.144214857976e-05
1.001279280073e-03 5.973889798469e-04 4.051394133940e-05
4.780775852569e-04 3.747534763737e-04 5.556355766698e-05
3.416935008171e-04 4.495825709523e-04 1.000000000000e-04
1.067603618905e-03 6.173264254379e-04 2.874224725206e-05
2.350983301146e-04 5.070208610632e-04 2.108547423947e-05
6.889617008353e-04 4.916284560966e-04 9.881313892095e-05
1.210095211160e-03 4.887255120277e-04 3.926750210920e-05
1.656957577566e-03 6.022582898154e-04 6.922764979115e-05
8.235356383347e-04 4.702831981570e-04 3.461599699051e-05
1.734124171083e-03 6.555206266197e-04 2.453566753973e-05
5.393364453677e-04 5.640367698034e-04 6.741183098800e-05
8.089357105517e-04 5.358813692265e-04 2.906231070827e-05
1.233511878295e-03 7.006882403832e-04 6.825194850663e-05
1.376804129402e-04 3.009394818845e-04 1.976368653139e-05
8.953953684652e-04 6.570041368531e-04 8.099889618074e-05
7.563219526111e-04 6.959042567064e-04 6.341244105397e-05
4.185173878563e-04 5.843169345428e-04 5.509761873823e-05
8.769300690535e-05 3.432870420946e-04 4.268887667419e-05
2.615743506700e-04 5.577432552579e-04 3.460247833484e-05
1.322226129235e-03 7.451495642362e-04 3.098024202900e-05
1.141415428497e-03 7.667014241448e-04 4.505955353903e-05
1.816790111578e-03 1.110504597800e-04 5.395798551651e-05
6.411438615218e-04 6.959042566394e-04 5.176564992785e-05
1.913950532182e-04 5.895317635153e-04 4.244067721586e-05
8.344916152944e-04 7.707392606967e-04 4.480388851902e-05
1.383061661606e-04 3.770468471353e-04 1.815040170350e-05
1.056437413850e-04 4.157617301149e-04 3.197597245637e-05
4.794542935413e-04 6.186680782169e-04 1.364650912941e-05
6.886842524575e-04 7.729710856499e-04 3.878480509079e-05
3.180883410365e-04 6.250337204974e-04 5.327154133574e-05
1.804341454300e-03 6.790311255093e-04 4.951303549051e-05
1.896760506638e-03 2.328467761794e-04 7.841985491793e-05
3.022834842439e-06 2.642095722772e-04 3.237415883444e-05
2.003022834842e-03 2.642095722772e-04 3.237415883444e-05
7.581540823431e-04 8.140360824717e-04 4.191458294067e-05
5.051192643952e-04 6.436789818021e-04 1.926977809113e-05
6.930135787521e-04 8.400990020902e-04 2.824638002811e-05
1.697598190908e-03 6.858732622365e-04 2.295569711331e-05
7.329921195292e-04 8.839364320686e-04 3.108324149251e-05
2.159244970105e-04 7.161843707590e-04 8.364417048366e-05
3.917742028205e-04 6.633595056326e-04 2.824069585121e-05
1.385759578893e-03 7.523320578253e-04 3.295791121080e-05
6.167697524320e-04 7.788589032164e-04 3.337031745839e-05
1.632254690547e-03 7.216688225447e-04 5.154997500139e-05
1.529943837569e-03 6.188640537573e-04 3.102037944457e-05
2.627445377871e-05 3.160926636900e-04 2.448087579691e-05
8.299151496484e-04 8.573841705287e-04 4.192280441835e-05
1.003500500645e-03 6.948181009903e-04 3.352889733393e-05
1.507732170194e-03 7.800351747195e-04 8.597271091374e-05
1.367882668359e-03 8.579410975362e-04 7.411231641028e-05
3.322602467711e-04 7.271813310770e-04 3.252878183962e-05
7.863643390196e-04 9.161008369117e-04 3.118205161530e-05
1.026570826420e-03 8.017957264436e-04 7.502746774091e-05
4.917072846589e-05 4.293120023475e-04 2.500877477436e-05
6.660696895198e-04 9.030416486741e-04 3.851288584161e-05
8.726796092018e-05 4.918840860313e-04 4.633304310361e-05
7.259093484551e-04 1.013802093229e-03 8.371068692909e-05
5.467247671365e-04 7.991342019443e-04 3.955010289291e-05
1.211216844853e-03 8.021514563438e-04 3.322800938280e-05
8.406550886096e-04 1.065037750289e-03 4.195425423546e-05
1.736042644766e-03 7.250523556896e-04 3.193489767530e-05
1.162826896832e-03 8.334855268105e-04 2.442102392606e-05
1.267088488867e-03 9.117171976180e-04 4.013012561277e-05
4.574545196716e-04 8.562568175740e-04 6.643183094477e-05
6.240898598715e-04 1.072232015625e-03 3.368294188670e-05
1.113677974694e-03 8.519404675775e-04 2.548198626081e-05
1.210504716561e-03 9.482815734913e-04 2.723957730611e-05
1.463872838351e-03 8.810305907796e-04 2.413503202415e-05
2.934667215282e-04 8.846743545816e-04 1.000000000000e-04
1.269954163532e-03 1.011911329432e-03 5.984074530529e-05
1.441780565427e-03 9.354867773177e-04 3.300552357882e-05
2.547544432633e-05 5.394697026583e-04 3.165873135652e-05
2.025475444326e-03 5.394697026583e-04 3.165873135652e-05
1.075163000413e-03 8.934294055347e-04 2.869297632422e-05
1.157927154131e-03 8.941303459016e-04 3.565700059553e-05
1.792998402786e-03 3.028877061269e-04 4.676936971711e-05
5.596697216582e-04 1.092455724550e-03 3.383707447963e-05
1.795298111119e-03 7.780641989516e-04 4.757274861584e-05
1.110819203691e-03 9.354509878958e-04 2.641762353040e-05
1.900072815328e-03 7.780641989516e-04 5.720195559265e-05
9.248617132474e-04 1.125322980492e-03 6.160763360724e-05
1.695953115827e-03 7.971855737889e-04 4.724409922170e-05
1.055795161201e-03 9.491373810247e-04 3.028301675541e-05
4.415913165061e-04 1.092455724657e-03 8.424133067253e-05
5.361019448876e-04 1.147391904239e-03 2.507583496979e-05
9.080078682832e-05 7.316600540930e-04 4.243298297116e-05
1.494763238814e-03 9.430518393151e-04 2.051450857933e-05
5.038823729395e-04 1.172394180282e-03 1.570669344478e-05
5.964533869293e-04 1.152557258725e-03 3.547236250789e-05
1.623419979903e-03 9.222942263262e-04 9.736997598046e-05
1.953906755896e-03 5.672718306833e-04 4.512043857168e-05
1.374305601545e-03 9.798161807945e-04 4.772840214958e-05
2.928036845577e-05 8.392541418011e-04 8.150753665831e-05
2.029280368456e-03 8.392541418011e-04 8.150753665831e-05
3.203653940474e-04 1.108715346850e-03 3.807015525507e-05
1.358684389882e-03 1.081875065811e-03 5.315473016306e-05
1.140731862326e-03 1.031005403083e-03 7.078462274236e-05
3.559403357780e-04 1.162271449542e-03 2.622473268074e-05
1.228775599209e-03 1.128585459853e-03 6.064432035444e-05
5.483229735095e-04 1.216933151175e-03 4.490669731560e-05
1.041243129878e-03 1.073641468752e-03 3.745512032751e-05
1.013229147780e-03 1.132608635029e-03 2.705963345288e-05
1.840819090488e-03 8.638627547298e-04 4.706882689725e-05
1.150504861318e-03 1.136844823883e-03 1.806098762457e-05
1.094241521959e-03 1.170518582390e-03 4.750947346821e-05
1.163777831596e-03 1.180164177387e-03 2.233202505203e-05
1.759355056062e-03 8.638627547298e-04 3.439520752822e-05
8.327152454789e-04 1.155753586094e-03 3.543356011742e-05
1.147330716267e-03 1.246986385145e-03 4.558073767351e-05
6.549991043375e-04 1.171183284006e-03 2.596484106154e-05
7.040141994076e-04 1.200739968065e-03 3.098778745412e-05
1.056874293265e-03 1.256000656866e-03 4.532372622632e-05
6.379427467816e-04 1.242692254332e-03 4.727736844060e-05
7.192545059943e-04 1.286668682403e-03 4.516250777424e-05
1.520885342532e-03 9.681353812768e-04 1.494548754956e-05
1.106746735248e-03 1.312987135547e-03 3.040420271586e-05
8.784986391639e-04 1.198779165643e-03 2.525631619611e-05
8.346058233565e-04 1.223197728456e-03 2.497161915211e-05
1.428941862324e-04 9.204696208778e-04 5.476882592039e-05
1.785698415856e-03 9.620174490642e-04 6.550396196263e-05
1.046299448358e-03 1.335894509679e-03 3.423806118300e-05
4.647106697280e-04 1.217032365439e-03 3.870566840425e-05
1.097438356220e-03 1.373550768195e-03 2.926927463472e-05
5.633250227064e-04 1.323504910268e-03 6.271581105917e-05
4.576183441193e-04 1.323545464721e-03 4.239097950845e-05
1.521702306989e-03 1.052299889073e-03 6.769957702505e-05
1.310367150863e-03 1.141082018024e-03 2.189867006557e-05
1.907003598419e-03 9.620174490642e-04 5.580122059991e-05
1.154280385751e-03 1.312987135547e-03 1.712944778705e-05
2.064561610721e-04 1.014050901684e-03 5.591383855083e-05
4.411834218501e-05 1.039619619228e-03 1.000000000000e-04
2.044118342185e-03 1.039619619228e-03 1.000000000000e-04
1.363244049218e-03 1.177584823237e-03 4.235412106503e-05
3.000501769490e-04 1.176058737271e-03 3.134087473263e-05
4.886399158609e-04 1.422369913001e-03 6.118806657016e-05
9.932709655361e-04 1.189626264687e-03 3.227920336640e-05
2.722948406560e-04 1.062774427835e-03 2.599289945024e-05
1.282056818491e-03 1.226102442978e-03 5.047926096758e-05
1.853945649374e-03 1.045382109458e-03 4.223345718826e-05
1.584882389701e-04 1.114370376740e-03 3.663143507726e-05
1.918836500326e-03 1.099080108485e-03 3.867620447205e-05
1.710120234650e-03 9.993091767138e-04 1.859655693485e-05
1.074533411395e-04 1.151325240321e-03 2.637816340730e-05
1.678713779550e-03 1.060155656900e-03 4.987723055314e-05
6.354517539691e-04 1.494997963667e-03 1.000000000000e-04
1.818214506782e-03 1.167584908522e-03 8.261445973845e-05
1.369196705640e-03 1.283050877197e-03 5.361917366243e-05
2.282613938561e-04 1.097565993290e-03 3.012659327647e-05
3.581223333365e-04 1.256550941916e-03 6.791319498778e-05
7.706436646691e-04 1.543759151468e-03 4.371684716288e-05
7.205894426268e-04 1.615014407050e-03 4.332785548122e-05
1.290398984988e-03 1.304318250810e-03 2.799811592976e-05
2.153921437375e-04 1.177307665669e-03 4.821640949615e-05
1.429705176628e-04 1.161361249347e-03 1.052971209597e-05
2.547344162121e-04 1.249423159433e-03 3.393259452393e-05
4.903368499047e-04 1.533743394606e-03 5.019847127366e-05
4.184260326437e-04 1.537369639081e-03 1.890309993107e-05
-1.844377264417e-05 1.222467579774e-03 8.970103455693e-05
1.981556227356e-03 1.222467579774e-03 8.970103455693e-05
1.607114395731e-03 1.091635321245e-03 2.633499708107e-05
6.144871820273e-04 1.669899520107e-03 7.612954493389e-05
8.571571830144e-04 1.658519421784e-03 1.000000000000e-04
9.935204550847e-04 1.363737776779e-03 2.543496164774e-05
9.782324927228e-04 1.743040496063e-03 4.765861368993e-05
7.309200522032e-04 1.686574693824e-03 2.611527077648e-05
1.426132574455e-04 1.322063303605e-03 9.966285906402e-05
1.647252384370e-03 1.153283349654e-03 4.722815632316e-05
2.674150164650e-04 1.344014626647e-03 2.655617919059e-05
1.702885026275e-03 1.225380331279e-03 4.383756502600e-05
1.066549498763e-03 1.796350147400e-03 5.550060337286e-05
1.218175978001e-03 1.349930738848e-03 5.667757446590e-05
1.634314410521e-03 1.231747048633e-03 2.502798829859e-05
4.129547663234e-04 1.627387916054e-03 7.128131915318e-05
1.332321773570e-03 1.404069627444e-03 6.965643482862e-05
4.971241199512e-04 1.714669724270e-03 4.604792395514e-05
1.172232579990e-03 1.827329571341e-03 5.462952297210e-05
-3.612925524773e-05 1.412740906226e-03 1.000000000000e-04
1.963870744752e-03 1.412740906226e-03 1.000000000000e-04
1.765313401917e-03 1.279781831402e-03 3.896838464490e-05
3.827318692175e-04 1.767622815553e-03 7.217366721669e-05
2.641697735063e-04 1.440727417635e-03 7.021112269640e-05
4.842847905308e-04 1.812245945763e-03 3.052966457258e-05
1.121247375306e-04 1.490033572727e-03 6.719282049014e-05
5.709783238776e-04 1.796361014465e-03 5.760730620511e-05
7.511313319472e-04 1.748619405600e-03 3.913842962696e-05
9.439029981749e-04 1.868906838915e-03 8.280537546039e-05
1.560209061954e-03 1.152682406525e-03 3.981516609351e-05
1.467774562043e-03 1.160961237535e-03 5.298933711948e-05
6.995058770783e-04 1.864822925779e-03 8.801686452151e-05
1.407925420879e-03 1.460140655553e-03 2.447045654520e-05
1.198319950508e-03 1.501176539911e-03 9.583145304465e-05
8.065130381610e-04 1.943528356087e-03 4.481795949414e-05
1.652891663128e-03 1.358883334198e-03 9.849322853131e-05
1.283505014363e-03 1.882106753932e-03 6.496589048410e-05
5.933499289395e-04 1.910500847290e-03 2.754941399210e-05
3.175272522812e-04 1.550123561339e-03 5.150390905186e-05
1.822217496322e-03 1.414614257285e-03 4.166568639577e-05
1.167977309208e-03 -3.701266598937e-05 7.606006477980e-05
1.167977309208e-03 1.962987334011e-03 7.606006477980e-05
4.361812682154e-04 1.883565486909e-03 5.549628766421e-05
1.039783670840e-03 -3.613938141579e-05 5.213655749831e-05
1.039783670840e-03 1.963860618584e-03 5.213655749831e-05
1.489386128723e-03 1.359048145059e-03 6.501238893688e-05
3.576514429568e-04 1.890109205700e-03 2.115341819048e-05
7.330781967416e-04 -8.823806804665e-06 4.272056726169e-05
7.330781967416e-04 1.991176193195e-03 4.272056726169e-05
2.127254948038e-04 1.548383933857e-03 4.910556522747e-05
3.111781484617e-04 1.905882696518e-03 1.669288567535e-05
5.095454514409e-04 1.928184984465e-03 2.494741230484e-05
3.457621188812e-04 1.947325160992e-03 3.728482986975e-05
9.555860227624e-04 1.977756657254e-03 2.069876025636e-05
4.145598223367e-04 -2.758623476411e-05 3.594547540255e-05
4.145598223367e-04 1.972413765236e-03 3.594547540255e-05
1.262312186090e-04 1.619066129756e-03 6.258992813109e-05
2.397219790545e-04 1.648581657133e-03 5.466559691305e-05
8.725033772520e-04 -4.021505350141e-06 3.947763086751e-05
8.725033772520e-04 1.995978494650e-03 3.947763086751e-05
1.637362337592e-04 1.706160723209e-03 3.157647806572e-05
5.718621839023e-04 -1.789008412625e-05 4.721417338539e-05
5.718621839023e-04 1.982109915874e-03 4.721417338539e-05
1.538012465341e-03 1.521238109387e-03 1.000000000000e-04
1.712023689944e-03 1.597188195610e-03 8.986397420860e-05
1.847195713671e-03 1.493546159459e-03 4.099768450385e-05
2.402195143609e-04 1.773714897587e-03 7.046897201964e-05
1.911797495609e-03 1.547866776611e-03 4.340681965003e-05
1.840177868120e-03 1.580057334772e-03 3.445009286546e-05
1.824469524059e-03 1.652476990268e-03 3.543935739143e-05
1.922101228589e-03 1.652963311112e-03 6.219360932646e-05
2.945787584850e-05 1.669153008429e-03 4.637697302769e-05
2.029457875849e-03 1.669153008429e-03 4.637697302769e-05
5.855800630126e-05 1.812608112801e-03 1.000000000000e-04
2.058558006301e-03 1.812608112801e-03 1.000000000000e-04
2.386612309127e-04 1.900219250590e-03 5.604539203276e-05
1.332673299527e-04 -4.030550092435e-05 6.497257200599e-05
1.332673299527e-04 1.959694499076e-03 6.497257200599e-05
1.839241074814e-03 1.763476649095e-03 7.593316034425e-05
1.560546875000e-03 1.861328125000e-03 2.031220527523e-05
1.357421875000e-03 1.685546875000e-03 4.551741270942e-05
1.626953125000e-03 -5.859375000000e-06 3.955726182385e-05
1.626953125000e-03 1.994140625000e-03 3.955726182385e-05
8.496093750000e-04 1.396484375000e-03 1.418040843127e-05
1.509765625000e-03 1.736328125000e-03 6.278837131926e-05
1.455078125000e-03 1.943359375000e-03 3.897477504618e-05
1.892578125000e-03 4.238281250000e-04 2.934389194827e-05
9.902343750000e-04 1.498046875000e-03 2.773355793801e-05
1.685546875000e-03 1.861328125000e-03 1.000000000000e-04
1.896484375000e-03 1.931640625000e-03 2.589815732100e-05
9.316406250000e-04 9.550781250000e-04 7.463917102317e-05
