# 2D packing, generated 2026-09-30T17:09:10.737036+00:00
# generator = preprocess/generate_packing_gravity.py
# periodic axes = xy
# porosity_achieved = 0.325137  (target 0.325000)
# 311 distinct grains; 343 rows including 32 periodic edge images.
# Centres span [-R, L+R]: a grain need only be PARTLY inside.
# Do NOT drop the out-of-box rows -- they carry the conduction
# paths that cross the domain edge, and k_eff depends on them.
# header row is 'Lx Ly'; grain rows are 'x y r', all in metres
2.000000000000e-03 2.000000000000e-03
1.669882990138e-05 -1.581273335484e-06 4.593435096983e-05
1.669882990138e-05 1.998418726665e-03 4.593435096983e-05
2.016698829901e-03 -1.581273335484e-06 4.593435096983e-05
2.016698829901e-03 1.998418726665e-03 4.593435096983e-05
1.807634317813e-03 5.251157534388e-05 8.537385339493e-05
1.807634317813e-03 2.052511575344e-03 8.537385339493e-05
1.931652988374e-03 6.362737969785e-05 3.231560955075e-05
2.828553671579e-04 3.104126330202e-05 6.858624256579e-05
2.828553671579e-04 2.031041263302e-03 6.858624256579e-05
6.603737651277e-05 4.546885459183e-05 2.224196062812e-05
1.675090440424e-03 5.398085229283e-05 4.717820683107e-05
3.916311542731e-04 4.435321967325e-05 4.087335987316e-05
1.598073534000e-03 4.384271407656e-05 3.050312813408e-05
1.733303403695e-03 1.408253599041e-04 3.005755589733e-05
-6.001263133751e-06 8.753834232266e-05 3.445808653291e-05
1.993998736866e-03 8.753834232266e-05 3.445808653291e-05
1.532897259356e-03 5.417519285544e-05 3.548708818168e-05
1.680790525631e-03 1.255612428618e-04 2.462878584537e-05
1.102580021349e-04 1.568015990931e-04 9.755139789809e-05
9.890594135201e-04 3.363053517469e-05 9.892464199799e-05
9.890594135201e-04 2.033630535175e-03 9.892464199799e-05
1.583934652198e-03 9.635766747940e-05 2.358810185994e-05
-8.215519151806e-05 2.015655965723e-04 1.000000000000e-04
1.917844808482e-03 2.015655965723e-04 1.000000000000e-04
3.427604718286e-05 2.590022300654e-04 2.979939116437e-05
1.783693829279e-03 1.556181457883e-04 2.047559695135e-05
1.604639999406e-03 2.002149948482e-04 8.201119830021e-05
2.169623623945e-04 9.722805731423e-05 2.413576358773e-05
1.760593558237e-03 2.383923983600e-04 6.005789985755e-05
-3.646046132604e-06 3.035585610189e-04 2.870998369695e-05
1.996353953867e-03 3.035585610189e-04 2.870998369695e-05
8.431953922315e-04 7.342589982302e-05 5.225951078648e-05
3.422937289883e-04 1.508232240628e-04 6.513333376766e-05
2.530088164884e-04 2.748421305864e-04 8.768187497560e-05
7.587701613478e-04 1.292299291172e-04 4.894182056117e-05
9.128983631064e-04 1.498084310993e-04 3.906449097240e-05
1.933505487612e-03 3.480291951948e-04 4.729832444664e-05
4.243221466776e-04 1.391567511057e-04 1.772058414156e-05
1.134891816163e-04 2.930398843553e-04 3.872521375161e-05
6.720267701698e-04 1.607864354770e-04 4.336245762654e-05
1.049708896896e-03 2.157794363210e-04 9.305624205857e-05
4.264767074528e-04 1.947865857297e-04 2.983801378360e-05
9.039234128206e-04 2.438534131501e-04 5.540777201902e-05
1.243267821340e-03 1.963244692726e-04 1.000000000000e-04
1.464361281790e-03 2.572176581603e-04 6.940684184398e-05
1.674782659818e-03 3.266088855095e-04 6.254124459780e-05
3.786201573006e-04 2.329126366113e-04 2.463561170802e-05
4.009804031847e-04 3.211046995236e-04 6.634784835606e-05
3.147452016175e-04 3.923571872253e-04 4.506288978681e-05
2.363637624648e-04 3.930338466629e-04 3.167615639057e-05
1.777472606966e-03 3.916110871619e-04 5.899274889029e-05
1.562980143824e-04 3.623689056632e-04 4.275553259105e-05
1.646910051681e-03 4.867424975669e-04 1.000000000000e-04
4.049995237138e-04 4.487240056801e-04 6.133554015236e-05
7.493143427522e-04 2.259463831177e-04 4.823577706509e-05
1.766245203780e-03 4.687297092511e-04 1.893886517101e-05
1.145152669532e-03 3.367366466240e-04 6.102235924504e-05
1.827755591813e-03 5.721526292822e-04 1.000000000000e-04
5.173913903872e-05 3.733063146053e-04 6.035333185819e-05
2.051739139039e-03 3.733063146053e-04 6.035333185819e-05
6.902492207147e-04 2.382894715813e-04 1.210526026043e-05
9.646562939636e-04 3.508547908720e-04 6.656614565474e-05
1.061811131420e-03 3.964223586305e-04 4.074400188622e-05
1.456259703214e-03 5.052904675171e-04 9.155047020248e-05
6.009663521232e-04 2.551477794369e-04 7.476309526901e-05
1.278826790493e-03 3.863965365247e-04 8.157808837795e-05
8.618947641064e-04 3.511863511903e-04 3.619593891399e-05
1.806795388671e-04 4.489995410705e-04 4.724074200131e-05
1.691178706085e-03 6.175737541008e-04 3.811781767784e-05
5.463246450391e-04 4.706721609786e-04 8.168385140658e-05
1.165121512037e-03 4.230555905112e-04 2.757638158409e-05
8.170954503098e-04 2.807725448869e-04 3.894327837803e-05
2.722073938624e-04 4.750381886749e-04 4.791891490038e-05
7.041383450642e-04 2.889101050423e-04 2.925798629198e-05
1.113190148058e-03 4.406785493852e-04 2.706760791090e-05
-2.792789489254e-05 4.134388306726e-04 2.863456960073e-05
1.972072105107e-03 4.134388306726e-04 2.863456960073e-05
1.051480211833e-03 4.859447460201e-04 4.937251038652e-05
1.736500106100e-03 6.849235605791e-04 4.306115598745e-05
1.557100457776e-03 6.497767443749e-04 8.417549216403e-05
9.668361816200e-04 5.208151801732e-04 4.217288295627e-05
1.661230182073e-03 6.980608077909e-04 3.060408033134e-05
3.373090344367e-04 4.944424464858e-04 2.001303268547e-05
8.969544067641e-04 5.205322674984e-04 2.770946461122e-05
1.696970489467e-03 7.511687235582e-04 3.341013910249e-05
1.175355303240e-03 5.331052469331e-04 8.294818703217e-05
1.282583998293e-03 5.316027802175e-04 2.409882438092e-05
1.210131091493e-04 4.147262743575e-04 2.035910283620e-05
3.797938391843e-04 6.080777722271e-04 1.000000000000e-04
1.267656210155e-03 5.688946785906e-04 1.604848917411e-05
8.540352535587e-05 4.821146362746e-04 5.354376173698e-05
1.782285409879e-03 7.803065623864e-04 5.674333723986e-05
1.617900704380e-03 7.580888386850e-04 4.003473189554e-05
1.251296738727e-03 6.150514607100e-04 2.877602537556e-05
7.782918757724e-04 3.582458779059e-04 4.770449002306e-05
6.756892766200e-04 4.710208965734e-04 4.768133555987e-05
1.640378118987e-04 5.370763292987e-04 4.239447094093e-05
1.670814699315e-03 8.251713306249e-04 4.507878502778e-05
1.044063874215e-03 5.999515597151e-04 6.438097352561e-05
1.339445368773e-03 5.830592311509e-04 4.878330817421e-05
9.115708043233e-04 5.969443761411e-04 5.002448881518e-05
8.082280349870e-04 6.089895617669e-04 5.401787981826e-05
9.680749269089e-04 6.644571483732e-04 3.529497857424e-05
5.066744647146e-04 5.746630451718e-04 2.960964049332e-05
1.134616269840e-03 6.451377433964e-04 3.621531489176e-05
2.310786581391e-04 5.333974373779e-04 2.347701135957e-05
-1.980396603777e-05 5.935321468326e-04 5.393236235122e-05
1.980196033962e-03 5.935321468326e-04 5.393236235122e-05
1.304407618339e-03 6.963972343448e-04 6.837288130652e-05
1.605731662903e-03 8.474241039288e-04 2.370338961341e-05
7.179609428815e-04 3.555870026825e-04 1.268501255529e-05
1.160088202472e-03 7.822952185606e-04 9.957521866624e-05
7.658710521908e-04 4.877456574567e-04 4.403822758526e-05
9.912580369112e-05 5.738038880171e-04 3.218758862781e-05
1.050163218653e-03 8.061349817233e-04 1.290516863641e-05
4.962858709229e-04 6.507146636789e-04 2.404968625358e-05
1.042089952807e-03 8.625020204427e-04 4.310176219703e-05
8.701025189091e-04 6.768709577637e-04 3.783164757895e-05
1.929908555468e-03 6.886500307112e-04 5.362032169708e-05
-6.748757593627e-06 7.194586838944e-04 1.681737488282e-05
1.993251242406e-03 7.194586838944e-04 1.681737488282e-05
4.786730296816e-04 7.486785909212e-04 7.188878481798e-05
1.123743532337e-03 9.800214099167e-04 1.000000000000e-04
7.849479750857e-04 7.185143831882e-04 5.696007787670e-05
1.557835184341e-03 8.654693846564e-04 2.747966241709e-05
8.874067837111e-04 7.735407489532e-04 5.934000120427e-05
9.694167397298e-04 8.623816925636e-04 2.957155524028e-05
1.431430287858e-03 7.241020342547e-04 6.163605592425e-05
6.944102933462e-04 7.387426144984e-04 3.580981571324e-05
6.169962296638e-04 8.461642794212e-04 9.659996999238e-05
9.695387630739e-04 9.799965482635e-04 5.418452770964e-05
2.219046097568e-04 5.974640642118e-04 4.124315852037e-05
6.577918531894e-05 6.416956966424e-04 4.345165554308e-05
8.749059256496e-04 9.806043205289e-04 4.045026138030e-05
1.520666075745e-03 7.670644445803e-04 3.740331929192e-05
1.751703144786e-03 9.061411992444e-04 6.937234093843e-05
1.463049194518e-03 8.123080796862e-04 3.206593120001e-05
1.634783494743e-03 8.763837224800e-04 1.731695216835e-05
1.434244918998e-04 6.669046852381e-04 3.777499099351e-05
1.008400399556e-03 1.088352015365e-03 5.823892817352e-05
1.651028235178e-03 9.252889870072e-04 3.310729216402e-05
1.680138868686e-03 1.001614874418e-03 4.858156920848e-05
9.016799231707e-05 7.152692587195e-04 3.405888044662e-05
2.472841584988e-04 6.924874987661e-04 5.711125653618e-05
3.358391124649e-05 7.637571673426e-04 4.045847028261e-05
2.033583911246e-03 7.637571673426e-04 4.045847028261e-05
1.838316707406e-03 9.528343660134e-04 2.902563186977e-05
5.013081122950e-04 8.967329228673e-04 2.965741870355e-05
1.657382037586e-04 7.997668874603e-04 7.764297074003e-05
8.627433262470e-04 1.111553717943e-03 8.925294934179e-05
9.871495206358e-04 1.231533495265e-03 8.358237193202e-05
1.488844887305e-03 8.866599312271e-04 4.469166394584e-05
5.378763586164e-04 9.793854673459e-04 5.834466175274e-05
8.361804303368e-04 1.272546731196e-03 7.285851710938e-05
1.387190102166e-03 8.866599312271e-04 5.696312119343e-05
9.250086648448e-04 1.330891416717e-03 3.341671812096e-05
1.958932908298e-03 7.703819315543e-04 3.311212132503e-05
1.454715965539e-03 9.866895821641e-04 6.099993632380e-05
1.125157258130e-03 1.248016511931e-03 5.540326226556e-05
6.515573982756e-04 9.972351160101e-04 5.672917860819e-05
1.309952067793e-03 8.927735034035e-04 2.051648721181e-05
8.705656457366e-04 1.388714058505e-03 4.600305418386e-05
7.966906884091e-04 1.421232829351e-03 3.471237047260e-05
6.747231961941e-04 1.152242797220e-03 1.000000000000e-04
1.569645566108e-03 1.086913289646e-03 9.100539803598e-05
1.692574007853e-03 1.114637461056e-03 3.501059888144e-05
2.805220196056e-04 8.207831489577e-04 3.872689021902e-05
7.142268951997e-04 1.294435110538e-03 4.757776323652e-05
5.473550080265e-05 8.457888311162e-04 4.252209746905e-05
1.778708277564e-03 1.146653522519e-03 5.688140631815e-05
1.268163677350e-03 8.927735034035e-04 2.127190323144e-05
1.067946310996e-03 1.329467273359e-03 4.337882839945e-05
1.914294106994e-03 1.146629199262e-03 7.870442535666e-05
2.486430678504e-04 9.299037146018e-04 7.495497030189e-05
1.828058879331e-03 1.225866107037e-03 3.644659291730e-05
1.348102330601e-03 1.004729708275e-03 4.712921471662e-05
1.337994078582e-05 1.206514834961e-03 3.705935329730e-05
2.013379940786e-03 1.206514834961e-03 3.705935329730e-05
4.269136405589e-04 1.003463061908e-03 5.520028687385e-05
1.155618201878e-03 1.344958985902e-03 4.565124416722e-05
6.337272809672e-04 1.311188524946e-03 3.464671478509e-05
3.158779674171e-04 1.047802474220e-03 6.076772212347e-05
4.243121544481e-04 1.141942084109e-03 8.282976764302e-05
-5.710142314420e-05 1.308220428004e-03 8.539902081671e-05
1.942898576856e-03 1.308220428004e-03 8.539902081671e-05
5.317516366021e-04 1.141942084185e-03 2.460971451098e-05
1.271366928917e-03 1.028231644977e-03 3.312452600819e-05
1.222494900900e-03 1.118523878765e-03 6.954563813331e-05
2.894093298277e-04 1.190095702105e-03 6.040969276043e-05
5.286162353035e-05 1.308251195371e-03 2.456403086911e-05
1.148596374616e-04 9.061943359530e-04 4.032084553821e-05
1.765134085963e-03 1.260639627386e-03 3.544726630818e-05
1.829066814774e-03 1.308251189552e-03 2.839333574061e-05
1.527620738996e-04 9.620416660372e-04 2.616878023894e-05
5.463012013530e-04 1.203070451768e-03 3.811465970670e-05
3.665672536891e-04 1.245148836075e-03 3.437528903773e-05
1.318068775884e-03 1.123352986494e-03 2.615016042060e-05
4.776982317252e-05 1.369851377180e-03 3.624123682820e-05
1.439008359826e-03 1.086913718474e-03 3.963180826298e-05
1.104189144608e-03 1.369950087709e-03 1.095118190256e-05
-2.094243375259e-06 1.395215162083e-03 1.752258623059e-05
1.997905756625e-03 1.395215162083e-03 1.752258623059e-05
1.302982596743e-03 1.179722226084e-03 3.156572075682e-05
1.656958390327e-03 1.158085526300e-03 2.116952733338e-05
6.779464575368e-04 1.398072132858e-03 6.222616452723e-05
1.846546622688e-03 1.356170922139e-03 2.222509049873e-05
9.545083099234e-04 1.397352836581e-03 3.838295980804e-05
1.061773761134e-03 1.460401309902e-03 8.593908771721e-05
5.717142986504e-04 1.400217450560e-03 4.402765408517e-05
1.237303104467e-03 1.344955260376e-03 3.603366033988e-05
1.691721621719e-03 1.218135660352e-03 4.821707696899e-05
1.203025157059e-03 1.389250276480e-03 1.921892240659e-05
1.625523107579e-03 1.178433427636e-03 1.622372746673e-05
1.382712850468e-03 1.149022337544e-03 4.340393336395e-05
1.491969938119e-04 1.190095702105e-03 7.980264325539e-05
4.810972434431e-04 1.399925067840e-03 4.639591701530e-05
2.339596565586e-04 1.304308164925e-03 6.242673366562e-05
5.262676138892e-04 1.467897004885e-03 3.521629576818e-05
4.264440593626e-04 1.284818106847e-03 3.745007487518e-05
1.358187122681e-03 1.344925858731e-03 8.485036379780e-05
7.461422918714e-04 1.477536686607e-03 4.095310867392e-05
1.593744167838e-03 1.252629158643e-03 5.565487620674e-05
3.335771027140e-04 1.360673015102e-03 5.203125825274e-05
1.470304759625e-03 1.182286691940e-03 4.670691695070e-05
6.021353674148e-04 1.518745171149e-03 5.611530555531e-05
1.742276938167e-03 1.404325737184e-03 9.262722284843e-05
1.951396589221e-03 1.440987770963e-03 4.761183426304e-05
1.514502616944e-03 1.399702831638e-03 8.078493225279e-05
8.929795373395e-04 1.538387132462e-03 1.000000000000e-04
3.636901509539e-05 1.446065684512e-03 3.751218329361e-05
2.036369015095e-03 1.446065684512e-03 3.751218329361e-05
6.981814073542e-04 1.549113914251e-03 4.461760118406e-05
1.402462579318e-03 1.477407561701e-03 5.483398774543e-05
1.862420916557e-03 1.471819904664e-03 4.367516344423e-05
1.791868813619e-03 1.548807468290e-03 6.012857422148e-05
1.029107623874e-03 1.589048122295e-03 4.524942984886e-05
1.188612652222e-03 1.461162014037e-03 4.090220394263e-05
1.127945223128e-03 1.605210418563e-03 5.490092457231e-05
4.669873830014e-04 1.581432186399e-03 9.286336664256e-05
-3.293774248386e-06 1.494333387963e-03 2.237900810670e-05
1.996706225752e-03 1.494333387963e-03 2.237900810670e-05
6.363203482944e-04 1.625437558686e-03 5.306255880295e-05
7.637364175503e-04 1.624593886850e-03 5.535593149937e-05
1.621234577231e-03 1.440926168220e-03 3.360534902798e-05
9.718740232104e-04 1.652006347341e-03 3.785344425880e-05
8.506578913804e-04 1.685293278847e-03 4.977558813446e-05
-7.297986447948e-05 1.610412582423e-03 8.840119257642e-05
1.927020135521e-03 1.610412582423e-03 8.840119257642e-05
6.987790028479e-04 1.742764500821e-03 7.949155326233e-05
8.160306035333e-04 1.767564672704e-03 3.948600108971e-05
5.405640265898e-04 1.736577650782e-03 7.884479547705e-05
2.588558257539e-04 1.394962113803e-03 3.018194944699e-05
1.574409538303e-03 1.543501789289e-03 7.499369576621e-05
2.988817975251e-04 1.423388924531e-03 1.891145117272e-05
1.690152663898e-03 1.604712060181e-03 5.593823925450e-05
8.851868049120e-05 1.669155518364e-03 8.285547998183e-05
1.257690246610e-03 1.418565529561e-03 3.973260504992e-05
7.652133662230e-04 1.822427383099e-03 2.423780906316e-05
1.259604416312e-03 1.498296566157e-03 3.921532265195e-05
1.471816399345e-03 1.542921273678e-03 2.760109026981e-05
1.818357866109e-03 1.668026829689e-03 2.963581867394e-05
1.200572493946e-03 1.626837405097e-03 2.087801903438e-05
-2.675324320866e-05 1.735680831042e-03 4.512436293929e-05
1.973246756791e-03 1.735680831042e-03 4.512436293929e-05
1.327685208945e-03 1.525651924716e-03 3.415576500666e-05
3.170428087241e-04 1.583295294155e-03 5.709284130812e-05
4.367898791238e-05 1.783610414190e-03 4.006947704329e-05
1.985710049701e-04 1.694013819031e-03 2.996938850600e-05
1.474120465910e-03 1.621124741904e-03 5.063631265778e-05
1.065106864252e-03 1.648618328716e-03 2.146379261273e-05
1.565878266062e-03 1.674079920543e-03 5.530586567871e-05
1.270309620368e-03 1.590591594146e-03 5.246968513363e-05
1.038634275083e-03 1.724523268824e-03 5.892499957912e-05
8.276438781023e-04 1.850550305018e-03 4.423486925388e-05
1.216160743844e-03 1.746706083515e-03 1.000000000000e-04
7.517645473205e-04 1.883241382820e-03 3.804563850957e-05
1.443732644904e-03 1.769998422489e-03 1.000000000000e-04
4.307749806742e-04 1.738927639503e-03 3.080081218638e-05
1.055606038640e-03 1.814527057006e-03 3.266497064336e-05
1.767834284104e-03 1.633911292831e-03 2.592896985569e-05
1.759148552030e-03 1.696166116844e-03 3.591997706757e-05
9.354472504781e-04 1.723197043955e-03 4.211545629645e-05
1.844838759197e-04 1.774703934799e-03 5.076574007117e-05
6.112126308186e-04 1.857984211443e-03 5.965313547145e-05
6.849072739282e-04 1.934927634171e-03 4.646100946300e-05
4.564227119705e-04 1.784802145183e-03 1.813692009750e-05
1.098791082684e-04 1.866904398583e-03 6.632808533090e-05
1.855442149052e-03 1.768571194889e-03 6.760394209867e-05
1.324223302187e-03 1.876465616792e-03 6.005544829437e-05
1.134695036903e-03 -8.373335175889e-05 8.811552754305e-05
1.134695036903e-03 1.916266648241e-03 8.811552754305e-05
1.665842050120e-03 1.730734927591e-03 5.959647805969e-05
-3.890408954058e-05 1.840068057741e-03 5.996768622823e-05
1.961095910459e-03 1.840068057741e-03 5.996768622823e-05
2.845117441613e-04 1.786662182707e-03 4.952991922053e-05
2.821076959404e-05 1.910116550840e-03 2.606786095737e-05
9.181501408239e-04 1.895143360521e-03 5.666097688325e-05
1.750790126959e-03 1.777638328806e-03 3.744014144633e-05
3.874818423519e-04 1.816023298915e-03 5.754451849396e-05
1.846174232328e-03 1.880680336252e-03 4.060739768390e-05
1.575298709211e-03 1.843192274951e-03 5.034468124375e-05
1.410882312048e-03 1.892862963628e-03 2.718034383764e-05
4.818942085160e-04 1.844158613891e-03 3.925779781920e-05
1.385085491807e-03 -3.951859368168e-05 4.368875222176e-05
1.385085491807e-03 1.960481406318e-03 4.368875222176e-05
2.223997373464e-04 1.853631885861e-03 3.679708054628e-05
8.129713333799e-04 1.938399419989e-03 4.156438124172e-05
3.069317404575e-04 1.903405938258e-03 6.130058017230e-05
1.917900280666e-03 -4.561890640847e-05 6.223436382259e-05
1.917900280666e-03 1.954381093592e-03 6.223436382259e-05
1.503613849724e-03 -5.298886012539e-05 7.560257291648e-05
1.503613849724e-03 1.947011139875e-03 7.560257291648e-05
1.858380822614e-04 -4.158265862897e-05 5.260265777646e-05
1.858380822614e-04 1.958417341371e-03 5.260265777646e-05
3.900107007188e-04 1.958218332695e-03 3.432453131372e-05
1.649975488874e-03 1.843192078528e-03 2.433209841903e-05
1.632808084764e-03 1.883156783275e-03 1.916377894747e-05
1.784922352938e-03 1.827851214924e-03 2.327511945263e-05
6.107996423923e-04 1.947180927465e-03 2.865282616184e-05
1.735556592780e-03 1.907185518097e-03 7.016422022225e-05
1.629271467655e-03 -3.348263931828e-05 5.156004208385e-05
1.629271467655e-03 1.966517360682e-03 5.156004208385e-05
1.822323995363e-03 1.940349815760e-03 2.272524600941e-05
5.410156250000e-04 7.617187500000e-05 2.430194781357e-05
-2.539062500000e-05 9.707031250000e-04 3.762409570047e-05
1.974609375000e-03 9.707031250000e-04 3.762409570047e-05
1.699218750000e-04 1.498046875000e-03 5.684897987557e-05
6.503906250000e-04 6.152343750000e-04 2.200175216661e-05
1.408203125000e-03 9.570312500000e-05 3.081624099611e-05
7.949218750000e-04 8.847656250000e-04 4.791664272330e-05
7.617187500000e-05 1.041015625000e-03 2.094191228091e-05
1.271484375000e-03 1.757812500000e-05 4.092403368592e-05
1.271484375000e-03 2.017578125000e-03 4.092403368592e-05
5.058593750000e-04 -2.539062500000e-05 5.166528323579e-05
5.058593750000e-04 1.974609375000e-03 5.166528323579e-05
3.925781250000e-04 8.730468750000e-04 4.317317949890e-05
1.900390625000e-03 8.652343750000e-04 2.698437644592e-05
6.347656250000e-04 4.882812500000e-05 6.915515843442e-05
6.347656250000e-04 2.048828125000e-03 6.915515843442e-05
5.996093750000e-04 6.855468750000e-04 2.159553307594e-05
1.777343750000e-04 1.048828125000e-03 4.886614850147e-05
1.548828125000e-03 3.574218750000e-04 6.358914295351e-05
5.292968750000e-04 1.302734375000e-03 2.093092237726e-05
