# 2D packing, generated 2026-09-30T17:09:42.351294+00:00
# generator = preprocess/generate_packing_gravity.py
# periodic axes = xy
# porosity_achieved = 0.324990  (target 0.325000)
# 1173 distinct grains; 1227 rows including 54 periodic edge images.
# Centres span [-R, L+R]: a grain need only be PARTLY inside.
# Do NOT drop the out-of-box rows -- they carry the conduction
# paths that cross the domain edge, and k_eff depends on them.
# header row is 'Lx Ly'; grain rows are 'x y r', all in metres
4.000000000000e-03 4.000000000000e-03
-7.828266297019e-05 1.894832645086e-05 9.799823262441e-05
-7.828266297019e-05 4.018948326451e-03 9.799823262441e-05
3.921717337030e-03 1.894832645086e-05 9.799823262441e-05
3.921717337030e-03 4.018948326451e-03 9.799823262441e-05
2.316648146088e-04 2.854351591310e-05 4.255708178507e-05
2.316648146088e-04 4.028543515913e-03 4.255708178507e-05
5.876137099696e-04 7.605175763840e-05 9.541954734624e-05
5.876137099696e-04 4.076051757638e-03 9.541954734624e-05
4.650172727804e-04 7.476638245207e-05 2.207465487069e-05
1.151428610511e-03 4.895993034445e-05 7.476870836223e-05
1.151428610511e-03 4.048959930344e-03 7.476870836223e-05
4.021208678525e-04 4.277503356261e-05 2.444197347489e-05
1.788495443178e-03 3.457835132167e-05 5.752496707941e-05
1.788495443178e-03 4.034578351322e-03 5.752496707941e-05
1.468861332816e-04 4.287077979225e-05 4.342375491524e-05
1.468861332816e-04 4.042870779792e-03 4.342375491524e-05
7.282567879939e-04 9.212861648452e-05 4.613947438095e-05
1.663978907785e-03 8.561756843515e-05 6.167191588636e-05
1.763971599257e-03 1.385941984417e-04 4.934278186810e-05
9.549462064386e-04 7.024983078382e-05 9.000635186003e-05
9.549462064386e-04 4.070249830784e-03 9.000635186003e-05
3.410245560973e-04 4.771195505401e-05 3.685348170282e-05
3.190592445575e-03 3.629910687367e-05 5.652902948638e-05
3.190592445575e-03 4.036299106874e-03 5.652902948638e-05
2.820323826721e-04 8.422161435154e-05 3.252254107883e-05
3.787185244462e-03 4.420402698731e-05 3.888442794939e-05
4.294851644360e-04 1.915554066187e-04 1.000000000000e-04
3.695696881385e-03 5.896977715267e-05 5.378830793499e-05
1.990976839867e-04 8.961515363171e-05 2.665543531757e-05
1.282661920106e-03 7.142281608195e-05 5.837347129658e-05
1.888909487571e-03 4.796452292004e-05 4.377740488835e-05
2.390210377772e-04 1.462711970611e-04 4.265393540975e-05
2.685968126790e-04 2.705998096292e-04 7.925715164647e-05
1.851453976317e-03 1.341871106095e-04 3.658962112025e-05
6.871215962806e-04 2.109336202003e-04 7.219659130425e-05
3.298832428410e-03 9.022256807350e-06 4.773682390536e-05
3.298832428410e-03 4.009022256807e-03 4.773682390536e-05
3.411155419980e-03 7.715013832562e-05 4.626185986890e-05
5.560250223687e-04 1.956907118731e-04 2.660744401824e-05
2.758766738853e-03 3.582976620360e-05 3.873431201663e-05
2.758766738853e-03 4.035829766204e-03 3.873431201663e-05
3.579985891773e-03 9.971506725526e-05 6.888737137253e-05
3.301967612849e-03 1.331840685934e-04 7.646457893240e-05
1.074888366561e-03 1.521837002144e-04 5.373656847806e-05
5.903529199952e-04 2.387655156547e-04 2.847290199539e-05
2.830176367211e-03 5.960066636784e-05 3.652783462291e-05
3.823089490238e-03 1.017500944903e-04 2.894378206303e-05
6.487834295826e-05 3.958881152961e-05 3.864979986066e-05
1.004612902380e-04 8.729426461406e-05 2.083135109446e-05
3.090780709620e-03 6.981462940059e-05 4.874583088363e-05
8.161229511701e-04 5.446256797439e-05 4.945968463158e-05
3.460916636224e-03 2.138784235668e-04 9.606997110391e-05
3.753640717137e-03 1.641016996162e-04 6.438817900791e-05
3.623031492132e-03 2.269375480187e-04 6.175734203402e-05
5.353201701430e-04 3.126479312838e-04 6.082433976511e-05
6.387488394352e-04 3.150766051532e-04 4.263310888230e-05
1.676949323252e-03 2.118149648756e-04 6.438565454287e-05
4.304649891964e-04 3.455876586385e-04 4.908330563652e-05
2.221366222475e-03 7.890513093599e-05 9.949228818299e-05
2.221366222475e-03 4.078905130936e-03 9.949228818299e-05
3.339248016602e-03 2.292306506685e-04 2.656346316163e-05
1.817023447202e-03 1.999368918918e-04 3.175854337377e-05
2.713722667388e-03 1.086775603879e-04 4.212378866833e-05
3.559552508484e-03 3.064199242515e-04 3.848329070346e-05
2.790141149716e-03 1.206752804801e-04 3.523078281103e-05
1.399268970241e-03 3.491686019181e-05 6.381460571757e-05
1.399268970241e-03 4.034916860192e-03 6.381460571757e-05
1.911812195453e-03 1.365450074761e-04 2.381463613800e-05
2.490833062122e-03 7.531926662657e-05 5.423676492011e-05
6.200995109609e-04 4.545746377395e-04 9.810665158807e-05
2.406622799926e-03 1.069940351832e-04 3.573355919998e-05
2.599980463019e-05 1.039323260718e-04 3.652762138112e-05
4.025999804630e-03 1.039323260718e-04 3.652762138112e-05
2.573997210236e-03 1.353708464522e-04 4.741609029831e-05
1.090423453213e-04 2.041124595946e-04 9.359625048130e-05
2.648225475093e-03 1.209291637617e-04 2.450941614521e-05
9.901464044916e-04 1.981913881404e-04 4.268934827352e-05
3.360456103980e-03 2.691302895385e-04 1.858210295876e-05
2.673395646818e-03 1.804042035358e-04 4.007245360785e-05
1.202055841827e-03 1.960399640872e-04 8.078098219755e-05
1.905056428629e-03 2.204035761674e-04 5.862227192167e-05
3.872775067766e-03 1.492867972635e-04 3.981954737058e-05
2.455977574865e-03 1.592721869656e-04 3.613652216670e-05
8.337089085816e-04 1.847008728164e-04 7.672019979499e-05
1.767724058076e-03 2.366977065886e-04 2.973770147321e-05
9.273748687597e-04 1.949042082638e-04 1.749999889142e-05
3.378593747735e-03 3.473323197993e-04 6.073283811719e-05
2.599416556448e-03 2.337608909876e-04 5.067210140956e-05
3.847027091177e-03 2.290918918646e-04 4.403635165092e-05
3.944268174405e-03 2.321940590227e-04 4.836201878396e-05
2.680849491078e-03 2.572306233370e-04 3.407551290139e-05
2.341262652694e-03 1.754398710892e-04 5.426173318533e-05
3.392020357165e-04 3.750490794660e-04 4.681743531857e-05
3.676262153410e-03 3.781284075717e-04 9.849571426102e-05
7.324746683323e-04 4.481081814846e-04 1.402495841635e-05
3.142714998612e-03 2.091995294475e-04 1.000000000000e-04
3.459593641105e-03 3.414029103391e-04 1.842871366113e-05
3.467681115211e-03 4.106536886049e-04 4.856567549174e-05
2.073764675322e-03 6.400865126251e-05 4.885905771124e-05
3.260956142799e-03 2.486978077455e-04 2.106245380138e-05
3.228339972454e-03 3.829230064710e-04 9.367882013555e-05
2.007982956341e-03 2.215068879160e-06 3.366652525714e-05
2.007982956341e-03 4.002215068879e-03 3.366652525714e-05
2.248633926526e-03 2.232473035598e-04 4.740288015991e-05
1.501444588533e-03 4.345749854797e-05 3.871741845716e-05
7.424113545094e-04 4.946609004192e-04 3.060697955021e-05
3.555314982612e-03 4.729711086495e-04 5.520319944086e-05
4.848285244215e-04 4.166919353280e-04 4.033376995938e-05
5.530952328436e-06 2.768650111957e-04 2.745764836743e-05
4.005530952328e-03 2.768650111957e-04 2.745764836743e-05
4.544756015368e-04 5.632702972290e-04 1.000000000000e-04
1.462105516104e-03 1.077980593862e-04 3.241481718869e-05
3.355041770563e-03 4.550344852413e-04 4.951458679474e-05
6.136177360782e-04 6.184472638089e-04 6.589422276411e-05
1.552649065771e-03 1.579424676032e-04 7.108686358190e-05
5.192405350083e-04 7.215006856824e-04 7.097199384086e-05
2.637679374299e-03 3.222972968134e-04 4.400989915436e-05
1.344518750391e-03 1.470642129751e-04 3.933993825622e-05
1.080091305836e-03 2.543050681330e-04 4.851697553477e-05
1.349011513958e-03 2.701072164305e-04 8.378513063414e-05
3.790077516179e-03 2.323847982128e-04 1.300834498673e-05
2.012145551511e-03 2.191120453241e-04 4.847464102899e-05
3.879296276868e-03 3.222883390725e-04 5.458858705010e-05
2.523187931411e-03 3.297699357958e-04 7.072514794047e-05
1.147666759090e-03 2.903051145035e-04 2.804963184300e-05
2.417899220809e-03 2.309206686249e-04 4.034948426622e-05
2.895259075774e-03 1.519664336671e-04 7.444562598535e-05
9.345493229446e-04 2.869810544237e-04 6.207089440790e-05
1.582018436912e-03 2.793523690239e-04 5.211831420497e-05
2.440102593511e-03 3.510490794244e-04 1.504183594683e-05
3.822000472354e-03 4.108172178164e-04 5.086363740254e-05
2.610101069174e-04 3.800304023403e-04 3.024399081515e-05
4.133902071762e-04 7.557417950316e-04 3.977166257877e-05
2.807002805361e-03 3.026350601574e-04 1.000000000000e-04
3.430973958580e-03 4.860718818021e-04 3.251604559723e-05
3.001187088332e-03 3.505142410302e-04 1.000000000000e-04
2.315162497346e-03 2.500440064225e-04 2.431959902021e-05
2.435122658489e-03 4.286326861968e-04 6.166629342227e-05
2.608003969415e-03 4.118089173666e-04 4.727551056110e-05
3.113659329892e-03 3.976255630218e-04 2.194062715662e-05
1.821539466375e-03 3.266183319057e-04 7.505647956266e-05
3.093405934465e-03 4.536023638971e-04 3.758758926944e-05
2.704403094709e-03 4.108595636042e-04 4.912829627489e-05
8.173987074525e-04 3.180005422893e-04 5.757375860700e-05
2.882046185549e-04 4.618863633840e-04 5.388758753524e-05
1.675665762021e-03 3.676558559544e-04 7.647978694534e-05
1.767852885830e-03 4.133642322237e-04 2.641688452199e-05
1.506390704883e-03 2.936502263039e-04 2.484909941776e-05
3.650967495171e-03 5.325543380879e-04 5.731897911183e-05
2.365881208951e-03 3.133384956147e-04 5.678884732813e-05
3.575007640232e-03 5.484368641440e-04 2.028356077120e-05
2.130845643779e-03 2.289396707388e-04 7.052053920034e-05
2.864392683839e-03 4.964246370988e-04 1.000000000000e-04
3.031585700633e-03 4.794316548019e-04 2.941163506478e-05
3.766538659997e-03 4.692165211714e-04 2.967511900092e-05
2.213899810207e-03 3.065289441519e-04 4.283176117225e-05
1.990943829745e-03 3.707421698345e-04 1.000000000000e-04
3.950769835158e-03 3.242714633681e-04 1.691180618231e-05
6.764213354954e-05 3.932300602489e-04 1.000000000000e-04
4.067642133550e-03 3.932300602489e-04 1.000000000000e-04
3.925522320928e-03 4.081177183950e-04 4.289746261402e-05
2.675299248502e-03 5.615681607596e-04 1.000000000000e-04
1.727645568454e-03 5.364432417421e-04 1.000000000000e-04
3.482390864667e-03 5.367696580292e-04 3.969176244338e-05
1.456588726160e-03 3.523742045156e-04 5.164300839483e-05
2.826467605065e-03 6.800305338959e-04 8.748183095615e-05
1.955513949677e-04 4.726548843249e-04 3.938939747271e-05
3.752359610304e-03 5.422570095689e-04 4.453632435797e-05
1.863530225490e-03 5.722726842275e-04 4.052706281832e-05
8.964305077371e-04 3.961912693691e-04 5.360096177534e-05
1.019257410045e-03 3.879896702358e-04 6.937578644473e-05
3.284509032401e-03 4.969825100896e-04 3.254949004024e-05
3.397554265534e-03 5.629384529953e-04 4.895396411921e-05
-4.259831937190e-05 4.970269451407e-04 5.141583795706e-05
3.957401680628e-03 4.970269451407e-04 5.141583795706e-05
8.348909983321e-04 4.939040834965e-04 6.187611944913e-05
1.820821336827e-03 6.501474749018e-04 4.700468172982e-05
1.960209651079e-03 6.968515892877e-04 1.000000000000e-04
2.270188524903e-03 4.053932025797e-04 7.093361579579e-05
3.017931551031e-04 5.676501481479e-04 5.274574698990e-05
1.969722842340e-04 6.034778176556e-04 5.802936282493e-05
3.705697916096e-03 6.252421509897e-04 5.032139265957e-05
2.533611309781e-03 4.658221461577e-04 4.360977626603e-05
1.375697975225e-04 4.921953938640e-04 2.117764499502e-05
2.955886616920e-05 5.088157307236e-04 2.169801835641e-05
3.079949339080e-03 5.355169002220e-04 4.462615679395e-05
2.692085709334e-03 7.036867969855e-04 4.310657577472e-05
2.590424295790e-03 7.036532596677e-04 5.853839662814e-05
3.003630838319e-03 5.355169002220e-04 3.169234396741e-05
2.343801126088e-03 5.125474498167e-04 5.906964475646e-05
2.609320346153e-05 6.061179172687e-04 7.566593740299e-05
4.026093203462e-03 6.061179172687e-04 7.566593740299e-05
2.946316360708e-03 6.818163582630e-04 3.238022891984e-05
2.655622696370e-03 7.735417165580e-04 3.569228908341e-05
4.607095164961e-04 8.009503671322e-04 2.567245118171e-05
2.145821560423e-03 3.785382021371e-04 5.507384831502e-05
3.625858503541e-03 6.252421509897e-04 2.951801989484e-05
1.550075613593e-03 3.996686824510e-04 5.312630048715e-05
1.232543612536e-03 3.158734029076e-04 4.134620109887e-05
2.879312612960e-04 6.741225243158e-04 5.462524074078e-05
1.589007706344e-03 4.900790433541e-04 4.531025331356e-05
2.185128700060e-03 4.479733466552e-04 2.418863434477e-05
9.851321820346e-04 5.541651640506e-04 1.000000000000e-04
2.741524393033e-03 7.828686309490e-04 4.590116449647e-05
1.134263298961e-03 3.849917841421e-04 4.566916914447e-05
2.832237306757e-03 8.253811557958e-04 5.422000798593e-05
2.453551277942e-03 7.036532597749e-04 7.833462121996e-05
3.048617327459e-03 6.818191377313e-04 6.992073786931e-05
1.235482391558e-04 6.684812826262e-04 4.003490022735e-05
3.251049428376e-04 7.758305386860e-04 5.077029190060e-05
2.740421235439e-03 8.830105919974e-04 5.418360297481e-05
2.098792261687e-03 4.597489815016e-04 3.837438980089e-05
4.007465850346e-04 8.603408187858e-04 5.872410619520e-05
1.508505626106e-03 4.880623833660e-04 3.434694673654e-05
1.259299544893e-03 4.521444016909e-04 9.625875918640e-05
2.488353020171e-04 9.063441227916e-04 1.000000000000e-04
5.128067737376e-04 8.228085212646e-04 3.054006003887e-05
3.928230633802e-03 6.328820346765e-04 2.579049596760e-05
8.514307309588e-04 5.939871454162e-04 3.833993420176e-05
4.944203737128e-04 8.906172504341e-04 3.971727190967e-05
1.376414793155e-03 4.660069327698e-04 2.167406552104e-05
2.542546397051e-03 8.310978037874e-04 7.710746775120e-05
6.340820627463e-04 8.951524202359e-04 1.000000000000e-04
1.358844431828e-03 4.953133298002e-04 1.214364390511e-05
2.094777546281e-03 6.968467516659e-04 3.456789528891e-05
1.830529058381e-03 7.355664261609e-04 3.532793794987e-05
3.735393646479e-04 9.485628668462e-04 3.165684785140e-05
2.964278964664e-03 7.433250121174e-04 3.169761155486e-05
5.269796074407e-04 9.354381404214e-04 1.442847190859e-05
5.302745002193e-04 9.918398713163e-04 4.186075297353e-05
2.071689825498e-03 7.559882709835e-04 2.619420117575e-05
1.094769362469e-03 4.427215091693e-04 2.295079690022e-05
1.414154862332e-04 9.444376071491e-04 1.397425311689e-05
1.427106741537e-03 5.219627355236e-04 5.382908337066e-05
7.640152433005e-04 5.939871454162e-04 4.907555345658e-05
3.536848660677e-03 5.601164153184e-04 1.955960000297e-05
1.864546220541e-03 8.329262810293e-04 6.633459829131e-05
3.850606071767e-03 6.606735282901e-04 5.665914222127e-05
5.633917654304e-05 7.281143843142e-04 4.981609113959e-05
-3.989895831694e-05 7.583703636685e-04 5.106613742070e-05
3.960101041683e-03 7.583703636685e-04 5.106613742070e-05
1.734682568171e-03 8.329262810293e-04 6.352905407814e-05
2.338800634849e-03 7.038165544725e-04 3.641613806010e-05
2.654231932525e-03 8.456253365305e-04 3.551894141574e-05
3.509018052977e-03 5.878390066419e-04 1.790239442629e-05
2.845644925152e-03 9.564564575372e-04 7.413755678365e-05
3.020441121310e-03 7.968271789527e-04 4.586958315468e-05
1.553259457555e-03 6.317413871903e-04 9.872657648194e-05
2.988950658060e-03 9.847646194039e-04 7.193737300391e-05
6.256636807844e-04 1.096841668755e-03 1.000000000000e-04
4.986057553715e-04 1.138115744521e-03 3.359365905842e-05
3.187755885061e-03 5.312413758814e-04 6.009183951873e-05
1.346724096508e-04 1.034827297253e-03 7.187522251088e-05
4.296733839353e-04 1.142653780929e-03 3.548792753493e-05
3.334419497877e-03 5.258028060140e-04 2.419731691853e-05
1.611136605880e-03 8.390728914899e-04 6.016971559548e-05
5.340675322477e-04 1.239547508408e-03 6.957243613808e-05
3.753933806939e-03 7.156971362495e-04 5.219107255216e-05
2.588332643844e-04 1.080899756677e-03 6.055811681714e-05
1.837665532806e-04 1.112411208807e-03 1.993707661509e-05
2.248983834642e-03 5.123484239324e-04 3.561095715746e-05
2.703614266260e-03 1.019678478862e-03 8.132861974892e-05
3.321555641383e-03 5.769802533890e-04 2.833098287060e-05
2.050814270471e-04 1.183798373348e-03 5.456427306930e-05
1.793491998032e-03 9.254590472209e-04 4.611063699919e-05
8.947796149198e-04 6.998865499521e-04 7.138361750512e-05
3.254510557509e-03 6.097627671939e-04 4.297026560357e-05
2.908002508932e-03 1.030147319994e-03 2.086452546814e-05
2.399504408334e-03 8.397986253664e-04 6.619889928188e-05
2.463351787031e-03 9.638321428660e-04 7.330307643808e-05
3.125952497464e-03 5.895599627356e-04 2.488297099030e-05
2.900368243045e-04 1.194593031696e-03 3.107417724377e-05
3.464536815953e-03 6.223551242048e-04 3.839985191958e-05
6.599356782784e-04 1.268006146952e-03 5.947284387251e-05
1.142028003089e-03 4.750988117810e-04 2.279849759083e-05
1.105465878226e-03 5.911584017941e-04 2.589171933026e-05
2.937544242941e-03 1.074941413731e-03 3.186278957050e-05
5.838404532329e-04 1.377235043982e-03 7.364903720345e-05
8.178221698538e-04 7.245218378663e-04 9.419093763223e-06
3.022601776565e-03 1.117929870059e-03 6.344089033572e-05
2.320221962467e-03 1.008040750456e-03 7.649861802709e-05
3.722066494802e-05 8.308159968383e-04 5.443270548948e-05
4.037220664948e-03 8.308159968383e-04 5.443270548948e-05
3.931750162307e-03 8.607917297592e-04 5.520670312279e-05
2.155667385488e-03 4.906057859156e-04 2.633204021990e-05
1.482407678528e-06 1.037441185430e-03 6.134042610738e-05
4.001482407679e-03 1.037441185430e-03 6.134042610738e-05
2.587792033045e-04 1.255073532740e-03 3.467472917391e-05
2.433559012956e-03 1.115539251919e-03 7.971026401967e-05
3.963314944894e-04 1.244362731405e-03 6.824774551135e-05
3.922878006454e-03 6.794140142347e-04 1.708781690722e-05
8.039684600065e-04 7.992490758179e-04 6.322536214750e-05
2.214207193616e-03 1.008040750456e-03 2.951615082374e-05
1.161927254242e-03 5.227379034260e-04 2.391155345739e-05
3.653932421543e-03 7.156971362495e-04 4.781031284366e-05
3.197390394440e-03 7.174180422620e-04 7.890004220862e-05
1.663232671628e-04 1.303971090753e-03 6.991528615946e-05
1.342035728034e-03 5.657079446257e-04 4.181566583738e-05
2.040535228378e-03 8.070906867699e-04 3.365549368241e-05
3.813166850300e-03 8.219148994664e-04 6.942622329256e-05
3.331999570399e-03 6.518431000094e-04 4.520741007620e-05
3.406698595576e-03 6.313626990174e-04 2.007860946468e-05
2.878559239014e-03 1.195161159117e-03 1.000000000000e-04
1.248133224049e-03 6.166047262495e-04 6.499333488038e-05
1.042713776850e-03 7.252150544519e-04 7.870318873123e-05
1.350690501814e-03 6.538052666386e-04 4.410238193602e-05
3.422243392408e-03 6.809973610864e-04 3.193331596812e-05
9.481019102098e-04 8.725612622613e-04 9.640251516736e-05
3.662870228813e-03 8.519296873150e-04 8.383812977106e-05
2.324458566158e-03 1.115539251919e-03 2.939018277754e-05
1.292181443213e-03 7.232532726125e-04 4.670695388399e-05
3.059248340113e-03 1.280901748945e-03 1.000000000000e-04
1.978952418505e-03 8.275682590146e-04 3.124268377150e-05
2.936922648974e-03 1.311963871440e-03 2.620788472403e-05
3.101548789469e-03 7.746658551156e-04 3.273743170949e-05
1.159315259421e-03 7.276227548259e-04 3.792314945572e-05
7.499762425295e-04 8.616436488069e-04 1.928671143310e-05
3.856784860133e-03 9.394506913081e-04 5.345346757803e-05
3.898584483666e-03 1.024775120151e-03 4.155951849898e-05
1.427053655853e-03 6.784995370246e-04 3.586253511071e-05
1.955961466252e-03 9.187952730270e-04 5.908561911824e-05
3.361466255568e-03 7.763800719256e-04 8.116717867936e-05
3.223820060212e-03 1.280901748945e-03 6.457172009963e-05
1.134311247481e-03 7.935998235200e-04 3.263194381391e-05
3.270862673513e-03 8.052368861341e-04 1.392080587943e-05
4.663444175971e-04 1.278638427571e-03 8.622961546300e-06
2.570045436099e-03 1.031456558722e-03 5.275849952734e-05
2.867958363150e-03 1.350479032726e-03 5.278256006546e-05
4.139819328386e-04 1.413319267282e-03 1.000000000000e-04
3.171995728696e-03 1.372997279881e-03 4.110395427997e-05
1.222722761424e-03 7.435895452219e-04 2.566757519576e-05
5.893769936601e-05 1.135621846099e-03 5.241612391265e-05
1.115960407980e-03 9.016304612150e-04 7.395444418965e-05
3.764584144520e-03 9.159111615050e-04 3.632571540733e-05
3.795925012530e-03 1.039922285397e-03 6.220982400251e-05
2.769302567966e-03 1.350479032726e-03 4.587323511916e-05
1.705911979066e-03 9.361479295182e-04 4.211924414545e-05
3.708038863168e-03 9.575366097546e-04 3.102277566113e-05
1.853638582247e-03 9.126051450108e-04 1.408740080422e-05
2.813203434797e-03 1.401968591730e-03 2.179108926962e-05
2.750808181721e-04 1.331556853621e-03 4.228622548169e-05
5.579818527902e-04 1.548548272637e-03 9.754204827184e-05
-1.703133448416e-05 1.149894940811e-03 2.488209946139e-05
3.982968665516e-03 1.149894940811e-03 2.488209946139e-05
3.958840526085e-04 1.585191314337e-03 6.864582531933e-05
7.322035052972e-04 1.381264813348e-03 7.476873214712e-05
3.092409919371e-03 1.423824945426e-03 4.671990468645e-05
2.061125440398e-03 9.187952730270e-04 4.607835502826e-05
2.108209158785e-03 1.037606846996e-03 8.052810142359e-05
1.932276157860e-03 1.078078745756e-03 1.000000000000e-04
1.754283416610e-03 9.785128891241e-04 1.985922731614e-05
8.677224783871e-04 1.381534915893e-03 6.075051011286e-05
1.480107180468e-03 8.390728914899e-04 7.085970981657e-05
2.321391754767e-04 1.454236868449e-03 8.638948063186e-05
2.758640097643e-03 1.442414928571e-03 4.612845081469e-05
1.252571307374e-03 7.860359326385e-04 2.622299716594e-05
3.363957533756e-03 1.280901748945e-03 7.556575344437e-05
6.111115870215e-05 1.500276903051e-03 9.072705532117e-05
4.061111158702e-03 1.500276903051e-03 9.072705532117e-05
3.283059034728e-03 1.382898849290e-03 5.338023868257e-05
9.533878731455e-04 1.398346896258e-03 2.654898898602e-05
3.288103267158e-04 1.499299592883e-03 2.026866774587e-05
2.058218508264e-03 1.158523386975e-03 4.944168068494e-05
2.150720304893e-03 1.159852621373e-03 4.306966588235e-05
2.624110051719e-03 1.097575177030e-03 2.997643725780e-05
2.956870276491e-03 1.375671529116e-03 3.950834793896e-05
8.127226845352e-04 1.484248096827e-03 5.576118398422e-05
2.675991120128e-03 1.473073579297e-03 4.202372640509e-05
1.382076338795e-03 7.521211454094e-04 4.770939179572e-05
2.848480714361e-03 1.460059975781e-03 4.542854838897e-05
3.921231697708e-03 1.099848892068e-03 3.685583642625e-05
2.790684519883e-03 1.536062357478e-03 5.005318871121e-05
3.173353257221e-03 1.457444791457e-03 4.092778774976e-05
2.206851133376e-03 1.054752992194e-03 1.777174562383e-05
1.377858002356e-03 8.514268574689e-04 3.213308070774e-05
1.400346336761e-03 9.616101516494e-04 7.534963433119e-05
2.261941026547e-03 1.194118568908e-03 7.102471560684e-05
3.114675414038e-03 1.500673901941e-03 3.195461941337e-05
3.922223048043e-03 1.524909486366e-03 5.032850622578e-05
1.656163146457e-03 9.022401621238e-04 1.740278878424e-05
3.255686296079e-03 1.477872485942e-03 4.390157031520e-05
1.801065352288e-03 1.006830718467e-03 3.482577030178e-05
1.241070385842e-03 9.355239464910e-04 5.566528773740e-05
2.713131165635e-03 1.531788236587e-03 2.745140555569e-05
1.521196254869e-03 9.831768336253e-04 4.740957908287e-05
6.576027598318e-04 1.446584325666e-03 2.438725563729e-05
3.456484298322e-03 1.280901748945e-03 1.696101112142e-05
9.185726048613e-04 1.484248096827e-03 5.008873634186e-05
2.593144723947e-03 1.473073579297e-03 4.082266977672e-05
2.386764257888e-04 1.646241920127e-03 1.000000000000e-04
1.983751789200e-03 1.203337736820e-03 3.542361486863e-05
3.633792568134e-03 9.795689927876e-04 4.642358144168e-05
7.623925420196e-05 1.653759293687e-03 6.261102551289e-05
1.155868579588e-03 1.070945216899e-03 1.000000000000e-04
8.726727365237e-04 1.585933122622e-03 6.147578483028e-05
1.281298091310e-03 1.070945216899e-03 2.542951172197e-05
1.005326318614e-03 1.621063238170e-03 7.575066254649e-05
3.598965670067e-04 1.675942256016e-03 2.480557915738e-05
3.725302598063e-03 1.039922285397e-03 8.412590464847e-06
7.038831096523e-04 1.479806660196e-03 2.776194808947e-05
3.341583380714e-03 1.477872485942e-03 4.199551431905e-05
7.504844219891e-04 1.585933122729e-03 6.071252970436e-05
1.468046580024e-03 1.111265732583e-03 8.890661621125e-05
1.358708755783e-03 1.121669274214e-03 2.092504356025e-05
2.626020838895e-03 1.589345437677e-03 7.695664213230e-05
1.593695707599e-03 1.114980618515e-03 3.679741569696e-05
3.571934581422e-03 1.280901748945e-03 9.848927197800e-05
1.575821613799e-03 1.200539363460e-03 5.060843116573e-05
3.680115281754e-03 1.108330586559e-03 7.229515512526e-05
9.151692115587e-04 1.661847895846e-03 2.320231747049e-05
2.911603724284e-03 1.567198246975e-03 7.481032720831e-05
1.917090923633e-03 1.226688033911e-03 3.520858297671e-05
2.366533407571e-03 1.204928666914e-03 3.201663198257e-05
3.781828881623e-03 1.130594369877e-03 2.955143040476e-05
1.364667753609e-03 1.179780212437e-03 3.511521936911e-05
1.359561628149e-04 1.728091299241e-03 3.134219918515e-05
1.265347413298e-03 1.112952457187e-03 1.726134600597e-05
2.154642135133e-03 1.256616578788e-03 5.314876520729e-05
1.276791101506e-03 1.183237517008e-03 5.282941628137e-05
3.756537503618e-03 1.215506129572e-03 5.904688072970e-05
3.516579979866e-04 1.777521812687e-03 7.320290369094e-05
1.803174781120e-03 1.070723053210e-03 2.910137674001e-05
3.703126798087e-03 1.323701660818e-03 3.950793875486e-05
6.688511150575e-04 1.571866672674e-03 1.575288142917e-05
3.442997411075e-03 1.477872485942e-03 5.941851604204e-05
1.967900714183e-03 1.269946184871e-03 3.152148850619e-05
2.528624005290e-03 1.128393402610e-03 1.621982488591e-05
3.051792299979e-03 1.571835268581e-03 6.300972197752e-05
6.643788435955e-04 1.640766602717e-03 4.137018753057e-05
3.653465464031e-03 1.397010708424e-03 4.338593829597e-05
9.466724016199e-04 1.700352339517e-03 2.287511284290e-05
1.629673361378e-03 9.502221936629e-04 3.540760112860e-05
2.336281590130e-03 1.265268673501e-03 3.187745530030e-05
3.852284918990e-03 1.215506129572e-03 3.670053464232e-05
3.377116470917e-03 1.543802828166e-03 3.290048373914e-05
2.419461672756e-03 1.216471810123e-03 2.215573561038e-05
1.418572804730e-03 1.238029007146e-03 4.424898302382e-05
1.723232994383e-03 1.070723053210e-03 5.084040999774e-05
3.470141524416e-03 1.638717937604e-03 1.000000000000e-04
2.814070699666e-03 1.625427016860e-03 3.878228053231e-05
5.732594854748e-04 1.737818422299e-03 9.175303774799e-05
7.060790498549e-04 1.760757800816e-03 4.303291021706e-05
3.752732919304e-03 1.406927570341e-03 5.637563660464e-05
2.039468494686e-03 1.234205467665e-03 2.827228827849e-05
2.023429920753e-03 1.289611974949e-03 2.738722122121e-05
3.286502038765e-03 1.577664194499e-03 6.053977731075e-05
3.614990003660e-03 1.676887969753e-03 4.979330189858e-05
8.097549074228e-04 1.650819949645e-03 2.716972533449e-05
2.239147450168e-03 1.314313562190e-03 4.917469330868e-05
3.852015202995e-03 1.419527178239e-03 4.370294239232e-05
3.801760731689e-03 1.485976939572e-03 3.664333545518e-05
1.797087382946e-03 1.159723710347e-03 5.793006397126e-05
2.985662202714e-03 1.686677722675e-03 6.575995180089e-05
2.734556228100e-03 1.596064553870e-03 3.178652883645e-05
2.485374234572e-03 1.589345437677e-03 6.368996219106e-05
2.156285669299e-03 1.358524428442e-03 4.474375761299e-05
1.186645084885e-03 1.209329861460e-03 4.101681300630e-05
8.771460408897e-04 1.727423363421e-03 5.173557788980e-05
2.852281205234e-03 1.736263844628e-03 7.653999190604e-05
1.948230301582e-04 1.789648425958e-03 4.996181588337e-05
3.152282211119e-03 1.571835268581e-03 3.748018916274e-05
2.717970309727e-03 1.680155972863e-03 5.227670684188e-05
1.334944680097e-03 1.239447426992e-03 2.804946033896e-05
1.966902945642e-03 1.390412769611e-03 8.818136931995e-05
1.699612245346e-03 1.286322689809e-03 1.000000000000e-04
1.489434783922e-03 1.256467230539e-03 2.897251775880e-05
1.541677949958e-03 1.332352165674e-03 6.315712881544e-05
1.116009683407e-03 1.656490865198e-03 4.046432787558e-05
7.312273917755e-05 1.812634412591e-03 7.389017807008e-05
4.073122739178e-03 1.812634412591e-03 7.389017807008e-05
3.203670902798e-03 1.612582809997e-03 2.810303860137e-05
8.081879418561e-04 1.846720579823e-03 8.605790984981e-05
1.063309542848e-03 1.775121762943e-03 8.885821737155e-05
3.122031237762e-03 1.643998735771e-03 3.769317955905e-05
2.317802450321e-03 1.328399348485e-03 3.073161698430e-05
3.096160154586e-03 1.729062011934e-03 5.121730292941e-05
1.386950357073e-03 1.384117218394e-03 1.000000000000e-04
2.239723217379e-03 1.433739512159e-03 6.759115792126e-05
1.827302172584e-03 1.418203465902e-03 5.415871160872e-05
2.641455497790e-04 1.791843531555e-03 1.547370101748e-05
1.221724077062e-03 1.656490865198e-03 6.525006577984e-05
3.724786775114e-03 1.676887969753e-03 6.000346955494e-05
9.696862666329e-04 1.926062681435e-03 8.876069694889e-05
1.886419689578e-03 1.504906528846e-03 5.078080401503e-05
2.080971471342e-03 1.416581786799e-03 2.885044693451e-05
1.620404693244e-03 1.425716042718e-03 5.896868190858e-05
3.202889307993e-03 1.696194045995e-03 5.551185047730e-05
2.020062115276e-03 1.571552205067e-03 9.855755042033e-05
3.327869806083e-03 1.670956107070e-03 4.151252851324e-05
1.191071702816e-03 1.785335684337e-03 3.931156732836e-05
4.569239471804e-04 1.778752985892e-03 3.157415295514e-05
1.839354794834e-03 1.653832003119e-03 1.000000000000e-04
3.169631458820e-03 1.797072470042e-03 4.889990317372e-05
1.514637822775e-03 1.500826498730e-03 7.075491459989e-05
1.752632236823e-03 1.395605066517e-03 2.146504581595e-05
1.155130745823e-03 1.848780318872e-03 2.885633643289e-05
3.553499925828e-03 1.785250288271e-03 6.858337070455e-05
2.529533179432e-04 1.829038455147e-03 2.025716130542e-05
1.981968301129e-03 1.740124260740e-03 6.668822964828e-05
2.714732983335e-03 1.821507644137e-03 8.528095452022e-05
3.375020770262e-03 1.729122716779e-03 3.122873911107e-05
2.832059227783e-03 1.855372836182e-03 3.683496937358e-05
2.906278861574e-04 1.874988130382e-03 3.916291732408e-05
2.211784977360e-03 1.591877806847e-03 9.299609407018e-05
1.230080567836e-03 1.864324845870e-03 4.768847488224e-05
3.432820541099e-03 1.784077166122e-03 4.852591599757e-05
1.111110733785e-03 1.869813668019e-03 1.721492127369e-05
1.161320432784e-03 1.918394521267e-03 3.978429785175e-05
3.018564951984e-03 1.809453645297e-03 6.051375891818e-05
6.604853698034e-04 1.812040122414e-03 2.277737596267e-05
2.566047664905e-03 1.821507644137e-03 6.340436390984e-05
-4.128370547601e-05 1.827188570228e-03 4.143830099214e-05
3.958716294524e-03 1.827188570228e-03 4.143830099214e-05
1.648633004079e-03 1.601499991035e-03 9.684538571502e-05
3.103911086932e-03 1.855111921486e-03 3.627798109785e-05
3.302594807017e-03 1.851123783599e-03 9.462987234731e-05
3.180034671929e-03 1.877313487173e-03 3.069724876452e-05
2.927168713590e-03 1.897526036651e-03 6.641148881194e-05
4.964848970692e-04 1.825163761835e-03 2.453774332850e-05
2.621470550103e-03 1.900653725649e-03 3.321757160364e-05
1.087523385167e-03 1.952680422493e-03 3.204530722056e-05
5.583074503227e-04 1.883790881332e-03 5.498319551199e-05
3.803534002861e-03 1.704655820195e-03 2.349610766527e-05
4.380170660998e-04 1.854764868170e-03 4.099631464540e-05
1.215670634331e-03 1.424451039925e-03 7.596465719529e-05
3.659505918168e-03 1.796319904433e-03 3.799902377959e-05
3.209630551575e-03 1.932926421837e-03 2.920075557913e-05
6.764444848225e-04 1.945968250002e-03 7.851730671564e-05
1.533642217577e-03 1.601499991035e-03 1.814540078705e-05
1.494490118242e-03 1.700128053007e-03 8.615058107774e-05
4.555657036772e-04 1.986263685726e-03 9.012552973902e-05
1.721957997253e-03 1.691077826415e-03 1.891619346978e-05
3.773016857060e-03 1.770561537908e-03 4.535723552696e-05
5.729743324401e-04 1.960797278605e-03 2.340750962553e-05
3.849704978429e-03 1.860982306776e-03 7.269094007483e-05
3.623733201597e-03 1.865363258608e-03 3.795676746618e-05
2.316477760683e-03 1.591877806847e-03 1.169668925292e-05
3.686729051226e-03 1.865363258608e-03 2.503908216289e-05
3.145753728186e-03 1.936900620751e-03 3.479957897632e-05
3.067455371484e-04 1.971509227680e-03 5.869463678971e-05
1.146696046735e-03 2.011035885220e-03 5.106163537232e-05
3.943030226411e-03 1.890115148259e-03 2.341389215104e-05
2.338561448268e-03 1.647003651667e-03 4.524692507750e-05
3.667564213846e-03 1.927668305043e-03 3.822115877292e-05
3.031541885337e-03 1.917340656683e-03 3.982587819022e-05
2.988112533689e-03 1.982291180927e-03 3.798812274080e-05
5.562721963674e-04 1.990650384582e-03 1.067645832091e-05
1.729876946279e-03 1.777541864625e-03 6.519542717039e-05
8.168614348498e-04 2.014923143494e-03 7.791701557812e-05
1.329789840620e-03 1.864324845870e-03 5.202079790189e-05
9.332030293383e-04 2.059553915667e-03 4.669146099102e-05
1.274917162236e-03 1.927513938076e-03 2.979172627416e-05
3.507443922299e-04 2.051827523486e-03 3.288553513467e-05
1.418121218438e-03 1.864324845870e-03 3.631057991635e-05
3.082653887230e-03 2.005779479665e-03 5.861287808388e-05
1.738996971821e-04 1.891022203546e-03 5.354870843763e-05
1.512401626838e-03 1.889774548837e-03 6.134433695478e-05
1.383752661843e-03 1.907048345468e-03 1.680712878669e-05
1.340745706333e-06 1.878925007611e-03 2.381907213091e-05
4.001340745706e-03 1.878925007611e-03 2.381907213091e-05
2.463763351463e-04 2.104077634620e-03 8.383106802404e-05
1.877927195568e-03 1.805795338482e-03 5.634527025441e-05
1.061383702601e-03 2.013755009946e-03 3.429403052616e-05
1.619572738328e-03 1.889774548837e-03 4.582677453557e-05
1.645321657036e-03 1.793911816518e-03 2.092990164759e-05
2.935690517905e-03 1.994069466743e-03 1.574078712667e-05
1.797571780990e-03 1.865120049412e-03 4.353673002013e-05
2.834533627625e-03 1.923872024234e-03 2.989723464284e-05
3.546515491319e-03 1.901064253869e-03 4.711458989392e-05
1.858880997730e-03 1.879309737494e-03 1.939313018287e-05
1.580563410342e-03 1.983644386569e-03 5.466245235640e-05
2.108739988452e-03 1.667437026185e-03 3.204744225571e-05
3.992057823188e-04 2.111220167395e-03 4.376948740015e-05
2.863401238400e-03 1.995424556938e-03 4.725912535631e-05
2.163400777523e-03 1.710900802071e-03 3.548543840086e-05
1.488310830165e-03 2.010307167283e-03 4.136588942225e-05
1.959760818614e-03 1.833665259532e-03 2.945276439027e-05
1.547344826098e-03 2.108584003459e-03 7.327855747668e-05
2.278252319144e-03 1.685045328176e-03 2.145081307224e-05
3.915586699331e-03 1.928617940142e-03 2.172823197068e-05
3.765212324461e-03 1.990174200887e-03 7.771908670707e-05
3.429760828284e-03 1.998465530043e-03 1.000000000000e-04
5.657143910165e-04 2.032430365784e-03 2.930685979679e-05
3.257398070556e-03 1.968870994277e-03 3.058007878649e-05
5.925603805055e-05 1.993169339011e-03 1.000000000000e-04
4.059256038051e-03 1.993169339011e-03 1.000000000000e-04
1.155334988758e-04 2.136342164041e-03 5.093112126522e-05
1.676288468615e-03 2.108584003459e-03 5.566508503991e-05
1.623234975797e-03 2.170918123302e-03 2.492967699379e-05
2.435838482277e-03 1.728284575256e-03 8.151825107508e-05
2.098348888760e-03 1.774710420673e-03 5.472282271626e-05
2.948319960109e-03 2.046732566871e-03 3.774919391721e-05
1.762460471750e-04 2.202312135068e-03 3.686803872176e-05
7.233018990079e-04 2.032961345698e-03 1.736552996779e-05
6.560938915641e-04 2.117604118255e-03 9.071460331639e-05
2.458942765166e-03 1.862675976521e-03 5.134009625830e-05
1.692377775776e-03 2.231994996678e-03 6.732600711434e-05
1.026522743834e-03 2.091666944811e-03 5.106143819458e-05
8.287147057366e-04 2.189222251888e-03 9.617333784269e-05
2.358804635481e-03 1.862675976614e-03 4.879803342705e-05
3.903833273960e-03 2.006250647690e-03 5.597229316267e-05
3.294041499579e-03 2.029995091762e-03 3.933359051689e-05
2.283455688596e-03 1.871787783713e-03 2.709985076828e-05
2.671325244662e-03 1.912638464285e-03 1.565991013585e-05
3.604250589258e-03 1.949972021404e-03 2.855119668911e-05
3.555298264162e-03 1.974107826039e-03 2.602780291438e-05
2.402653495348e-03 1.949188620283e-03 4.819248170885e-05
3.191198382819e-03 2.124001170191e-03 1.000000000000e-04
-9.186777540028e-06 2.154850136819e-03 7.515493032502e-05
3.990813222460e-03 2.154850136819e-03 7.515493032502e-05
3.852647115294e-03 2.154850136819e-03 6.301117684068e-05
1.594746118274e-03 2.231994996678e-03 3.030565038784e-05
3.907975827455e-03 2.255607663207e-03 5.193814030840e-05
3.661893443439e-03 2.020267390080e-03 2.989313941748e-05
2.210677720236e-03 1.793333235024e-03 5.913926752880e-05
2.741482577431e-03 1.979195372258e-03 7.465953561342e-05
1.120966722449e-03 2.104594308128e-03 4.426317467599e-05
2.134462404466e-03 1.882086890598e-03 5.784785028973e-05
2.225791148325e-03 1.880275730424e-03 2.910705372588e-05
3.795919628889e-03 2.265363740348e-03 6.054195872356e-05
3.869543952034e-03 2.347054548028e-03 4.725632421349e-05
2.567992831356e-03 1.905606397685e-03 2.048899561767e-05
3.018291084935e-03 2.085881461665e-03 4.242932111619e-05
2.812435309848e-03 2.067239468727e-03 3.841589567315e-05
3.766522396273e-03 2.388858756858e-03 6.392385759647e-05
3.337191434234e-03 2.124001170191e-03 4.599305141474e-05
2.922336551958e-03 2.166585759129e-03 8.295192161157e-05
3.580657609569e-03 2.129729239414e-03 1.000000000000e-04
2.271515245268e-03 1.981366923186e-03 8.184393678482e-05
7.653345492706e-05 2.199463975196e-03 2.148022284881e-05
3.508070971111e-04 2.204803219234e-03 6.126003246261e-05
3.430539638737e-03 2.149981718298e-03 5.090316194760e-05
3.666564131604e-03 2.388858756951e-03 3.603440707234e-05
3.358683777279e-03 2.219592897037e-03 4.914173313118e-05
2.513313619442e-03 1.972951836299e-03 6.499035047036e-05
1.602362127356e-03 2.339237604083e-03 7.268754152847e-05
3.064512745141e-03 2.138900659607e-03 2.755879263598e-05
7.168410885189e-04 2.208841640201e-03 1.740758761183e-05
-7.452118477679e-06 2.266808404757e-03 3.337240382607e-05
3.992547881522e-03 2.266808404757e-03 3.337240382607e-05
7.135876256899e-04 2.278598224252e-03 4.957407721521e-05
1.247699946308e-03 2.011035885220e-03 4.994226420039e-05
1.426050154379e-03 1.939358530246e-03 3.641904818695e-05
2.484178108638e-04 2.257850993838e-03 5.405532786979e-05
4.925270216065e-04 2.124274439166e-03 5.046037895677e-05
3.934301039549e-03 2.355117705339e-03 1.800082014125e-05
2.600439485177e-03 1.986361201341e-03 2.316137980626e-05
3.028067104047e-03 2.172326263569e-03 2.189376801516e-05
9.883630866263e-04 2.196640560575e-03 6.063287430484e-05
1.380832746740e-03 2.035438308727e-03 6.901124900275e-05
2.633426408790e-03 2.058834781110e-03 5.646623408453e-05
1.080407299372e-03 2.172078840663e-03 3.447200762473e-05
4.348379006880e-04 2.205231546124e-03 2.277186275408e-05
3.077093300838e-03 2.222049130758e-03 4.793410244718e-05
2.415482764751e-03 2.079839115647e-03 7.990880969303e-05
2.196838166818e-03 1.913492681294e-03 1.198809617218e-05
1.294133303959e-03 2.070763574197e-03 2.460855530769e-05
2.181624558871e-03 1.933710014370e-03 1.207507668047e-05
2.143598740699e-03 1.989573186046e-03 4.633552682517e-05
1.923937254451e-03 1.910173282931e-03 5.261294577929e-05
4.204490018872e-04 2.246169577672e-03 1.974102006911e-05
3.690456598367e-03 2.469401751624e-03 4.686052585592e-05
2.999609257629e-03 2.273693755008e-03 4.518380220035e-05
1.756030778638e-03 2.371075454337e-03 8.424461927860e-05
3.586679225108e-03 2.479437353184e-03 5.740095552284e-05
1.203927251302e-03 2.225234671103e-03 1.000000000000e-04
9.385873748784e-04 2.311395672899e-03 6.445252566032e-05
3.924393538148e-03 2.407565288175e-03 3.441390763521e-05
3.414062911909e-04 2.339090057962e-03 6.942196969269e-05
2.315008571399e-04 2.356375156996e-03 4.183439678826e-05
2.175770816632e-03 2.100606687053e-03 6.926499573278e-05
2.728845302690e-03 2.182838479020e-03 1.000000000000e-04
4.945002864057e-04 2.257577418033e-03 5.518381934042e-05
1.029164154119e-03 2.337157721912e-03 2.971666307435e-05
3.482829133367e-03 2.187295834839e-03 1.333494622732e-05
2.298742201986e-03 2.167967122279e-03 6.636116175528e-05
3.781094543055e-03 2.505940403003e-03 5.086516197410e-05
7.489940861717e-05 2.273149736657e-03 4.922291386876e-05
1.962501582317e-05 2.407565288175e-03 6.081757003960e-05
4.019625015823e-03 2.407565288175e-03 6.081757003960e-05
1.427299629419e-03 2.149040409552e-03 5.340044646546e-05
3.953521969861e-03 2.467940593360e-03 2.870779039903e-05
4.755943990529e-04 2.385876483526e-03 7.268861368755e-05
2.602527903181e-03 2.182838479020e-03 2.631739950951e-05
3.660267833197e-03 2.555961959651e-03 4.481297716467e-05
2.845528994316e-03 2.247672910455e-03 2.873750054183e-05
2.074622899988e-03 2.100606687053e-03 3.188292091148e-05
8.020287581377e-04 2.400714399836e-03 9.872250548084e-05
1.098652095226e-03 2.317862015293e-03 4.022369050410e-05
1.898842298244e-03 2.371075454337e-03 5.856690032765e-05
2.791641774592e-04 2.427811524889e-03 3.895505469625e-05
1.450934453122e-04 2.253786059264e-03 2.329880825324e-05
2.802874412303e-03 2.271571676201e-03 1.555902972960e-05
3.761803766724e-03 2.642821339914e-03 8.736842635034e-05
3.901058094592e-03 2.655339770796e-03 5.244744879166e-05
3.607259889667e-03 2.655737669835e-03 6.771426615377e-05
3.077822986387e-03 2.315154166939e-03 4.333937625503e-05
1.382665264385e-04 2.393288708590e-03 5.844147624515e-05
3.438224645369e-03 2.234163472132e-03 3.172266790594e-05
1.334182732513e-03 2.225234671103e-03 3.025548121133e-05
3.676355096532e-03 2.737284512697e-03 3.916901220349e-05
1.342858102493e-03 2.333711308290e-03 7.626389938950e-05
2.609249649473e-03 2.241351648634e-03 3.258058765006e-05
1.643529889695e-03 2.480103127958e-03 7.241898092318e-05
1.236371899063e-03 2.359595000249e-03 3.332294758767e-05
2.084492642182e-03 2.204135917699e-03 6.875676606213e-05
2.008691195074e-03 1.833665259532e-03 1.947761206978e-05
2.095344584963e-04 2.460693634808e-03 3.804839273062e-05
2.204790554700e-03 2.251142267876e-03 5.911798740046e-05
3.174158287641e-03 2.342405160846e-03 5.677609176321e-05
3.852748159603e-03 2.762488310469e-03 6.293482191149e-05
2.895722868318e-03 2.352958937177e-03 8.548888426624e-05
9.867719095065e-04 2.473930533352e-03 1.000000000000e-04
1.845959320330e-03 2.440765372180e-03 2.891620662475e-05
1.306053942975e-05 2.518561220700e-03 4.944135661230e-05
4.013060539430e-03 2.518561220700e-03 4.944135661230e-05
8.404332073626e-04 2.572248120320e-03 7.629907445144e-05
3.947324969317e-03 2.518561220700e-03 1.629421349997e-05
1.746868961679e-03 2.488108986672e-03 3.122974107724e-05
2.057445147955e-03 2.366683378896e-03 9.602564830812e-05
3.586491432236e-03 2.784499801309e-03 6.234335965031e-05
4.388891647270e-06 2.655339770796e-03 5.088334826385e-05
4.004388891647e-03 2.655339770796e-03 5.088334826385e-05
3.407462313978e-03 2.325089944570e-03 6.426662536469e-05
7.422974302292e-04 2.591485722537e-03 2.370450594755e-05
2.192958286887e-03 2.402418120678e-03 4.411992812317e-05
1.474291737895e-03 2.373067621620e-03 5.977564106652e-05
1.804965833190e-03 2.488108986672e-03 2.686713043369e-05
2.546723393083e-03 2.060386758965e-03 2.861028348162e-05
1.514644780691e-03 2.495380340305e-03 5.736840112957e-05
3.424605009018e-03 2.796671588373e-03 1.000000000000e-04
3.541267626597e-03 2.899817889802e-03 5.572194877942e-05
3.747488992785e-03 2.768121050546e-03 3.836113201576e-05
1.420933146179e-04 2.672657011274e-03 8.790568200670e-05
1.946705263914e-03 2.472362500704e-03 5.345956638656e-05
1.151531137168e-03 2.323148450157e-03 1.105161369839e-05
9.425416571066e-04 2.594872381911e-03 2.828578449906e-05
3.917411707640e-04 2.404193840739e-03 1.287081634319e-05
9.219741585438e-04 2.694076125623e-03 7.021007768557e-05
2.761091997116e-03 2.328452636868e-03 4.914198693539e-05
3.692027789780e-03 2.854084719723e-03 6.394085944663e-05
1.727085127738e-03 2.575984322045e-03 5.476073909535e-05
3.095523948631e-03 2.397617025054e-03 3.930569225848e-05
2.336413109422e-03 2.416248072721e-03 1.000000000000e-04
3.444087707089e-03 2.951366082476e-03 5.428329165671e-05
2.145220741067e-03 2.505661346670e-03 6.835023274724e-05
1.271521481198e-03 2.434695931006e-03 4.737593061226e-05
3.009513103051e-03 2.445778947444e-03 5.927136554811e-05
3.552537830571e-04 2.450680675888e-03 4.049698207738e-05
3.188729570381e-03 2.496320134718e-03 9.644994034350e-05
2.992886766115e-05 2.753202488794e-03 5.018282986164e-05
4.029928867661e-03 2.753202488794e-03 5.018282986164e-05
3.232828732791e-04 2.722450456115e-03 1.000000000000e-04
1.416387807468e-03 2.495380340305e-03 4.088857209289e-05
7.669738142429e-04 2.723344465906e-03 8.752941982271e-05
6.383316465698e-04 2.770799918812e-03 4.958673282690e-05
1.864410321784e-03 2.554204950691e-03 6.202788452045e-05
2.796474642611e-03 2.388918171864e-03 2.007283637731e-05
2.741271489049e-03 2.418814997639e-03 4.270620753489e-05
2.537105855184e-03 2.241351648634e-03 3.956320663956e-05
2.932046931814e-03 2.449240686002e-03 1.741695981347e-05
2.084739357967e-04 2.760405926600e-03 2.091276327889e-05
5.287135409458e-04 2.780615456631e-03 6.047001565289e-05
1.151711418092e-03 2.409092981055e-03 6.474563628172e-05
2.259508590583e-03 2.554635935945e-03 5.598891210117e-05
4.399667326528e-04 2.724072645038e-03 1.669513728795e-05
9.804390833417e-05 2.771644779565e-03 2.038470413782e-05
2.181495991398e-03 2.594969537810e-03 2.804399317546e-05
2.649130383724e-03 2.269785537881e-03 1.639858161724e-05
1.575284587339e-03 2.616939637821e-03 7.847654343226e-05
7.038331077965e-04 2.833086927584e-03 3.883767626511e-05
2.818134075522e-03 2.443144314086e-03 3.347927523770e-05
2.448298024683e-03 2.241351648634e-03 4.924462386098e-05
6.392247134430e-04 2.850534177504e-03 2.808504895343e-05
1.681852236301e-03 2.659507954693e-03 3.627852358670e-05
2.033047922865e-03 2.518206212205e-03 4.429881248173e-05
2.076687917905e-03 2.594345583860e-03 4.346025020173e-05
2.149434005592e-03 2.700234715092e-03 8.199567458975e-05
2.650511163149e-03 2.418814997639e-03 4.805411836574e-05
3.633940556245e-03 2.966768944537e-03 5.860528165831e-05
2.274285248565e-03 2.700234715092e-03 4.285556838327e-05
3.521575587079e-03 2.986325075766e-03 3.072438547743e-05
1.453743701861e-03 2.549749505913e-03 2.427072901931e-05
3.808703562951e-03 2.864498214985e-03 4.817749564814e-05
1.130334034166e-03 2.518647772673e-03 4.687535148516e-05
3.755357529452e-03 2.952346768050e-03 5.296117675652e-05
8.860130508857e-04 2.848472399354e-03 8.517651939735e-05
1.068251372389e-03 2.580992128722e-03 3.454028420810e-05
4.206833008994e-04 2.895900557040e-03 9.752119034775e-05
1.458939648757e-03 2.611671011776e-03 3.786839515007e-05
1.468418634386e-03 2.722978457519e-03 7.207100116243e-05
1.213199031341e-03 2.497411018208e-03 3.826687597483e-05
1.021863612949e-03 2.848460443953e-03 5.067404786924e-05
7.609567782842e-04 2.896298873495e-03 4.636128990079e-05
1.270808284521e-03 2.511739373115e-03 2.109748880970e-05
3.701247663932e-03 2.995315081310e-03 1.450510522235e-05
2.882299902020e-03 2.489833047864e-03 4.587493795781e-05
8.242639748847e-04 2.952158703029e-03 3.550404639514e-05
9.101505848764e-04 2.993589102863e-03 5.985312734149e-05
1.974209947640e-03 2.604188217242e-03 5.861325594721e-05
1.149878825740e-03 2.851662595165e-03 7.738121087448e-05
2.499142891490e-03 2.306397905351e-03 3.331575400578e-05
1.616084660590e-03 2.780063328897e-03 8.624494192388e-05
3.952261200195e-03 2.807442387351e-03 4.454959945959e-05
1.804024121719e-03 2.635781312505e-03 3.946692305646e-05
5.865990565222e-04 2.935041207924e-03 7.146844398765e-05
2.159921669941e-04 2.857429259802e-03 7.242556531698e-05
1.060805496998e-03 2.961170043009e-03 6.376319439459e-05
9.966994453569e-04 3.060394014872e-03 4.947942437268e-05
1.275306471094e-04 2.809525937049e-03 2.761998163332e-05
3.471406807421e-03 3.054390471141e-03 5.230168806774e-05
2.521967679705e-03 2.477613356972e-03 9.329889432289e-05
2.697486163844e-03 2.512011312937e-03 5.631160338043e-05
2.814387891695e-03 2.499625520556e-03 2.273944586812e-05
2.015096800197e-03 2.714056920331e-03 5.305075487447e-05
2.955000615159e-03 2.525783342354e-03 3.522880649878e-05
2.251201553783e-03 2.805389425849e-03 6.434005945761e-05
1.337465754232e-03 2.540358486532e-03 4.995042902996e-05
2.837055972982e-03 2.538498471642e-03 2.057306115615e-05
9.053501200873e-04 3.112080751654e-03 5.530277962903e-05
2.061818602374e-03 2.828608768810e-03 7.066283689552e-05
1.491465196536e-03 2.849791175812e-03 5.655556037402e-05
7.440343126441e-05 2.816603884098e-03 2.597664510632e-05
1.007710502614e-04 2.885715436210e-03 4.620951723703e-05
8.266446532237e-04 3.135831979589e-03 2.679082645275e-05
1.155211484762e-03 2.975977767360e-03 3.168281314237e-05
2.781725748809e-03 2.620254066535e-03 7.814578711168e-05
3.054908243617e-03 2.532233318356e-03 3.837635350728e-05
2.382511300499e-03 2.831103058004e-03 6.946367913523e-05
1.777520090899e-03 2.780063328897e-03 7.519048838504e-05
3.278142797791e-03 2.796671588373e-03 4.646221122728e-05
1.925081472714e-03 2.828608768810e-03 6.607429276423e-05
3.001101333976e-03 2.599022663544e-03 4.739077397034e-05
2.416546320861e-03 2.504933543056e-03 1.560498746398e-05
1.991859247196e-03 2.915950399385e-03 4.124280107011e-05
2.515829560522e-03 2.831672104249e-03 6.385579531995e-05
1.403406595214e-03 2.852715477711e-03 3.155158353796e-05
2.160771293763e-03 2.825456040697e-03 2.828985449381e-05
7.585208208842e-04 2.979941721216e-03 3.586863296917e-05
3.392737289847e-03 3.058683001682e-03 2.648097206198e-05
3.568944642724e-03 3.023158223124e-03 2.744247750149e-05
1.124131095242e-03 3.019877414160e-03 2.210539140944e-05
2.296319992274e-03 2.923030193390e-03 5.655036704233e-05
1.345651042909e-03 2.861138110153e-03 2.681488422746e-05
1.587857419381e-04 2.946290563726e-03 3.325749408444e-05
2.392896086650e-03 2.945118221090e-03 4.251942135246e-05
2.914577506128e-03 2.664423865416e-03 6.106977181353e-05
3.111436052452e-03 2.651666688291e-03 7.485955708329e-05
2.149846135824e-03 2.889686080142e-03 3.647858648919e-05
1.431568342198e-03 2.899167981297e-03 2.106983546649e-05
3.199314488181e-03 2.796671588373e-03 3.236609838265e-05
2.652825885656e-03 2.654726124632e-03 5.528396035963e-05
3.697295497556e-03 3.101018321887e-03 8.984250009492e-05
3.547891981587e-03 3.154669433778e-03 6.890211364389e-05
2.837202793817e-03 2.703464128234e-03 2.186229701555e-05
2.089158136631e-05 2.837068163468e-03 3.020209503742e-05
4.020891581366e-03 2.837068163468e-03 3.020209503742e-05
1.099649519072e-03 3.095455416749e-03 5.733884095968e-05
1.483073947925e-03 2.981451381553e-03 7.537177882826e-05
8.610080508345e-04 3.217724248784e-03 5.926932885325e-05
2.458340768391e-03 2.954461635590e-03 2.358886680234e-05
3.636208422364e-03 3.207114530365e-03 3.258313532865e-05
3.687736667906e-03 3.209480581978e-03 1.899939902088e-05
3.135727393303e-03 2.813936440021e-03 3.352315519843e-05
2.849669799603e-04 2.959779712591e-03 5.093504365705e-05
3.831910575937e-03 3.101018310004e-03 4.477257817630e-05
1.275762933542e-03 2.950692300892e-03 8.278648808161e-05
4.994539324325e-04 3.027493692413e-03 5.502900733119e-05
6.665253140293e-04 3.071991149864e-03 8.709855521583e-05
1.580586141473e-03 2.902060098036e-03 4.081156731456e-05
2.784080997684e-03 2.738547460984e-03 4.017105179001e-05
3.313931768141e-03 2.871979350468e-03 3.386495164157e-05
3.558160241234e-04 3.018108862911e-03 4.083588185399e-05
5.732767237484e-05 3.015758881662e-03 8.970425442579e-05
4.057327672375e-03 3.015758881662e-03 8.970425442579e-05
3.036801224612e-03 2.813936440021e-03 6.540301349222e-05
2.337580329228e-03 3.049354787738e-03 7.548521773264e-05
1.701651393053e-03 2.853048640304e-03 2.622070343277e-05
4.010527519186e-04 3.151481590039e-03 1.000000000000e-04
2.596209206866e-03 2.831672104249e-03 1.652385102458e-05
2.090891431910e-03 3.016658667392e-03 1.000000000000e-04
5.549782609347e-04 3.089351082665e-03 2.579126859909e-05
3.250355170396e-03 2.871979350468e-03 2.971164610284e-05
1.880371316001e-03 2.971427813685e-03 8.328551819728e-05
3.410984369558e-03 3.131532536661e-03 4.568692999684e-05
3.275373456520e-03 2.955074655652e-03 5.706821552524e-05
3.110936117669e-03 2.864107870990e-03 2.243915205448e-05
2.017924764873e-04 3.022382209103e-03 5.316622522720e-05
1.969233305332e-03 3.032484176618e-03 2.268311417878e-05
2.888706080449e-03 2.805838694692e-03 8.269213067055e-05
3.791216726841e-03 3.154570266165e-03 1.827321590617e-05
1.009981693891e-03 3.165451260704e-03 5.641416782036e-05
2.770264435694e-03 2.816990215931e-03 3.627332498080e-05
1.173020118980e-03 3.110063613278e-03 1.747189414869e-05
1.546776193956e-04 3.142202950631e-03 6.987376576972e-05
2.675968787200e-03 2.863420305189e-03 6.883339465814e-05
7.527314416532e-04 3.218291650117e-03 4.900877122658e-05
3.850424131372e-03 3.202833587014e-03 5.811307141471e-05
1.653388879947e-03 3.023261484874e-03 1.000000000000e-04
2.219217377087e-03 3.097291264101e-03 5.155581103281e-05
1.953066606309e-03 3.147972991406e-03 9.036579063239e-05
2.969328637241e-03 2.878941341452e-03 2.613798293346e-05
2.436933054436e-03 3.049354787738e-03 2.386750747502e-05
2.577908319560e-03 2.911085069798e-03 3.694197956157e-05
7.331296087462e-05 3.157605411715e-03 1.293597099532e-05
3.579278559859e-03 3.271622914637e-03 5.218972745488e-05
2.143411589624e-03 3.155547679612e-03 4.402990027498e-05
2.780746248341e-03 2.893567212864e-03 4.019482373264e-05
2.538592043743e-03 3.056905425971e-03 7.807150490304e-05
3.937698177079e-03 3.217064326165e-03 3.031358175520e-05
3.072831691060e-03 2.895034627414e-03 2.333880591032e-05
5.803660621422e-04 3.124766638956e-03 1.393940267469e-05
1.784038165033e-03 3.039897774678e-03 3.170422101029e-05
1.795536770747e-03 3.159126674675e-03 6.755841189199e-05
1.376930149856e-03 3.006942120055e-03 3.296690506958e-05
3.678306388377e-03 3.267416254249e-03 3.969714575497e-05
9.771888929388e-04 3.302630145582e-03 8.462994849157e-05
3.295508114200e-03 3.131538276667e-03 6.978932550409e-05
6.001706973822e-04 3.160823256542e-03 2.378010967211e-05
3.766042068363e-03 3.271157270259e-03 4.811825576403e-05
3.169272334147e-03 3.131538247194e-03 5.644645454963e-05
2.850304888975e-03 2.916777565437e-03 3.313405839033e-05
2.436599008542e-03 3.153110051306e-03 6.213516100598e-05
2.255450587141e-03 3.246056658203e-03 1.000000000000e-04
2.072541376481e-03 3.219454034709e-03 4.885978266189e-05
3.013858372900e-03 3.141477636783e-03 9.928501566647e-05
2.598394144309e-04 3.194800459059e-03 4.770833539505e-05
1.161743182613e-03 3.156434556578e-03 2.969034495263e-05
5.551632812847e-04 3.278956189359e-03 1.000000000000e-04
1.415222855120e-03 3.078878864822e-03 4.335431472704e-05
3.141386106505e-03 3.256101837880e-03 7.120044050333e-05
7.326524217076e-04 3.371137367866e-03 1.000000000000e-04
3.383805154771e-03 3.240618285736e-03 6.673375479068e-05
1.862083453917e-03 3.237845473845e-03 3.551976418717e-05
2.129266363416e-03 3.277750017816e-03 3.010342394367e-05
3.696081111742e-03 3.405980290496e-03 1.000000000000e-04
3.851618099906e-03 3.306905381840e-03 4.462431621596e-05
3.846004825696e-03 3.401253649101e-03 4.989078515941e-05
1.111233171495e-03 3.302466167917e-03 4.491601288872e-05
1.495448376061e-03 3.097767180129e-03 3.906475263885e-05
3.270217955037e-03 3.278866426382e-03 5.312020720794e-05
2.635171187272e-03 3.089071409930e-03 2.372329598959e-05
3.827330259994e-03 3.521153961113e-03 7.145510161811e-05
3.026434006123e-03 3.279397699758e-03 3.920718187509e-05
3.477316864545e-03 3.330591321641e-03 6.303367970647e-05
2.734248768960e-03 2.925710138769e-03 1.633112848850e-05
2.928738356096e-03 2.945587493797e-03 5.042323175705e-05
2.963558514788e-03 3.296906036483e-03 2.606049209572e-05
3.154820064493e-04 3.253959073561e-03 3.350667011569e-05
4.108668706981e-04 3.322376270707e-03 5.068778386890e-05
8.872042166936e-04 3.417635164431e-03 6.139548963161e-05
1.567214529679e-03 3.148581808841e-03 4.886992366292e-05
3.709176135961e-03 3.560811790368e-03 5.317691872909e-05
2.565665766127e-03 3.217213360534e-03 8.197404122475e-05
2.413288661732e-03 3.276063306550e-03 6.064515207418e-05
1.887906450089e-04 3.247572924398e-03 4.070816517448e-05
2.066689815198e-03 3.309104925138e-03 3.988910851595e-05
1.207960205983e-03 3.309642818029e-03 5.207694010455e-05
3.204778523758e-03 3.377916727012e-03 6.559491912901e-05
3.938057463904e-03 3.032355221345e-03 3.071513332872e-05
3.616580167475e-03 3.559872618512e-03 3.942381280772e-05
1.702048036119e-03 3.141024888564e-03 2.742029951251e-05
1.298083523336e-03 3.322591530432e-03 3.897193029878e-05
5.982522227302e-04 3.429205428436e-03 4.640807105454e-05
2.127149913535e-03 3.333842814898e-03 2.518260991157e-05
2.501770563896e-03 3.322175802293e-03 3.913164519962e-05
1.378796099907e-03 3.321613420206e-03 4.174664582733e-05
2.882770942775e-03 3.319886198630e-03 5.793188639190e-05
2.080914476132e-03 3.426552243862e-03 7.841639555003e-05
1.906101771601e-03 3.426954977094e-03 9.639677336150e-05
1.072379552343e-03 3.366563943195e-03 3.003829060817e-05
2.674782143726e-03 3.217213360534e-03 2.714233637420e-05
2.547106913541e-04 3.279929659380e-03 3.258122041313e-05
7.273017953680e-05 3.204756726752e-03 3.322018381717e-05
1.657697768695e-03 3.242800822461e-03 8.150304483785e-05
1.031467412924e-03 3.489998515684e-03 1.000000000000e-04
3.285961679860e-04 3.317841154982e-03 3.170795414928e-05
6.625044613534e-04 3.512307511519e-03 5.763807313483e-05
2.340851484233e-03 3.426906559410e-03 1.000000000000e-04
1.156849307375e-03 3.401793999296e-03 5.329947309501e-05
3.545267998985e-03 3.421911623811e-03 5.076969462718e-05
1.757141380653e-03 3.469675419070e-03 5.843165522541e-05
1.505298329249e-03 3.310472195694e-03 8.524530125775e-05
3.003329614073e-03 3.369342592774e-03 5.365775613494e-05
3.782229990021e-03 3.650977382368e-03 6.286919104113e-05
2.005719356066e-03 3.502069825849e-03 2.765514220423e-05
1.830116458816e-03 3.530335353916e-03 3.190470921138e-05
1.765094506491e-03 3.579179196366e-03 4.941918420053e-05
2.756162757809e-03 3.319886198630e-03 6.867629857445e-05
3.360055915605e-03 3.365989790865e-03 5.939488542071e-05
3.441182031266e-03 3.433678333532e-03 4.620302749449e-05
2.906669777626e-03 3.460044820985e-03 7.889418909563e-05
2.668262000812e-04 3.349975136104e-03 3.792054374440e-05
1.415834342486e-03 3.378999142972e-03 2.655381952866e-05
3.299627885482e-04 3.381159318646e-03 3.162529256298e-05
2.075174094412e-04 3.370730208051e-03 2.491502320404e-05
8.141917551272e-04 3.483222140820e-03 3.508429996248e-05
3.957524586610e-04 3.408457567937e-03 3.671038898562e-05
1.187501393810e-04 3.220893801748e-03 1.551428713220e-05
8.684029079527e-04 3.572429194385e-03 6.930318729755e-05
1.164594013554e-03 3.489590421146e-03 3.312736804634e-05
4.821808004818e-04 3.407787179648e-03 4.654758780203e-05
3.054673040132e-03 3.486342220612e-03 7.142719640757e-05
1.139396081771e-04 3.277487673413e-03 3.989934020474e-05
3.074217905942e-04 3.504532691241e-03 9.379070047835e-05
5.476830223490e-04 3.520477073717e-03 5.747364976257e-05
2.200208122237e-03 3.476870112090e-03 4.891175752158e-05
3.290572467083e-03 3.412846343007e-03 2.441135597658e-05
1.837171153125e-03 3.586414593918e-03 2.301971535058e-05
2.266192171992e-03 3.546917130251e-03 4.133842376973e-05
1.661297790255e-03 3.608539221677e-03 5.845004419651e-05
3.963871681061e-03 3.091517885031e-03 3.056884958701e-05
3.259575221273e-03 3.462256474565e-03 3.391694203054e-05
4.493877736976e-04 3.595561072935e-03 6.597417572765e-05
3.181823769411e-03 3.515913156180e-03 5.911685051337e-05
3.652115310923e-03 3.616711434485e-03 2.635978741572e-05
2.180795740327e-03 3.571294087364e-03 4.746915810856e-05
2.621667839283e-03 3.361216891232e-03 7.202590204869e-05
3.354105859654e-03 3.514429407771e-03 7.255300671218e-05
9.529982054639e-04 3.608012685064e-03 2.247125996252e-05
-1.590813983067e-05 3.521212474039e-03 8.530650956857e-05
3.984091860169e-03 3.521212474039e-03 8.530650956857e-05
2.449361892207e-03 3.348255749213e-03 1.940750836124e-05
3.111642743019e-03 3.556187300840e-03 1.870538526538e-05
3.181392462518e-04 3.698026465007e-03 1.000000000000e-04
2.975790348729e-03 3.519502059103e-03 1.228045932279e-05
2.720406643417e-03 3.438919464425e-03 5.362059142662e-05
3.491397477326e-03 3.613556090870e-03 9.678419439175e-05
1.754094836581e-03 3.701205293702e-03 7.075572634753e-05
3.366466422593e-03 3.616491687173e-03 2.818134566065e-05
1.347127395548e-04 3.363151986666e-03 4.824768216331e-05
5.437070006751e-04 3.609472801010e-03 2.936549469171e-05
4.422239062058e-04 3.744959271961e-03 3.266393195200e-05
2.957323904111e-03 3.577275098609e-03 4.837210592045e-05
4.135406392510e-04 3.823772967012e-03 5.120715866827e-05
3.256147848125e-03 3.515913156180e-03 1.520722820084e-05
1.114449127490e-04 3.461090692677e-03 5.241701820045e-05
1.620524317536e-03 3.369945113015e-03 4.442374147972e-05
1.182959835806e-03 3.616335091905e-03 9.494118234022e-05
1.598858879303e-03 3.742801871689e-03 8.962115279167e-05
2.510351646592e-03 3.447888913011e-03 6.905327470863e-05
2.436318719273e-03 3.527379238788e-03 3.859564303658e-05
2.072048577713e-03 3.566089730227e-03 6.140246694575e-05
3.883985213630e-03 3.678313902515e-03 4.249404198233e-05
1.026702791129e-03 3.645276216212e-03 5.535143099638e-05
2.849908336014e-03 3.587787598163e-03 5.955665260259e-05
2.621884233552e-03 3.485121062868e-03 4.852967871935e-05
2.769856456294e-04 3.893567310263e-03 9.982481478080e-05
1.080607950752e-03 3.716325912543e-03 2.811242667410e-05
3.611517665068e-03 3.655907008902e-03 2.920310956934e-05
3.262206030995e-03 3.564207133100e-03 3.196206621104e-05
9.739836250040e-05 3.890873912507e-03 7.978298084449e-05
3.300539583903e-03 3.576012465303e-03 7.719805261503e-06
1.718151027724e-03 3.811413542626e-03 3.855884023261e-05
3.032342082013e-03 3.582056707173e-03 2.679830578720e-05
1.345979879027e-03 3.407224928680e-03 4.867415273228e-05
1.797891636055e-03 3.811309085151e-03 4.095922505631e-05
3.375037716225e-03 3.679915812889e-03 3.545399330062e-05
1.316778292141e-03 3.638578082610e-03 4.071331765857e-05
9.967331016638e-04 3.756097785318e-03 5.945168010068e-05
-4.132914570987e-05 3.863708438221e-03 6.157939260969e-05
3.958670854290e-03 3.863708438221e-03 6.157939260969e-05
1.755906384356e-03 3.872383963651e-03 3.315489063069e-05
3.680642379412e-03 3.705153441997e-03 5.226155232246e-05
3.015699276950e-03 3.684291127336e-03 7.352996362177e-05
9.259703667235e-04 3.638794309307e-03 1.847885339881e-05
2.372410326465e-03 3.549995183742e-03 2.686285506203e-05
3.209909078526e-03 3.611618954022e-03 3.862725315090e-05
5.108831805287e-04 3.745796697358e-03 3.600056182893e-05
2.549207839831e-03 3.579831557364e-03 6.849186388957e-05
1.290938035569e-03 3.745328021112e-03 6.496678618515e-05
3.307735569620e-03 3.613668199692e-03 3.061733787243e-05
1.897187694507e-03 3.560644927278e-03 3.732474636515e-05
2.326791795874e-03 3.611263242168e-03 4.705126195906e-05
2.692373202764e-03 3.511113069400e-03 2.382481123958e-05
3.769595620823e-03 3.892211370209e-03 1.000000000000e-04
1.874849481120e-03 3.811599613340e-03 3.599916840132e-05
1.763711326438e-04 -2.437930060241e-05 3.000620836704e-05
1.763711326438e-04 3.975620699398e-03 3.000620836704e-05
1.960943408893e-03 3.682649531427e-03 9.962717593209e-05
1.141092738598e-03 3.735128771495e-03 3.101462259927e-05
2.648809653731e-03 3.610054104634e-03 3.559427205396e-05
1.988665033102e-03 3.870008492899e-03 8.977152807009e-05
3.142407473320e-03 3.594964347325e-03 2.921624192045e-05
2.752973624661e-03 3.527472919834e-03 3.894505286925e-05
3.963777216914e-05 -2.020395215313e-05 2.625225528650e-05
3.963777216914e-05 3.979796047847e-03 2.625225528650e-05
3.581958107126e-03 3.719195684652e-03 3.917623527693e-05
1.455287001834e-03 3.764596534491e-03 5.559555441605e-05
2.434928942179e-03 3.673388004545e-03 7.766092077524e-05
3.263600694107e-03 3.620004109776e-03 1.397000335837e-05
4.821194553602e-04 3.796744248368e-03 2.250591274992e-05
3.503498651580e-03 3.758342526501e-03 4.850706667541e-05
3.156514269207e-03 3.711302826789e-03 6.985237124519e-05
2.762047412473e-03 3.594923398986e-03 2.859356883140e-05
2.324639345761e-03 3.704917451116e-03 3.689495009764e-05
1.217610118495e-03 3.731239109501e-03 8.566330174875e-06
9.313598365099e-04 3.789986832564e-03 1.418370239843e-05
2.365664900044e-03 3.772401763246e-03 4.208117596664e-05
3.608014909756e-03 -4.118197862582e-05 7.477067499856e-05
3.608014909756e-03 3.958818021374e-03 7.477067499856e-05
3.901514342690e-04 3.884337638316e-03 1.371728136189e-05
4.601069195666e-04 -4.881252822717e-05 8.304424162181e-05
4.601069195666e-04 3.951187471773e-03 8.304424162181e-05
1.489248246816e-03 3.881736094911e-03 6.604316106096e-05
1.851460254334e-03 3.891706138927e-03 4.279952120113e-05
3.076475672278e-03 3.753517012103e-03 1.858948791214e-05
1.622205775371e-03 3.898341349839e-03 6.766079609599e-05
2.606659190949e-03 3.669531032867e-03 3.730405786362e-05
1.892608207899e-03 3.941691912872e-03 2.183958171802e-05
2.138580943186e-03 3.684508610991e-03 7.335971865828e-05
7.506615580007e-04 3.569558124606e-03 4.747761839528e-05
2.549339719674e-03 3.761710246012e-03 6.687504137180e-05
3.557633854645e-03 3.778246583668e-03 9.171280289095e-06
2.910113645382e-03 3.659304762716e-03 3.392802048257e-05
2.243652270058e-03 3.796569086168e-03 8.025516938601e-05
2.657169989657e-03 3.761745131905e-03 4.095523427736e-05
1.784671046265e-03 3.937754277832e-03 3.826418070812e-05
1.111698958082e-03 3.789970338258e-03 3.120791261582e-05
3.101420449443e-03 3.852286252602e-03 8.151359365516e-05
2.724070142298e-03 3.761738785554e-03 2.594491868124e-05
8.863156584012e-04 3.784811801831e-03 3.115692939631e-05
1.549827710927e-03 -2.024367704404e-05 4.127490435456e-05
1.549827710927e-03 3.979756322956e-03 4.127490435456e-05
2.344042561612e-03 3.836917557816e-03 2.596155522670e-05
3.400834424109e-03 3.765042873568e-03 5.238993879082e-05
2.446188309787e-03 3.796072851619e-03 4.184939022761e-05
1.371304524061e-03 3.804370631725e-03 3.475684361508e-05
1.698253738184e-03 -1.677587729995e-05 4.630577656243e-05
1.698253738184e-03 3.983224122700e-03 4.630577656243e-05
1.939887378747e-03 -1.376202204268e-05 3.627827552684e-05
1.939887378747e-03 3.986237977957e-03 3.627827552684e-05
1.418494707657e-03 3.832476641850e-03 2.016911775983e-05
2.629827179873e-03 3.842808022762e-03 4.453665402511e-05
2.420244851818e-03 3.915009953438e-03 7.988432408694e-05
5.980217445810e-04 3.736918818060e-03 5.158915321258e-05
2.780643633796e-03 3.763575083554e-03 3.065836683862e-05
2.927290673973e-03 -9.646917718615e-05 1.000000000000e-04
2.927290673973e-03 3.903530822814e-03 1.000000000000e-04
7.880837790025e-04 3.783547523281e-03 6.708316685195e-05
6.546311075573e-04 3.841945648532e-03 6.772245528653e-05
2.559278743854e-03 3.867438490206e-03 3.018778475627e-05
2.742791622153e-03 3.852604906176e-03 6.601781032776e-05
1.192770780065e-03 3.788173585316e-03 4.214321533251e-05
3.288968296116e-03 3.762136662577e-03 5.763406482189e-05
7.586125364591e-04 3.896600285756e-03 4.974784091319e-05
2.604754514867e-03 3.928892211030e-03 4.512451928941e-05
3.209858902104e-03 3.852286252678e-03 2.692485900528e-05
2.798436079427e-03 3.939961443367e-03 3.390555122729e-05
3.349081507652e-03 3.817953176998e-03 2.162266037432e-05
2.527965585376e-03 -1.852799606772e-05 4.668960922676e-05
2.527965585376e-03 3.981472003932e-03 4.668960922676e-05
1.050702659456e-03 -9.386240786166e-05 1.000000000000e-04
1.050702659456e-03 3.906137592138e-03 1.000000000000e-04
3.463155765914e-03 3.858892193814e-03 5.983398859828e-05
6.910700032640e-04 3.945885405687e-03 3.377082825722e-05
8.852952297870e-04 3.900645050703e-03 5.515358433268e-05
3.308298935764e-03 3.844667821772e-03 2.713070627118e-05
2.281524923374e-03 3.931407936969e-03 5.980143900931e-05
7.334479732710e-04 3.966184573662e-03 1.307467995957e-05
3.544121726860e-03 3.863385949086e-03 2.125658231055e-05
8.158926601060e-04 -3.469740288296e-05 3.970059759944e-05
8.158926601060e-04 3.965302597117e-03 3.970059759944e-05
3.365280714043e-03 3.873356852268e-03 3.605239936959e-05
3.290578119621e-03 3.915634499270e-03 4.601502409096e-05
3.402561711890e-03 -3.293269810418e-05 6.415590508948e-05
3.402561711890e-03 3.967067301896e-03 6.415590508948e-05
3.261718750000e-03 1.027343750000e-03 9.192811108472e-05
8.945312500000e-04 1.144531250000e-03 6.904560115825e-05
1.886718750000e-03 2.113281250000e-03 3.415361534293e-05
2.582031250000e-03 1.285156250000e-03 4.336566749144e-05
5.742187500000e-04 2.582031250000e-03 5.516319091851e-05
1.472656250000e-03 3.550781250000e-03 7.868700469949e-05
3.410156250000e-03 2.558593750000e-03 2.775892593345e-05
2.792968750000e-03 3.074218750000e-03 3.747958034734e-05
3.480468750000e-03 1.066406250000e-03 3.740997799001e-05
2.207031250000e-03 8.242187500000e-04 4.862845979510e-05
1.035156250000e-03 1.277343750000e-03 4.883214529917e-05
2.449218750000e-03 1.402343750000e-03 6.513058342161e-05
1.222656250000e-03 2.667968750000e-03 2.676466507313e-05
9.765625000000e-05 3.691406250000e-03 3.001395574742e-05
-1.953125000000e-05 1.300781250000e-03 3.937155239574e-05
3.980468750000e-03 1.300781250000e-03 3.937155239574e-05
2.417968750000e-03 2.652343750000e-03 3.184583787078e-05
3.480468750000e-03 9.257812500000e-04 2.989477544367e-05
1.292968750000e-03 3.167968750000e-03 5.655210515480e-05
1.269531250000e-03 3.910156250000e-03 7.236363599062e-05
1.792968750000e-03 2.003906250000e-03 3.865840512557e-05
8.007812500000e-04 1.003906250000e-03 4.756662416749e-05
3.652343750000e-03 1.535156250000e-03 2.957763960542e-05
2.214843750000e-03 6.445312500000e-04 7.728890469997e-05
3.917968750000e-03 1.675781250000e-03 2.472047804423e-05
-1.171875000000e-05 3.339843750000e-03 6.949745806856e-05
3.988281250000e-03 3.339843750000e-03 6.949745806856e-05
3.128906250000e-03 8.945312500000e-04 6.131382113749e-05
1.355468750000e-03 1.574218750000e-03 8.007903923632e-05
3.316406250000e-03 2.636718750000e-03 4.718378832200e-05
2.691406250000e-03 1.199218750000e-03 9.375000000000e-05
3.558593750000e-03 2.316406250000e-03 4.432497105696e-05
1.308593750000e-03 2.746093750000e-03 4.686271550112e-05
4.257812500000e-04 2.558593750000e-03 5.450729298587e-05
1.855468750000e-03 2.230468750000e-03 7.748385756307e-05
1.050781250000e-03 1.449218750000e-03 2.399633329162e-05
6.210937500000e-04 2.449218750000e-03 5.721024195842e-05
1.113281250000e-03 2.691406250000e-03 2.409791115185e-05
3.128906250000e-03 2.988281250000e-03 1.623564744152e-05
3.527343750000e-03 7.460937500000e-04 5.041990631160e-05
1.980468750000e-03 2.035156250000e-03 5.828307118888e-05
1.523437500000e-04 3.589843750000e-03 2.624152533187e-05
2.832031250000e-03 3.183593750000e-03 4.161013065983e-05
3.363281250000e-03 2.464843750000e-03 2.294352161206e-05
-3.906250000000e-06 3.722656250000e-03 1.318478537889e-05
3.996093750000e-03 3.722656250000e-03 1.318478537889e-05
2.851562500000e-04 2.550781250000e-03 7.097705024665e-05
3.457031250000e-03 2.457031250000e-03 5.441823555965e-05
2.519531250000e-03 2.691406250000e-03 7.812500000000e-05
3.917968750000e-03 2.925781250000e-03 3.068185140713e-05
2.363281250000e-03 1.511718750000e-03 2.254051737229e-05
7.929687500000e-04 1.246093750000e-03 3.197819641647e-05
2.683593750000e-03 3.003906250000e-03 2.671761593058e-05
1.339843750000e-03 1.738281250000e-03 7.411588266020e-05
2.144531250000e-03 3.917968750000e-03 6.139726644631e-05
2.082031250000e-03 5.742187500000e-04 7.370297759419e-05
4.257812500000e-04 1.035156250000e-03 3.805016077944e-05
1.613281250000e-03 3.488281250000e-03 2.757861860350e-05
9.882812500000e-04 1.035156250000e-03 2.872483674160e-05
3.386718750000e-03 1.128906250000e-03 6.570329068333e-05
