# 2D packing, generated 2026-10-01T15:39:33.422597+00:00
# generator = preprocess/generate_packing_gravity.py
# periodic axes = xy
# porosity_achieved = 0.474995  (target 0.475000)
# 240 distinct grains; 264 rows including 24 periodic edge images.
# Centres span [-R, L+R]: a grain need only be PARTLY inside.
# Do NOT drop the out-of-box rows -- they carry the conduction
# paths that cross the domain edge, and k_eff depends on them.
# header row is 'Lx Ly'; grain rows are 'x y r', all in metres
2.000000000000e-03 2.000000000000e-03
-8.780507842258e-05 1.149086446115e-04 9.836115938074e-05
1.912194921577e-03 1.149086446115e-04 9.836115938074e-05
1.626177988500e-03 6.033305091831e-05 7.131216659202e-05
1.626177988500e-03 2.060333050918e-03 7.131216659202e-05
3.740357871146e-04 6.793159095642e-05 4.129338021115e-05
1.350166926301e-04 8.343446969805e-05 5.007834545422e-05
3.095345702507e-05 1.577493057126e-04 2.788826439138e-05
1.506964063502e-03 1.075504705860e-04 5.691287655848e-05
1.717938161956e-03 1.208667053372e-04 3.861663710223e-05
2.247249953515e-04 1.737509980090e-04 7.722024711458e-05
1.653730055517e-03 1.591213887434e-04 3.124645109891e-05
1.025918728796e-04 2.207080638271e-04 4.799771307072e-05
3.131587762837e-04 2.822514100723e-04 6.275551831106e-05
1.434508668605e-03 1.641438569218e-04 3.502590086252e-05
1.363315735767e-03 2.117653297620e-04 5.062656472707e-05
1.467595025744e-03 2.599771056730e-04 5.920936295320e-05
1.303172086259e-03 2.698711054357e-04 3.300119148757e-05
1.764303672165e-03 1.866191390039e-04 4.183948288474e-05
1.683247861990e-03 2.622518176989e-04 6.902241982978e-05
1.273256068295e-03 2.120471088699e-05 2.658231431690e-05
1.273256068295e-03 2.021204710887e-03 2.658231431690e-05
1.828351629954e-03 2.051875267624e-04 2.484594369056e-05
1.384580212685e-03 2.876439710724e-04 2.817538767908e-05
1.766423092748e-03 3.238837839501e-04 3.391819350914e-05
1.736435806034e-04 2.945378868013e-04 5.289208863267e-05
1.080951878880e-03 4.045828782240e-05 2.933843575175e-05
5.933647470751e-04 4.166494702940e-05 4.944917242476e-05
5.933647470751e-04 2.041664947029e-03 4.944917242476e-05
2.423714159388e-04 3.531981958258e-04 3.746581898536e-05
8.402564353406e-04 9.219035559211e-06 4.381633223439e-05
8.402564353406e-04 2.009219035559e-03 4.381633223439e-05
-3.618875147118e-08 2.672835484383e-04 6.470452648522e-05
1.999963811249e-03 2.672835484383e-04 6.470452648522e-05
1.322767298756e-03 4.014207581033e-04 1.000000000000e-04
1.514857472982e-03 4.571105167269e-04 1.000000000000e-04
1.000424840285e-03 5.612942399190e-05 5.269929289299e-05
4.603764579781e-04 1.030010666351e-04 5.189771147444e-05
5.479171461076e-04 1.125768718792e-04 3.477662837049e-05
8.988110240220e-04 8.561535343947e-05 5.243873123969e-05
1.630099812664e-03 5.267599966218e-04 3.465456722220e-05
1.384759476306e-03 5.612045682522e-04 6.642370785471e-05
8.553673236335e-05 3.397582378282e-04 4.614173511966e-05
1.491886234705e-03 6.885651122639e-04 1.000000000000e-04
1.173608492340e-03 3.924391829912e-05 3.621115171141e-05
1.302654445917e-03 6.999439494840e-04 8.957348391272e-05
1.123152148336e-03 8.284795268962e-05 3.047583739319e-05
1.826656067266e-03 3.847989740095e-04 5.174785343641e-05
9.745026293049e-04 1.456033397048e-04 4.045403878604e-05
7.674799539797e-04 6.895319391163e-05 4.846931291919e-05
1.563302406400e-03 7.943846952155e-04 2.766383088255e-05
6.720332654139e-04 1.160854103810e-04 5.798028166665e-05
-6.056030928486e-06 3.922442314622e-04 5.942347993225e-05
1.993943969072e-03 3.922442314622e-04 5.942347993225e-05
1.066322745707e-03 2.174681981878e-04 7.614566927285e-05
1.493059190529e-03 8.547396435285e-04 6.494734102368e-05
3.995224767390e-04 3.613524954291e-04 5.435950723086e-05
2.972014928109e-04 3.602422764012e-04 1.685114514235e-05
8.562985084258e-04 1.478765876437e-04 2.295208571217e-05
5.300609962000e-05 4.688541723441e-04 3.714199554597e-05
-7.422435890121e-06 5.149148188521e-04 3.883952234245e-05
1.992577564110e-03 5.149148188521e-04 3.883952234245e-05
5.127668851879e-04 1.646155177322e-04 2.802115427298e-05
1.360558549529e-03 8.441373647690e-04 6.581192809787e-05
5.947124267822e-04 2.153416498388e-04 6.783829072239e-05
4.533089254030e-04 4.561216783660e-04 5.461008413010e-05
1.706609852618e-03 3.705419739016e-04 4.175909812636e-05
1.893945324328e-03 4.268414020092e-04 2.759576551337e-05
1.089409142404e-04 4.741511149509e-04 1.904306552549e-05
1.418921331313e-03 9.337515126655e-04 4.113156095412e-05
1.587510256278e-03 9.270617066488e-04 5.401267173329e-05
9.031917956909e-04 2.159958965391e-04 5.974749534186e-05
7.563467282587e-04 1.502078229216e-04 3.297629618490e-05
1.195156629012e-03 2.396853156681e-04 5.458982685791e-05
1.216567368192e-03 9.263574060689e-04 1.000000000000e-04
7.250081899836e-04 2.478567291844e-04 6.645324398137e-05
5.756039027919e-04 5.207830012939e-04 8.372765447216e-05
2.140889322133e-04 4.730818215287e-04 8.570885467861e-05
9.496803011492e-05 5.266143220250e-04 3.425155109528e-05
1.496826439240e-03 9.787949703311e-04 4.885798839940e-05
6.495744804444e-04 6.305709863416e-04 4.865506751823e-05
4.410566580010e-04 5.693872775524e-04 5.246198944675e-05
1.351523834762e-03 9.366455877730e-04 2.632804346797e-05
9.769441119539e-04 2.741501598174e-04 2.886314983721e-05
1.603427816006e-03 1.076410815834e-03 9.568510880701e-05
5.206773560996e-05 5.836308714635e-04 3.710195041993e-05
9.193091989482e-04 3.164120607620e-04 4.195391550333e-05
1.365562863660e-03 1.026718492811e-03 6.483233077944e-05
1.488180454912e-04 5.891066452161e-04 4.741536704784e-05
5.135646789864e-04 6.542323643379e-04 5.914491830926e-05
-3.129390115843e-05 6.096547683174e-04 5.022734416194e-05
1.968706098842e-03 6.096547683174e-04 5.022734416194e-05
1.261687049952e-03 1.093906577949e-03 5.887871746689e-05
1.534905018916e-03 1.163892960886e-03 1.543426360357e-05
1.847376781345e-03 6.563963337610e-04 7.979410493158e-05
1.020887018215e-03 3.119356694222e-04 2.868041765509e-05
8.133893744277e-04 3.306518393519e-04 5.465110784544e-05
1.924329078295e-03 7.434027639396e-04 3.635999485964e-05
1.383499577974e-03 1.183345192696e-03 9.224228633789e-05
1.571525797693e-03 1.213117061817e-03 4.469415141783e-05
1.837730857956e-03 8.487346035339e-04 1.000000000000e-04
8.902318763205e-04 4.076951782848e-04 5.384847676294e-05
4.256185685827e-04 7.004213771645e-04 4.019260350919e-05
-2.831417563672e-05 8.627485696519e-04 3.468602106931e-05
1.971685824363e-03 8.627485696519e-04 3.468602106931e-05
1.497144808109e-03 1.232525680638e-03 3.158807636317e-05
9.800928610699e-04 4.063886599886e-04 3.516270742900e-05
1.639083430936e-03 1.257698097360e-03 3.624720489266e-05
1.168505459256e-03 1.095626038591e-03 3.431873630454e-05
2.337371374185e-04 5.946017636433e-04 3.720188358879e-05
9.539667800175e-04 4.904389160474e-04 5.059607375543e-05
2.922185874075e-04 5.946017636897e-04 2.127956640018e-05
7.232315001068e-04 6.406964723416e-04 2.569484816295e-05
1.934728356597e-03 9.343251801595e-04 2.936097382806e-05
1.887496523227e-03 9.686991081818e-04 2.905488883987e-05
3.927837218496e-05 6.510491155007e-04 3.151865469172e-05
5.864000118128e-04 7.171314799521e-04 3.709064919556e-05
8.192979389207e-04 5.335945889496e-04 9.064999131859e-05
1.355825447103e-05 9.361404357231e-04 4.948982167544e-05
2.013558254471e-03 9.361404357231e-04 4.948982167544e-05
-4.773225846937e-05 1.027029957916e-03 5.811046408951e-05
1.952267741531e-03 1.027029957916e-03 5.811046408951e-05
1.456924868548e-03 1.298169755178e-03 4.405134317224e-05
1.718799066061e-03 1.273157915268e-03 4.495371762031e-05
1.587409346071e-03 1.326325976764e-03 4.965971991024e-05
6.981713990332e-04 7.175782022092e-04 5.100417208760e-05
1.655531301053e-03 1.420619274488e-03 6.666675145795e-05
1.081912787999e-04 1.053236243041e-03 1.000000000000e-04
1.791413205480e-03 1.278732850768e-03 2.787411918523e-05
9.413840176353e-04 5.962473215403e-04 4.657160576546e-05
-2.745040717650e-05 1.152301468702e-03 6.796602605832e-05
1.972549592823e-03 1.152301468702e-03 6.796602605832e-05
1.884067507777e-03 1.332582627238e-03 7.879776568925e-05
1.779145477244e-03 1.418733949092e-03 5.696224240258e-05
1.003500417345e-03 6.450300374774e-04 3.241067381137e-05
7.848816989007e-04 6.578697627002e-04 3.830270893539e-05
1.585091684426e-05 1.400580833295e-03 6.949468097091e-05
2.015850916844e-03 1.400580833295e-03 6.949468097091e-05
3.671949721670e-04 7.659872542487e-04 4.762653367611e-05
1.560138377737e-03 1.457222257615e-03 3.550790751722e-05
2.929741404867e-04 7.927710508028e-04 3.127912906855e-05
1.269779041923e-03 1.266946157600e-03 4.890119262037e-05
1.912387629738e-03 1.457515007269e-03 4.859928460412e-05
6.239963774055e-04 8.491088275706e-04 1.000000000000e-04
1.098839845527e-03 1.099124909920e-03 3.543468538077e-05
7.516464777172e-04 8.803383562951e-04 3.136256714788e-05
3.180430163678e-04 8.285379621236e-04 1.239833060314e-05
1.816636704028e-03 1.571152304937e-03 1.000000000000e-04
1.692040931374e-03 1.657778962060e-03 5.175121185339e-05
1.315878246293e-03 1.328632932962e-03 2.810786462716e-05
2.097087919452e-04 1.160479030820e-03 4.767132763606e-05
2.926176680958e-04 1.213096551776e-03 5.052482939760e-05
4.632454630745e-04 7.833414549396e-04 4.997912745674e-05
8.318311098030e-04 6.837036314059e-04 1.528501647115e-05
1.517960742465e-03 1.522765217266e-03 4.243362819922e-05
1.356904136233e-03 1.384032518722e-03 4.082861155033e-05
7.242409630480e-04 9.432873312203e-04 3.729335523629e-05
8.175557874988e-04 9.598641728597e-04 5.748242300383e-05
1.305754214023e-04 1.189279934065e-03 3.654020578582e-05
7.186048996712e-04 1.082377173612e-03 1.000000000000e-04
5.641225525081e-04 1.133714323559e-03 6.278912294664e-05
1.584003682267e-03 1.550927006036e-03 2.936310624069e-05
1.666070959713e-04 1.435988299824e-03 8.536379157512e-05
1.038395797863e-03 6.930763251803e-04 2.697058033096e-05
1.298093588781e-03 1.395826492200e-03 1.915287144316e-05
6.144528015612e-05 1.489514857570e-03 3.009160766204e-05
4.005385096857e-04 8.602972549760e-04 4.928998739045e-05
1.823173554292e-05 1.526425577380e-03 2.673982444095e-05
2.018231735543e-03 1.526425577380e-03 2.673982444095e-05
1.138901481803e-03 1.183604154399e-03 5.806225279840e-05
4.856182416933e-04 9.204314867435e-04 5.489583999863e-05
1.077129331571e-04 1.559531199426e-03 5.123910835873e-05
1.217883718427e-03 1.411379441513e-03 6.255096894723e-05
1.317807195552e-03 1.423054151547e-03 1.440958718045e-05
1.918966905290e-03 1.710677549112e-03 7.302915969507e-05
1.454222968184e-03 1.554684801755e-03 2.885043475725e-05
1.615060847240e-03 1.723439816645e-03 4.942863565388e-05
1.816989469721e-03 1.728800305332e-03 3.054614261910e-05
1.707787810098e-04 1.606537202605e-03 2.741752200537e-05
1.861414212042e-03 1.798812487115e-03 2.604079995323e-05
9.391780603862e-04 7.425071126158e-04 8.387869651181e-05
6.446844797010e-04 1.211536494076e-03 4.881652647260e-05
1.412409562603e-03 1.609084192635e-03 3.976230392832e-05
5.758003061784e-04 1.300563892770e-03 6.374859725622e-05
1.307940927910e-03 1.504601017396e-03 6.706601755539e-05
2.309890786280e-04 1.623694582921e-03 3.518963124891e-05
1.348910087127e-03 1.665779318280e-03 4.536458785974e-05
8.508607271806e-04 1.129770166766e-03 4.049092394291e-05
1.125333130690e-03 1.490851730132e-03 5.943860416812e-05
3.714658950555e-05 1.583440790350e-03 2.326778658746e-05
2.558881001815e-06 1.816404906504e-03 6.175284008698e-05
2.002558881002e-03 1.816404906504e-03 6.175284008698e-05
3.220347266382e-04 1.692478399668e-03 7.891787712766e-05
1.519914146357e-03 1.645090967340e-03 7.361199556284e-05
1.920855339298e-03 1.875656243294e-03 3.917396588043e-05
1.796622852854e-03 1.816091900537e-03 4.101513456077e-05
8.689540253144e-04 8.398161739393e-04 3.612325562820e-05
1.218818284154e-03 1.504601017396e-03 2.205662620079e-05
1.296524838837e-03 1.718412887480e-03 2.889546375228e-05
2.050106230469e-04 1.748186987331e-03 5.068955923565e-05
1.033024967510e-03 1.508115586335e-03 3.447006274056e-05
2.672251537201e-04 1.767975148188e-03 1.437654028543e-05
1.124921432373e-04 -6.494298400682e-05 1.000000000000e-04
1.124921432373e-04 1.935057015993e-03 1.000000000000e-04
1.824336483786e-03 1.923810082282e-03 6.869041665828e-05
1.760554368652e-03 1.705259487456e-03 3.005218469066e-05
1.933282797449e-03 -3.114057034579e-05 4.920268339980e-05
1.933282797449e-03 1.968859429654e-03 4.920268339980e-05
9.018858980405e-04 1.538306187932e-03 1.000000000000e-04
2.939763049129e-04 1.802035388330e-03 2.893308969102e-05
1.683356980728e-03 1.804263852940e-03 5.638702325421e-05
1.227920647393e-03 1.743907432586e-03 4.429294206744e-05
7.213492934488e-04 1.333344474917e-03 8.544615553794e-05
1.716974747328e-03 1.896757960223e-03 4.202749602038e-05
1.360039008328e-03 1.756932656714e-03 4.538664386731e-05
1.741562501496e-03 -2.589639870080e-05 2.816499247434e-05
1.741562501496e-03 1.974103601299e-03 2.816499247434e-05
1.295557371132e-03 1.785240042540e-03 2.466846751866e-05
1.045077450376e-03 1.606821013614e-03 5.821517622358e-05
1.677162293527e-03 -3.510361486000e-05 3.689006481912e-05
1.677162293527e-03 1.964896385140e-03 3.689006481912e-05
9.592620954644e-04 1.685479412169e-03 5.796197637261e-05
1.182680016752e-03 1.804729645950e-03 3.150994343334e-05
4.801278109195e-04 1.376429376105e-03 5.835299122926e-05
8.555214928349e-04 1.679955373871e-03 4.261396599782e-05
1.535853408953e-03 1.753779853718e-03 3.539105822175e-05
4.075093903129e-04 1.426873117566e-03 3.006649793502e-05
1.427565041681e-03 1.830066552617e-03 5.415400072877e-05
8.790374509982e-04 1.814473216462e-03 9.394389965959e-05
6.124936712300e-04 1.395354176449e-03 3.789588571610e-05
1.069591787780e-03 1.839609363166e-03 8.683513441098e-05
1.158191443834e-03 1.945211706672e-03 3.717393464657e-05
9.599304861109e-04 -5.167126570323e-05 6.245617620068e-05
9.599304861109e-04 1.948328734297e-03 6.245617620068e-05
4.592149075828e-04 1.467741582176e-03 3.532341190172e-05
1.221658893894e-03 -1.613938097399e-05 3.711108882887e-05
1.221658893894e-03 1.983860619026e-03 3.711108882887e-05
5.718820419153e-04 1.436620393498e-03 2.000234487131e-05
1.063645260160e-03 -3.024200944021e-05 4.344928996371e-05
1.063645260160e-03 1.969757990560e-03 4.344928996371e-05
1.257648191104e-03 1.842074888862e-03 4.364921457559e-05
1.539213753170e-03 1.856857904867e-03 6.066418377881e-05
1.331432383268e-03 1.874913366278e-03 3.711261187833e-05
1.284074559490e-03 1.928856291938e-03 3.466902018523e-05
6.429908387708e-04 1.439149148948e-03 1.547149050001e-05
6.683750322814e-04 1.461821157563e-03 1.856345117548e-05
1.355269405955e-03 -2.560487516101e-05 4.984424188148e-05
1.355269405955e-03 1.974395124839e-03 4.984424188148e-05
6.074218750000e-04 1.681640625000e-03 7.103221246845e-05
4.589843750000e-04 1.884765625000e-03 3.678978635627e-05
9.550781250000e-04 1.291015625000e-03 5.421427997010e-05
1.269531250000e-04 7.910156250000e-04 3.642855160678e-05
1.134765625000e-03 5.410156250000e-04 3.055212947890e-05
3.378906250000e-04 1.037109375000e-03 4.420827682725e-05
6.621093750000e-04 1.876953125000e-03 4.778913018228e-05
9.980468750000e-04 9.746093750000e-04 2.821187536959e-05
1.798828125000e-03 1.138671875000e-03 3.488334446463e-05
1.119140625000e-03 4.042968750000e-04 3.928083815089e-05
3.144531250000e-04 1.935546875000e-03 2.289948135953e-05
2.558593750000e-04 9.199218750000e-04 5.608329054119e-05
1.685546875000e-03 7.246093750000e-04 2.527202547525e-05
3.261718750000e-04 1.517578125000e-03 9.391261937634e-05
4.355468750000e-04 1.228515625000e-03 2.320529722741e-05
1.755859375000e-03 5.097656250000e-04 6.592463036042e-05
9.824218750000e-04 1.146484375000e-03 4.322049517768e-05
