# 2D packing, generated 2026-09-28T18:45:58.322689+00:00
# generator = preprocess/generate_packing_gravity.py
# periodic axes = xy
# porosity_achieved = 0.299809  (target 0.300000)
# 284 distinct grains; 311 rows including 27 periodic edge images.
# Centres span [-R, L+R]: a grain need only be PARTLY inside.
# Do NOT drop the out-of-box rows -- they carry the conduction
# paths that cross the domain edge, and k_eff depends on them.
# header row is 'Lx Ly'; grain rows are 'x y r', all in metres
2.000000000000e-03 2.000000000000e-03
1.366948546882e-03 2.951117011938e-05 6.809362410779e-05
1.366948546882e-03 2.029511170119e-03 6.809362410779e-05
1.011876252499e-04 6.397119637158e-06 3.486674000674e-05
1.011876252499e-04 2.006397119637e-03 3.486674000674e-05
1.216459794012e-03 9.159439994240e-05 9.469828068432e-05
1.216459794012e-03 2.091594399942e-03 9.469828068432e-05
1.359415172685e-03 1.682688871839e-04 6.752152020880e-05
1.954701817224e-03 3.420941223106e-05 3.653762747325e-05
1.954701817224e-03 2.034209412231e-03 3.653762747325e-05
6.856872436051e-04 3.444921479744e-05 4.993509445667e-05
6.856872436051e-04 2.034449214797e-03 4.993509445667e-05
1.759688968974e-03 6.090854639564e-05 3.931177212515e-05
1.485482403038e-04 7.705519770260e-05 5.019558906513e-05
1.083205701458e-03 1.360079992359e-04 4.441733737036e-05
2.921470314214e-04 5.985709249093e-05 2.609052957900e-05
2.445487681397e-04 1.322273947510e-04 6.052965252645e-05
4.333383887408e-04 6.981409491126e-05 4.635618577906e-05
5.553438086228e-04 1.104266171955e-04 8.193540310407e-05
1.138773160412e-03 2.109064484226e-04 4.767655522236e-05
1.018560310210e-03 2.383267874995e-04 7.562396332840e-05
1.857069414156e-03 1.385117013695e-04 8.520812153160e-05
1.962594267518e-03 1.617920076855e-04 2.285424208395e-05
7.399207839806e-06 1.713177836511e-04 2.295216243859e-05
2.007399207840e-03 1.713177836511e-04 2.295216243859e-05
7.888157782923e-04 5.408376779038e-05 5.504667475407e-05
7.888157782923e-04 2.054083767790e-03 5.504667475407e-05
3.556207840259e-04 1.091626460419e-04 4.075494624111e-05
1.576062833620e-03 3.816651738702e-05 6.112808233682e-05
1.576062833620e-03 2.038166517387e-03 6.112808233682e-05
1.258843558612e-03 2.229472028741e-04 4.332331840736e-05
6.830681469613e-04 1.319364550876e-04 4.758749430559e-05
1.710406190889e-03 1.970771793973e-04 7.271597450932e-05
7.882954207540e-04 1.753863504115e-04 6.625746223434e-05
1.324010437574e-03 2.599505637157e-04 2.982736156816e-05
1.413500460526e-03 2.870551881045e-04 6.299829343824e-05
1.799025162021e-03 2.327223194262e-04 2.214102302705e-05
6.888950935435e-04 2.154454789069e-04 3.612468244059e-05
7.471152978301e-05 1.442111308702e-04 4.961317884139e-05
1.572227794598e-03 3.151948161167e-04 9.820410882279e-05
9.126897516151e-04 2.678385957967e-04 3.428297833597e-05
1.120395091079e-03 3.056694812146e-04 4.646159266782e-05
1.773493090377e-03 2.783349016939e-04 2.977655049860e-05
1.446653642885e-03 3.961989103851e-04 5.081627433588e-05
1.576651565088e-04 2.288310023198e-04 6.880139043852e-05
4.284499102741e-04 1.889716995304e-04 6.728941212958e-05
8.324620508382e-04 2.794365686595e-04 4.677877155491e-05
1.696462583443e-03 2.937465416837e-04 2.495382856589e-05
-2.712744425393e-05 2.332969467841e-04 4.799509264067e-05
1.972872555746e-03 2.332969467841e-04 4.799509264067e-05
1.353164303144e-03 3.961989104779e-04 4.267306540494e-05
1.024425882758e-03 4.163080570840e-04 1.000000000000e-04
8.745583079275e-04 4.786145168348e-04 6.230353205314e-05
1.181856901649e-03 4.275248263228e-04 5.783018394805e-05
6.266879412045e-04 1.956007401054e-04 2.917135272659e-05
9.707521685038e-04 6.006968189649e-04 9.183598029061e-05
5.234620751875e-04 2.207405785075e-04 3.289346929453e-05
7.394481203019e-04 2.708496275086e-04 3.887698625620e-05
6.067040175631e-04 3.192252977014e-04 9.605823698637e-05
2.525593174809e-04 2.642287115059e-04 3.247990876497e-05
3.474253833563e-04 2.972943314691e-04 6.798356384836e-05
5.432063545613e-05 2.640245817872e-04 3.905648926706e-05
7.123573990788e-04 4.843798320115e-04 1.000000000000e-04
1.710789193950e-03 3.726559237765e-04 5.179937366144e-05
1.098679851571e-03 6.007442398125e-04 3.604456113311e-05
1.525610920809e-03 4.546288394502e-04 4.740952852558e-05
1.076038975626e-03 6.648104170790e-04 3.143553925372e-05
4.814297123515e-04 3.486441829326e-04 3.110514013761e-05
1.883007301957e-03 3.508842300229e-04 1.000000000000e-04
8.196840110021e-04 5.527953021357e-04 2.727802404786e-05
1.647072566694e-03 4.812187338214e-04 7.401921092522e-05
2.945451786031e-05 3.503737303897e-04 4.597520525939e-05
2.029454517860e-03 3.503737303897e-04 4.597520525939e-05
1.392854296014e-03 4.426443239229e-04 1.842089472311e-05
1.026578039076e-03 7.440334459343e-04 6.195977199485e-05
1.429104089774e-03 4.815052052344e-04 3.472245522724e-05
4.192335837816e-04 3.711795583082e-04 3.504772772036e-05
7.783174610110e-04 6.365687651323e-04 6.586824554616e-05
7.048260476667e-07 4.442179870471e-04 5.013306332669e-05
2.000704826048e-03 4.442179870471e-04 5.013306332669e-05
1.775138175742e-03 4.224116599873e-04 2.942922271992e-05
1.260150099624e-03 4.600991312683e-04 2.696909131148e-05
1.821903820637e-03 4.730697053825e-04 3.661235549655e-05
5.020894940020e-04 4.578004224888e-04 7.757153590177e-05
3.702268190016e-04 5.127853271754e-04 6.529595228498e-05
5.812015564971e-04 5.590560231097e-04 5.092524856985e-05
8.709445603108e-04 7.158410351431e-04 5.604934403594e-05
1.552059646756e-03 5.308398944909e-04 3.317087509592e-05
1.773726199204e-03 6.009049327075e-04 1.000000000000e-04
1.344346408437e-04 3.546503048426e-04 5.909198900532e-05
1.603012601082e-03 6.162916883614e-04 6.631888633820e-05
1.223148434458e-03 5.627744101951e-04 8.216997760840e-05
2.051883188871e-04 4.971430345133e-04 1.000000000000e-04
7.051133479171e-05 5.433728463404e-04 4.238966580251e-05
3.023432530862e-04 5.800681990922e-04 2.772838781027e-05
4.650967615810e-04 6.554825569104e-04 1.000000000000e-04
1.462682515296e-03 5.796908701100e-04 6.868534438584e-05
1.511323530136e-03 6.791280754599e-04 4.201111505390e-05
1.676601710682e-03 7.064359395813e-04 4.342232610410e-05
-2.870149918301e-05 5.510469267523e-04 5.711951937887e-05
1.971298500817e-03 5.510469267523e-04 5.711951937887e-05
1.912145983976e-03 6.371829710235e-04 4.309484156731e-05
1.584280462426e-03 7.385687584553e-04 5.209472304443e-05
6.739389461684e-04 6.360512807718e-04 3.831207195567e-05
1.756621665621e-03 7.500305945586e-04 4.761224218285e-05
1.824751482397e-03 7.713708044611e-04 2.378157052318e-05
1.494403979414e-03 7.599298811031e-04 4.028536008736e-05
2.574377431379e-04 6.252163839140e-04 3.594943452188e-05
1.241967673689e-04 5.916430820887e-04 2.445838826323e-05
7.013483394036e-04 7.187582036344e-04 4.673442188338e-05
1.542540216592e-03 8.179559041632e-04 3.510772103994e-05
9.272775514063e-04 8.300992874363e-04 6.944778147388e-05
1.151080111991e-03 6.674668142596e-04 4.365262052515e-05
1.341247183580e-03 5.627702041013e-04 3.592624367438e-05
3.289872791929e-04 6.392512693771e-04 3.696362914343e-05
6.069684714703e-04 6.360512841009e-04 2.865840274248e-05
8.205715267715e-04 8.453301574164e-04 3.823686718094e-05
8.518885299761e-04 9.818523485155e-04 1.000000000000e-04
1.548540476437e-04 7.144286410716e-04 1.000000000000e-04
1.868490725818e-03 7.104241263240e-04 4.216579647100e-05
5.868539806974e-04 8.141494241198e-04 1.000000000000e-04
3.448043845755e-04 7.143211540905e-04 3.391135503615e-05
7.109786572731e-04 8.717028973632e-04 3.681863429424e-05
7.100303593571e-04 9.823761223465e-04 4.130908700502e-05
1.019678506795e-03 1.034747455009e-03 7.593007345227e-05
9.301711633287e-04 1.076005251564e-03 2.239629674947e-05
2.994798137969e-04 8.207872914762e-04 7.948025504377e-05
-1.027077231081e-05 6.441727492910e-04 3.480263552728e-05
1.989729227689e-03 6.441727492910e-04 3.480263552728e-05
4.478200805301e-04 8.304925767887e-04 3.998141971036e-05
1.667991698275e-03 8.087647688634e-04 5.715293544093e-05
1.132027509620e-03 1.037847402326e-03 3.646172059416e-05
7.269869736798e-04 1.096455872021e-03 6.951236589957e-05
1.741590750316e-03 8.158350237463e-04 1.678493689471e-05
1.823629965103e-04 8.572552470867e-04 4.314709774940e-05
1.315811373221e-03 6.322475389605e-04 3.364425250003e-05
5.968720309515e-05 8.667703097269e-04 7.962384393910e-05
2.059687203095e-03 8.667703097269e-04 7.962384393910e-05
1.129012102261e-03 1.166926665102e-03 9.265275876111e-05
1.594042130212e-03 9.142485754212e-04 7.167009069407e-05
1.881849520316e-03 7.872485639525e-04 3.547629849615e-05
1.259924776360e-03 6.818465461097e-04 4.107762156067e-05
9.757927372649e-04 1.214999933601e-03 6.785235216630e-05
1.832835659562e-03 8.174216326503e-04 2.208039298465e-05
1.390471260202e-03 6.878796241221e-04 5.946336076017e-05
8.101404280622e-04 1.243323270956e-03 9.926138360546e-05
1.782940347452e-03 8.862288638822e-04 6.291359256703e-05
1.309263383657e-03 7.459386979205e-04 3.980564057561e-05
1.064213133478e-03 1.310665464013e-03 6.241685163968e-05
1.860006711304e-03 9.210193012973e-04 2.159246554393e-05
3.978177984044e-04 9.107748671712e-04 5.381686794142e-05
3.232248140850e-04 9.148423497082e-04 1.752582217678e-05
3.348444506528e-04 9.515850779308e-04 2.101044685908e-05
4.874228688587e-04 8.853653296216e-04 2.230392994392e-05
6.435480451288e-04 9.388776991151e-04 3.700861580474e-05
1.214285088179e-03 7.895105494785e-04 6.469021034707e-05
9.355383515659e-04 1.345416145026e-03 6.244086544724e-05
1.024186977760e-03 1.406882020763e-03 4.179313049465e-05
2.345522405963e-04 9.265474056551e-04 4.360039228289e-05
1.697749699568e-03 9.516216879052e-04 3.856606253366e-05
1.274400674895e-03 1.166925625886e-03 5.273579103563e-05
1.666037063443e-04 9.267415020083e-04 2.426772902709e-05
5.679494803431e-04 1.089810483583e-03 8.966419507806e-05
1.361203973745e-03 1.166870901923e-03 3.404212282784e-05
4.892850518889e-04 9.570434395107e-04 4.868698196838e-05
8.268376352189e-04 1.405782986078e-03 6.162796878637e-05
6.777610457110e-04 1.242300787877e-03 3.291055313515e-05
1.112105899818e-04 1.009131611578e-03 7.177437352673e-05
1.644908370963e-03 1.017370576753e-03 4.331478486313e-05
1.953504020116e-03 6.941885543636e-04 2.693791598594e-05
1.833620647025e-03 1.014271162735e-03 7.479379471820e-05
1.334116248749e-03 1.224660215761e-03 2.978067985784e-05
2.291379740947e-04 1.016156610937e-03 4.617232481960e-05
1.459536961460e-03 1.258016740422e-03 1.000000000000e-04
1.931849423706e-03 7.450287246002e-04 2.832187459812e-05
1.830187613929e-04 1.094022290227e-03 3.941405082717e-05
2.909167976071e-04 9.696103263435e-04 2.647163694569e-05
1.282457213419e-03 1.245191435831e-03 2.580879125916e-05
9.256782395203e-04 1.460847163950e-03 5.148006797304e-05
1.935815116817e-03 1.022057069207e-03 2.769685910036e-05
2.994087183064e-04 1.121031941276e-03 8.006894731044e-05
8.420596417133e-04 1.505481802353e-03 3.922620555865e-05
1.006367797018e-03 1.478737662999e-03 3.116903755964e-05
-1.909049499617e-06 1.043539309161e-03 3.818007853607e-05
1.998090950500e-03 1.043539309161e-03 3.818007853607e-05
9.127227614432e-04 1.566437776279e-03 5.409533321147e-05
1.013704637320e-03 1.607318932177e-03 5.484783255848e-05
4.417162519568e-04 1.231364342809e-03 1.000000000000e-04
1.615706554419e-03 1.274709197828e-03 5.666744426791e-05
1.322957383953e-03 1.284872931886e-03 3.074086354708e-05
1.347338026033e-03 1.382998217797e-03 6.722009285992e-05
7.298460968576e-04 1.405846413390e-03 3.536359072432e-05
1.927006822958e-03 1.114051546658e-03 6.113032632479e-05
1.202218297103e-03 1.351047840863e-03 8.137526666795e-05
1.566099109258e-03 1.400040038724e-03 7.755601955507e-05
3.164988150605e-05 1.118107068011e-03 4.359133583682e-05
2.031649881506e-03 1.118107068011e-03 4.359133583682e-05
1.109100455080e-03 1.434990258330e-03 4.399324592887e-05
1.817177539227e-03 1.141537789174e-03 5.208614948802e-05
1.711783091905e-03 1.274709197828e-03 3.940909321827e-05
8.389385521835e-04 1.595260906821e-03 2.511882813508e-05
3.167676270022e-04 1.236999553867e-03 2.201608895431e-05
8.702870933488e-04 1.663469488337e-03 4.994369673947e-05
1.448545885588e-03 1.426485707891e-03 4.293529119746e-05
1.783281340742e-03 1.274709197882e-03 3.208915561858e-05
-8.878339155524e-05 1.267123529153e-03 9.267591800638e-05
1.911216608445e-03 1.267123529153e-03 9.267591800638e-05
1.265545072808e-03 1.442795682867e-03 2.990020403475e-05
1.331592613439e-03 1.527578650651e-03 7.757271929772e-05
1.726747103591e-03 1.475659446294e-03 1.000000000000e-04
-8.597016576671e-05 1.545838484450e-03 1.000000000000e-04
1.914029834233e-03 1.545838484450e-03 1.000000000000e-04
9.424256395798e-04 1.642085041326e-03 2.435512379518e-05
6.159019297917e-04 1.209573086453e-03 3.410385472449e-05
1.458597464734e-03 1.543432355362e-03 5.041779677826e-05
1.279759427509e-04 1.224595201818e-03 1.000000000000e-04
1.562442834980e-03 1.543432355362e-03 5.342757346805e-05
1.191228946736e-03 1.484877970653e-03 5.207242773800e-05
7.544843156205e-04 1.467065181964e-03 3.062505662464e-05
1.776041059899e-03 1.632707718899e-03 6.305577346074e-05
1.082893232105e-03 1.619731687507e-03 1.536808004947e-05
1.641927472461e-03 1.584287126398e-03 3.594199580329e-05
3.079404122225e-04 1.305951537590e-03 4.749873448983e-05
1.582137363208e-03 1.638486950885e-03 4.364585529616e-05
7.326065952130e-05 1.604513188176e-03 6.969753683415e-05
3.886912760379e-04 1.398400550337e-03 7.525134167113e-05
5.739833858952e-04 1.272925439800e-03 3.864328264709e-05
-3.838417737308e-05 1.742659080717e-03 1.000000000000e-04
1.961615822627e-03 1.742659080717e-03 1.000000000000e-04
5.346180007718e-04 1.368032072442e-03 6.428834934253e-05
6.424694125198e-04 1.300567708854e-03 3.521091460292e-05
1.831822142568e-03 1.710844485810e-03 3.257320976512e-05
1.670565208476e-03 1.724403762722e-03 7.670597748146e-05
1.790038875837e-03 1.798636583211e-03 6.311614541434e-05
2.257912916716e-04 1.318515589264e-03 3.560576552969e-05
1.541385400914e-03 1.726931527007e-03 5.249865947557e-05
1.367862445337e-04 1.734900915940e-03 7.534223228200e-05
1.697948987976e-03 1.831656334709e-03 3.398733331556e-05
9.782404709903e-04 1.697855316979e-03 4.192478111870e-05
1.738717419092e-03 1.880511469294e-03 2.964363169541e-05
1.079248304413e-03 1.676752223042e-03 4.063494161279e-05
2.158511942951e-04 1.445474311928e-03 9.174158927019e-05
1.813141178250e-03 1.909747986006e-03 5.031687029225e-05
1.192635019292e-03 1.683884673951e-03 7.297593166303e-05
1.091781371905e-03 1.786180583441e-03 6.838487718271e-05
1.409117542147e-03 1.622515514445e-03 4.286890532742e-05
3.479639914598e-04 1.536409082091e-03 6.864220525929e-05
4.992807528385e-04 1.509425881087e-03 8.145449271822e-05
7.730751021403e-04 1.526948717574e-03 3.207785543401e-05
1.592340031655e-03 1.772309227900e-03 1.371773419788e-05
6.111477294671e-04 1.523099274513e-03 3.124506618773e-05
4.336910812972e-04 1.609169778893e-03 3.230585065335e-05
1.887993883294e-03 1.905209561655e-03 2.467342085561e-05
5.165924474349e-04 1.643966790401e-03 5.419596214709e-05
-3.124848979321e-05 1.934250710585e-03 6.114733541343e-05
1.968751510207e-03 1.934250710585e-03 6.114733541343e-05
6.630813484192e-04 1.532419265627e-03 2.151822708073e-05
1.250075799162e-03 1.847044612061e-03 1.000000000000e-04
3.269758703351e-04 1.697788365502e-03 9.409720803794e-05
9.045735896979e-04 1.776080413728e-03 6.552741830379e-05
1.083196875164e-03 -4.708257090217e-05 9.763066285447e-05
1.083196875164e-03 1.952917429098e-03 9.763066285447e-05
1.486120634122e-03 1.642512921399e-03 3.668844793826e-05
7.446178178773e-04 1.818665355568e-03 1.000000000000e-04
1.049685344547e-04 1.889295040166e-03 8.229640685750e-05
1.450065054329e-03 1.849064205328e-03 1.000000000000e-04
1.873759580472e-03 1.956034132501e-03 2.444885465070e-05
1.730274812045e-03 1.953565383765e-03 4.342112813617e-05
6.210096122381e-04 1.824277079086e-03 2.285749046418e-05
6.209465107486e-04 1.878176308267e-03 3.104177565499e-05
6.652419822789e-04 1.940906421935e-03 4.575116323173e-05
8.683080490259e-04 1.869365966198e-03 3.308567206516e-05
9.047035672922e-04 -2.059271764184e-05 8.281847215534e-05
9.047035672922e-04 1.979407282358e-03 8.281847215534e-05
5.025155773919e-04 1.731687400726e-03 3.464733031619e-05
1.616821680845e-03 1.906445336042e-03 7.635332737354e-05
6.135589615983e-04 -2.116277073044e-06 3.093301927357e-05
6.135589615983e-04 1.997883722927e-03 3.093301927357e-05
4.395424215082e-04 1.794731248945e-03 5.446061805845e-05
7.492938787791e-04 -3.630839211556e-05 3.926893737067e-05
7.492938787791e-04 1.963691607884e-03 3.926893737067e-05
1.676206594380e-03 1.976033870994e-03 1.512981542570e-05
3.433027874643e-05 7.254279559298e-07 3.223078472456e-05
3.433027874643e-05 2.000725427956e-03 3.223078472456e-05
1.193177192812e-03 1.957642119796e-03 1.245116082584e-05
4.970869008340e-04 -6.192881386807e-05 1.000000000000e-04
4.970869008340e-04 1.938071186132e-03 1.000000000000e-04
2.340667487936e-04 1.788385141000e-03 3.567189557212e-05
3.077704653877e-04 1.863945935619e-03 6.988246623757e-05
3.541749257402e-04 1.939781479838e-03 1.902437157235e-05
2.288469859110e-04 -1.667463798698e-05 7.322716758974e-05
2.288469859110e-04 1.983325362013e-03 7.322716758974e-05
1.361328125000e-03 9.667968750000e-04 3.969372321725e-05
1.482421875000e-03 1.052734375000e-03 5.973214557209e-05
1.228515625000e-03 9.472656250000e-04 4.076760964080e-05
6.621093750000e-04 1.646484375000e-03 4.195892056631e-05
3.710937500000e-05 1.400390625000e-03 3.537106598856e-05
1.091796875000e-03 8.847656250000e-04 4.647166530323e-05
1.396484375000e-03 8.417968750000e-04 3.860433432497e-05
1.677734375000e-03 1.142578125000e-03 1.601104327186e-05
1.501953125000e-03 1.542968750000e-04 3.265248834137e-05
1.587890625000e-03 1.134765625000e-03 3.643275455797e-05
9.199218750000e-04 1.308593750000e-04 3.612694356685e-05
1.283203125000e-03 1.044921875000e-03 5.510791353650e-05
1.263671875000e-03 3.339843750000e-04 3.598635996602e-05
1.337890625000e-03 1.705078125000e-03 2.892302094235e-05
1.458984375000e-03 9.277343750000e-04 6.640625000000e-05
6.035156250000e-04 1.736328125000e-03 4.646465686002e-05
4.199218750000e-04 1.044921875000e-03 5.002379197768e-05
2.050781250000e-04 1.599609375000e-03 3.278897694803e-05
6.386718750000e-04 1.435546875000e-03 6.101757559302e-05
1.302734375000e-03 8.769531250000e-04 2.381806739144e-05
