# 2D packing, generated 2026-10-01T15:39:28.593237+00:00
# generator = preprocess/generate_packing_gravity.py
# periodic axes = xy
# porosity_achieved = 0.425109  (target 0.425000)
# 261 distinct grains; 288 rows including 27 periodic edge images.
# Centres span [-R, L+R]: a grain need only be PARTLY inside.
# Do NOT drop the out-of-box rows -- they carry the conduction
# paths that cross the domain edge, and k_eff depends on them.
# header row is 'Lx Ly'; grain rows are 'x y r', all in metres
2.000000000000e-03 2.000000000000e-03
1.465605328989e-03 1.190979325241e-04 1.000000000000e-04
2.821960218795e-04 1.100485773801e-05 8.313618574698e-05
2.821960218795e-04 2.011004857738e-03 8.313618574698e-05
1.610292149865e-03 1.619695576708e-04 5.090477917497e-05
-3.807386051422e-06 5.086151348918e-05 1.942145398186e-05
1.996192613949e-03 5.086151348918e-05 1.942145398186e-05
9.056339353465e-04 4.871137338183e-05 5.094803384276e-05
9.056339353465e-04 2.048711373382e-03 5.094803384276e-05
-5.316615530633e-05 1.041364371959e-04 5.320433757862e-05
1.946833844694e-03 1.041364371959e-04 5.320433757862e-05
1.740235121856e-03 1.994389579694e-04 8.433253789639e-05
6.363748982102e-04 7.188114785903e-05 8.635127746220e-05
6.363748982102e-04 2.071881147859e-03 8.635127746220e-05
1.640668644964e-03 2.217273946201e-04 1.613051400242e-05
1.288804468475e-03 3.898875187783e-06 4.940077476022e-05
1.288804468475e-03 2.003898875188e-03 4.940077476022e-05
1.326671212519e-03 8.659522268945e-05 4.155292881822e-05
1.023392532860e-03 1.431476739772e-04 1.000000000000e-04
1.154506494575e-03 1.601127425555e-04 3.210697950133e-05
1.148024391038e-03 2.782220246092e-04 8.378843611606e-05
8.242202185840e-04 8.332672043153e-05 3.751901035994e-05
4.933515508254e-04 5.679318853475e-05 4.341567244140e-05
1.640401756313e-03 2.883596577643e-04 4.935961493124e-05
1.256873242228e-03 3.441798721432e-04 4.348494645408e-05
1.852395239785e-03 2.368515749125e-04 3.390280352223e-05
1.552432059811e-03 2.158095462668e-04 2.813024086694e-05
7.797774801743e-04 1.233087243939e-04 2.226158724302e-05
1.707630919281e-04 1.180120621654e-05 2.829959821013e-05
1.707630919281e-04 2.011801206217e-03 2.829959821013e-05
1.231709489052e-04 5.823821762730e-05 3.819408502012e-05
1.345995461085e-03 3.898939875055e-04 5.667768249382e-05
1.814204565023e-03 2.831243468499e-04 2.609467193775e-05
1.011308095187e-03 3.106915858122e-04 5.563545304465e-05
1.711236444174e-03 3.041423189284e-04 2.321204205582e-05
1.551075205334e-03 2.883596577643e-04 3.996693604750e-05
1.074572556461e-03 3.423499116881e-04 1.340402108279e-05
4.254643938941e-04 6.352692548535e-05 2.480462782164e-05
2.356786770222e-05 1.205384999626e-04 2.285614353238e-05
3.711637745901e-04 8.897827943633e-05 3.516477110501e-05
1.969145123595e-06 2.088495379822e-04 6.513726470209e-05
2.001969145124e-03 2.088495379822e-04 6.513726470209e-05
9.321564260469e-04 3.945086122806e-04 5.964802648997e-05
1.043530178930e-03 4.174885361858e-04 5.407175953630e-05
8.465296952477e-04 4.513744295534e-04 4.314136110161e-05
9.281104815957e-05 2.505384471710e-04 3.481380581131e-05
7.276505448819e-04 1.709588535718e-04 4.836245373889e-05
1.481477472036e-03 3.512116918275e-04 5.381058079975e-05
9.731912623058e-04 4.903219281518e-04 4.458272369938e-05
1.773373019283e-03 3.541487980796e-04 5.583021927323e-05
7.970888085138e-04 2.009642174690e-04 2.728168028367e-05
1.050561123516e-03 5.361056556089e-04 4.531858398630e-05
1.654648303793e-03 4.191381531213e-04 7.951812514627e-05
9.061611553050e-04 5.536962129223e-04 4.766333429069e-05
5.193520582730e-04 1.524123884662e-04 5.567548657132e-05
8.441348890101e-04 5.555747514696e-04 1.439137236040e-05
1.911750998085e-03 2.655894504570e-04 3.204392902946e-05
6.202830236463e-04 2.147440475431e-04 5.741523089016e-05
8.282125208364e-04 6.292760409004e-04 6.091060370883e-05
-7.708739664902e-05 3.979776702491e-04 1.000000000000e-04
1.922912603351e-03 3.979776702491e-04 1.000000000000e-04
1.753503824060e-03 4.256619288150e-04 1.839183126718e-05
6.200843312127e-05 4.542600708391e-04 5.005118618543e-05
1.180458059868e-03 4.265561171029e-04 6.805012460736e-05
1.100667223294e-03 4.691364905828e-04 2.239138102747e-05
1.258117804758e-03 4.906648482874e-04 3.265223953099e-05
4.369063647642e-04 1.203715960043e-04 3.268598106394e-05
7.050982809595e-04 2.510509009034e-04 3.484431117452e-05
9.452135499421e-04 6.735261922362e-04 6.417863122021e-05
4.019006875444e-04 2.545888663164e-04 1.000000000000e-04
1.906555123205e-04 7.663098648538e-05 2.927050081206e-05
8.324277139235e-04 7.928324290508e-04 1.000000000000e-04
2.372806422651e-04 1.215003316168e-04 3.540444633998e-05
1.545249028233e-03 4.375301389506e-04 3.141638993250e-05
5.422241194274e-04 2.625348567349e-04 3.411163691285e-05
1.458319682190e-03 4.626862433481e-04 5.907969170597e-05
-2.482138093907e-06 5.254059735936e-04 4.597367129640e-05
1.997517861906e-03 5.254059735936e-04 4.597367129640e-05
1.732878866135e-04 1.330870543936e-04 2.962881377043e-05
1.132316440189e-03 5.046188923611e-04 2.366363088168e-05
2.396224737740e-04 2.885124081754e-04 6.578608312762e-05
1.800688758608e-03 4.668351839769e-04 4.028551393678e-05
1.458389131876e-04 4.721960942659e-04 3.567658250429e-05
1.157945505133e-03 6.136185098743e-04 8.711875210750e-05
2.086791906315e-04 4.851339858063e-04 2.848173345502e-05
1.273334279669e-03 6.447263696170e-04 3.238969205749e-05
1.925044503614e-03 5.989328482302e-04 5.726677114733e-05
3.139073444936e-04 3.336698275922e-04 1.830734068141e-05
9.829426251324e-04 8.552799680445e-04 6.295531173609e-05
3.506599048395e-04 4.010909956511e-04 5.520467684341e-05
4.769489981628e-04 4.045315487539e-04 6.767439360783e-05
1.373728069918e-03 4.659479457380e-04 2.427479004959e-05
1.858545713373e-03 6.539369806626e-04 2.903238115503e-05
2.949810508490e-04 5.187455039054e-04 6.413438407280e-05
1.373691082992e-03 5.663728147678e-04 7.475940906400e-05
1.074707520946e-03 6.991796010466e-04 3.225152197361e-05
1.176435261923e-04 6.083405109803e-04 1.000000000000e-04
1.092351787532e-03 8.872816523405e-04 5.103798901091e-05
4.021983939172e-04 4.726335779590e-04 3.296877120194e-05
6.912758709153e-04 8.028627073214e-04 4.150777104863e-05
1.776973567039e-03 6.878489731919e-04 5.930808689314e-05
9.036326730088e-04 8.973989716940e-04 2.650813373085e-05
2.911075217136e-04 6.710618844549e-04 8.445522067091e-05
1.853954435863e-04 7.194323421428e-04 3.012193228514e-05
1.330082402676e-03 6.534267449482e-04 2.260641532408e-05
1.727615053061e-03 5.281408935353e-04 5.165254198815e-05
1.199325019871e-03 8.872816517985e-04 5.593524332845e-05
1.139966536055e-03 9.702023373872e-04 4.458106916012e-05
1.384062245467e-03 6.784956524264e-04 3.691058686737e-05
9.442421920479e-04 9.499366701302e-04 3.930716804357e-05
1.355093158774e-03 8.944987851767e-04 1.000000000000e-04
1.413573364533e-04 7.322922482001e-04 1.575542665876e-05
4.586838902233e-04 5.009013806416e-04 3.019514224262e-05
4.277549879120e-04 5.970879204915e-04 7.084171957781e-05
1.573097112060e-03 4.936698172861e-04 3.096067750936e-05
2.267948729936e-04 7.763202182631e-04 3.889563510826e-05
1.481257118828e-04 7.898589616131e-04 4.093001541449e-05
5.788758414689e-04 8.120183420383e-04 7.126453169806e-05
1.491970532918e-03 1.030532791492e-03 9.297840922455e-05
6.603968416963e-04 8.551547869860e-04 1.922093749331e-05
1.033858668543e-03 9.952771726006e-04 6.112626276370e-05
4.820914504710e-04 8.824178957852e-04 4.841552306751e-05
1.656160854050e-03 7.916919071351e-04 1.000000000000e-04
1.829170941882e-03 8.189128131504e-04 7.513842586936e-05
1.651417083208e-03 1.030532826495e-03 6.646814106618e-05
1.244517551378e-03 9.563629035297e-04 2.661525134684e-05
9.340227034535e-04 1.035411250347e-03 4.647468575143e-05
1.361268446558e-03 1.114533640078e-03 6.238947015296e-05
-4.149923653206e-06 6.543803890879e-04 3.020489545881e-05
1.995850076347e-03 6.543803890879e-04 3.020489545881e-05
7.247749581407e-04 8.730478236798e-04 3.425209628075e-05
5.507172563561e-04 9.252585017495e-04 3.248453095706e-05
6.765790086505e-04 8.946714274403e-04 1.857242252308e-05
-1.116377073549e-05 7.726255762560e-04 8.824812619665e-05
1.988836229265e-03 7.726255762560e-04 8.824812619665e-05
9.566377657909e-05 8.858616094088e-04 6.742629067849e-05
1.748778277758e-03 9.035663617046e-04 4.160575483264e-05
1.265685444177e-03 1.114534200074e-03 3.319353223215e-05
1.590186636678e-03 1.132046665844e-03 4.827125884613e-05
6.197410383359e-04 9.603844791104e-04 4.496297877928e-05
1.459361365891e-03 1.171422480058e-03 5.100612472560e-05
1.389747983754e-03 1.201250326124e-03 2.472728548190e-05
1.537808404501e-03 1.206710839837e-03 3.501199340909e-05
2.801515661882e-04 8.216838032108e-04 3.113858187155e-05
1.014513343098e-03 1.135806168786e-03 8.072803003487e-05
2.285399029533e-04 9.014321789729e-04 6.385387687418e-05
1.835130612778e-03 9.547137119417e-04 5.875747149825e-05
1.166293693780e-03 1.145312397656e-03 7.085461764992e-05
1.767861309924e-03 1.038512520179e-03 4.870135488816e-05
3.431368129398e-04 9.014321790487e-04 5.074303311230e-05
4.299065380310e-04 1.024698057699e-03 1.000000000000e-04
3.336098217516e-04 1.122951049704e-03 3.757437262812e-05
1.485676192111e-03 1.248898526142e-03 3.081690257220e-05
7.164041805075e-04 9.734128759519e-04 5.257420479062e-05
2.267605449227e-04 1.189145062757e-03 8.811737460700e-05
1.841154511687e-03 1.093393158663e-03 4.286161745966e-05
3.459581326345e-04 1.198868965761e-03 3.147618377278e-05
8.266441851690e-04 1.010251445944e-03 6.365805779959e-05
1.666373295654e-03 1.173881727061e-03 3.864582435970e-05
1.323821965525e-03 1.212325428119e-03 4.212252950399e-05
1.562900330893e-03 1.303718058508e-03 6.388657540002e-05
1.735513434458e-03 1.126022835098e-03 4.459623492268e-05
1.389765335328e-03 1.280369996629e-03 5.263289949435e-05
1.920131398161e-03 8.591363088862e-04 2.222567466635e-05
-3.077511589168e-05 9.048188338903e-04 4.483447335890e-05
1.969224884108e-03 9.048188338903e-04 4.483447335890e-05
7.344205918577e-04 1.075501066796e-03 4.931408117527e-05
8.954846367713e-04 1.166995940930e-03 4.231925687660e-05
1.462444156846e-03 1.339205342479e-03 4.087543713166e-05
1.519937011987e-03 1.400831956316e-03 4.230643718846e-05
1.299850812136e-03 1.320835109984e-03 4.596754107050e-05
1.445847493752e-03 1.455194475870e-03 4.954375827150e-05
1.813477333012e-03 1.186370052040e-03 5.399461693666e-05
3.226131207192e-04 1.254018458679e-03 2.762489850558e-05
1.713307604776e-03 1.205837610142e-03 1.813452291121e-05
2.737843429857e-05 9.741019269023e-04 4.414987882792e-05
2.027378434299e-03 9.741019269023e-04 4.414987882792e-05
1.573838739193e-03 1.532535129614e-03 1.000000000000e-04
1.093145399080e-03 1.215014206537e-03 3.018505366239e-05
3.965280254905e-04 1.258345599590e-03 4.639437219268e-05
3.398856938292e-04 1.311584231220e-03 3.134047591171e-05
7.990189215598e-04 1.098749214618e-03 1.934027467693e-05
1.727443394785e-03 1.557170631505e-03 5.546819007791e-05
1.878932752922e-03 1.238094811296e-03 2.943117473274e-05
1.363068341903e-03 1.357229624407e-03 2.697775863956e-05
1.447031309415e-03 1.561890313172e-03 3.016086606767e-05
4.302154159326e-04 1.391935114391e-03 8.955504170905e-05
5.517902003731e-04 1.410049348556e-03 3.336181981457e-05
7.771272851917e-04 1.147183463687e-03 3.381158536356e-05
1.285063285730e-04 1.233482464172e-03 1.967732004303e-05
2.883400924674e-04 1.311495197108e-03 2.020521972820e-05
1.140059266936e-03 1.238298944666e-03 2.218937462596e-05
1.668582836448e-03 1.618904104747e-03 2.820313511967e-05
1.802324836588e-03 1.557170631505e-03 1.941325172503e-05
1.942769573816e-03 9.960591449427e-04 4.326166901423e-05
2.420482558957e-04 1.349702154550e-03 3.981734697876e-05
9.435887370168e-04 1.228940714243e-03 3.611007055421e-05
1.630710606912e-04 1.379108424622e-03 4.445678979531e-05
1.377769054104e-03 1.592619075387e-03 4.561193142779e-05
8.239017938160e-04 1.197871878082e-03 3.516065550821e-05
1.751932779441e-03 1.697433909147e-03 8.631386447535e-05
1.625484703502e-03 1.697470075983e-03 4.009488261186e-05
1.438977560039e-03 1.632694410810e-03 2.752438794027e-05
7.577857448402e-04 1.211272837159e-03 3.229983393820e-05
1.635553139842e-03 1.824539803407e-03 8.602338883729e-05
3.952868665573e-05 1.419534293567e-03 8.553156356633e-05
2.039528686656e-03 1.419534293567e-03 8.553156356633e-05
6.590091271786e-04 9.984741805772e-04 9.743585353207e-06
1.516122721000e-03 1.848281496440e-03 3.574398337097e-05
1.830976275384e-03 1.287718093142e-03 3.957820027548e-05
6.433457629615e-04 1.410046487334e-03 5.819374535248e-05
8.696064553929e-04 1.219960043702e-03 1.560156617589e-05
1.548595485271e-03 1.936915204775e-03 5.606765425101e-05
-7.047151974413e-05 1.745853069814e-03 9.776396713759e-05
1.929528480256e-03 1.745853069814e-03 9.776396713759e-05
1.182519115428e-03 1.244724675882e-03 2.075394564235e-05
6.472121612039e-05 1.800222877250e-03 4.729590628412e-05
2.899211756267e-04 1.432934693701e-03 5.620077341462e-05
1.838348018549e-04 1.474873455272e-03 5.353341453757e-05
1.391269071513e-03 1.682957900391e-03 4.177581597257e-05
1.454698336403e-03 1.936828004692e-03 3.782953511316e-05
2.762643211793e-04 1.561683616909e-03 7.327051717588e-05
1.653406387121e-03 -2.916182516300e-05 5.409105988341e-05
1.653406387121e-03 1.970838174837e-03 5.409105988341e-05
5.274804608834e-04 1.498162687929e-03 5.447546928709e-05
1.567722708664e-04 1.572880800961e-03 4.641596107084e-05
8.092910111466e-04 1.333135274369e-03 1.000000000000e-04
7.207255465527e-04 1.409682927805e-03 1.706145721508e-05
1.017404710569e-03 1.260930516847e-03 4.433957470375e-05
7.497319115536e-04 1.469988925205e-03 4.925216276942e-05
-2.178529960744e-06 -6.854883151324e-05 1.000000000000e-04
-2.178529960744e-06 1.931451168487e-03 1.000000000000e-04
1.997821470039e-03 -6.854883151324e-05 1.000000000000e-04
1.997821470039e-03 1.931451168487e-03 1.000000000000e-04
8.398733851590e-04 1.490199081197e-03 4.312714048089e-05
3.570298016515e-04 1.477565090944e-03 2.308876465010e-05
1.813686311552e-03 1.796224092134e-03 2.765872257088e-05
1.110446976942e-03 1.327536700466e-03 7.008615242114e-05
1.217851366533e-03 1.350789760426e-03 3.980655753203e-05
6.274786173586e-04 1.536892174140e-03 5.276074220390e-05
4.075194329306e-04 1.523108625271e-03 4.356745074687e-05
7.848405726269e-04 1.553211143786e-03 4.053366567612e-05
4.762519085673e-04 1.593592238222e-03 5.383502846098e-05
3.740676807542e-04 1.597628616142e-03 3.092915092059e-05
2.011158515644e-04 1.651411983643e-03 4.377009533113e-05
5.679137208140e-04 1.606288572904e-03 3.868963502418e-05
3.287689227011e-04 1.651591540755e-03 2.830999246773e-05
6.491457034136e-04 1.690416362569e-03 7.825530924901e-05
7.884840626445e-04 1.785274493419e-03 8.850036912909e-05
5.472105949430e-04 1.708445661210e-03 2.526194510216e-05
3.919352524212e-04 1.658170053171e-03 3.219410889568e-05
9.980760075081e-04 1.412120361451e-03 7.056103196973e-05
4.471071581385e-04 1.681815697513e-03 2.783137007238e-05
1.172043962345e-03 1.418751153335e-03 3.997866949274e-05
9.286585185859e-04 1.508711024220e-03 4.756735743432e-05
6.747910121205e-04 1.865999003131e-03 5.093631229792e-05
5.646662271139e-04 1.762517390543e-03 3.155751465811e-05
1.104198954783e-03 1.520432058333e-03 8.107505746709e-05
2.535358660041e-04 1.686162493340e-03 1.642937820480e-05
9.866314994553e-04 1.598615722575e-03 5.940797288626e-05
3.785056252501e-04 1.789679866380e-03 1.000000000000e-04
8.785382494416e-04 1.882887689283e-03 4.430812460648e-05
9.493543095561e-04 -4.772291959049e-05 5.483724140824e-05
9.493543095561e-04 1.952277080410e-03 5.483724140824e-05
2.183615252729e-04 1.722054325175e-03 2.894716165460e-05
2.589710510906e-04 1.756227219180e-03 2.412795317197e-05
5.327357567434e-04 -8.299108732725e-05 1.000000000000e-04
5.327357567434e-04 1.917008912673e-03 1.000000000000e-04
2.347495464483e-04 1.870044425850e-03 6.469460006063e-05
1.635077910851e-04 1.945103849158e-03 3.879124246753e-05
8.319992413894e-04 -2.852219329499e-05 5.576229435559e-05
8.319992413894e-04 1.971477806705e-03 5.576229435559e-05
7.013006397063e-04 -4.209018586347e-05 4.472120213222e-05
7.013006397063e-04 1.957909814137e-03 4.472120213222e-05
1.038246934987e-03 -3.365193673415e-05 3.516215899037e-05
1.038246934987e-03 1.966348063266e-03 3.516215899037e-05
1.181640625000e-03 1.787109375000e-03 5.716237191894e-05
6.386718750000e-04 5.449218750000e-04 3.024741907791e-05
5.839843750000e-04 1.212890625000e-03 5.190396065961e-05
9.765625000000e-06 1.150390625000e-03 6.907829852721e-05
2.009765625000e-03 1.150390625000e-03 6.907829852721e-05
1.001953125000e-03 1.775390625000e-03 5.991660131455e-05
6.894531250000e-04 4.042968750000e-04 1.634243740847e-05
1.345703125000e-03 1.833984375000e-03 3.792456846748e-05
1.841796875000e-03 1.435546875000e-03 6.883340270852e-05
1.810546875000e-03 1.757812500000e-05 1.000000000000e-04
1.810546875000e-03 2.017578125000e-03 1.000000000000e-04
1.544921875000e-03 6.230468750000e-04 6.337626462422e-05
1.240234375000e-03 1.638671875000e-03 4.260933407809e-05
