# 2D packing, generated 2026-09-30T17:09:25.063996+00:00
# generator = preprocess/generate_packing_gravity.py
# periodic axes = xy
# porosity_achieved = 0.324923  (target 0.325000)
# 587 distinct grains; 622 rows including 35 periodic edge images.
# Centres span [-R, L+R]: a grain need only be PARTLY inside.
# Do NOT drop the out-of-box rows -- they carry the conduction
# paths that cross the domain edge, and k_eff depends on them.
# header row is 'Lx Ly'; grain rows are 'x y r', all in metres
2.800000000000e-03 2.800000000000e-03
2.639782333784e-03 8.083462919171e-05 1.000000000000e-04
2.639782333784e-03 2.880834629192e-03 1.000000000000e-04
2.764254764777e-03 4.977593597006e-05 2.828907609860e-05
-2.603088927032e-05 1.243916736160e-04 4.107934026819e-05
2.773969110730e-03 1.243916736160e-04 4.107934026819e-05
2.471470163502e-03 6.465171746986e-05 5.963543587068e-05
2.269571906437e-03 8.889060442571e-05 7.464507986950e-05
2.138007656504e-03 9.095709530294e-05 5.521701640446e-05
3.197757939982e-04 5.773688091116e-05 9.277837248201e-05
3.197757939982e-04 2.857736880911e-03 9.277837248201e-05
2.024426413719e-03 1.303140982466e-04 6.495718947310e-05
4.676958553322e-04 3.769346908241e-05 5.643765792956e-05
4.676958553322e-04 2.837693469082e-03 5.643765792956e-05
2.116528518576e-03 1.751724141548e-04 3.169427915274e-05
1.938440022192e-03 1.345109440551e-04 2.113159356118e-05
2.369294001176e-03 1.476146298590e-05 4.618020502234e-05
2.369294001176e-03 2.814761462986e-03 4.618020502234e-05
2.065767374714e-03 2.251190543590e-04 3.846954918991e-05
4.293791291934e-04 1.251612773356e-04 3.590346418236e-05
1.685522509501e-04 8.332339392084e-05 5.510417605063e-05
2.522339678147e-03 1.406025838785e-04 3.177718356208e-05
2.383543757588e-03 9.293767033760e-05 3.272880471462e-05
1.683362801340e-03 4.019915184283e-05 4.289101260171e-05
1.683362801340e-03 2.840199151843e-03 4.289101260171e-05
1.214185334938e-03 5.680521947593e-05 8.142226790215e-05
1.214185334938e-03 2.856805219476e-03 8.142226790215e-05
2.712602359856e-03 2.057734402114e-04 4.461162862705e-05
2.431167164295e-03 2.132933122118e-04 8.482733256664e-05
6.264294356933e-05 3.268440812213e-05 4.665928284717e-05
6.264294356933e-05 2.832684408122e-03 4.665928284717e-05
8.099379627460e-04 2.206894678223e-05 4.731958101714e-05
8.099379627460e-04 2.822068946782e-03 4.731958101714e-05
5.443195116968e-04 4.381223283360e-05 2.042991640790e-05
2.282273750911e-03 2.691237939589e-04 7.419049806304e-05
2.168371444892e-05 2.195039873900e-04 6.533057298184e-05
2.821683714449e-03 2.195039873900e-04 6.533057298184e-05
1.749676315060e-03 8.956036365966e-05 3.820119991764e-05
1.810572252887e-03 1.109702368028e-04 2.634876454241e-05
5.379662285660e-04 1.492220365062e-04 7.531761198818e-05
2.690201516241e-03 3.106934639102e-04 6.267332148013e-05
1.607910327615e-03 4.654458729816e-05 3.282781639969e-05
1.167775802475e-04 2.742108994793e-04 4.437679248247e-05
2.140243162949e-03 3.082255662755e-04 7.312529512650e-05
1.950732830467e-03 1.755199602587e-04 2.021660522722e-05
4.257266353424e-04 2.089966883807e-04 4.801152820597e-05
1.079211814475e-03 6.203553724586e-05 5.365260001559e-05
6.266581216295e-04 2.016704324336e-04 2.772179841493e-05
1.348649757426e-03 8.152090491832e-05 5.529483046948e-05
6.967708397872e-04 2.407681542855e-04 5.255547917545e-05
1.980331175680e-03 2.327817524764e-04 4.304228742814e-05
9.830514758115e-04 1.418449451626e-04 7.131283507900e-05
8.656964100916e-04 1.041840593243e-04 5.193714305689e-05
2.532550303034e-03 2.453706440359e-04 1.921501859614e-05
2.510976423970e-03 2.839073479872e-04 2.173685645254e-05
5.620351646909e-04 3.229788587449e-04 1.000000000000e-04
1.132815903900e-03 1.796753673134e-04 6.594821482085e-05
2.301232699145e-04 1.236721490816e-04 1.850978586249e-05
2.384999923612e-03 3.165517222822e-04 2.828015808384e-05
1.045395280984e-03 2.247240551879e-04 3.239684323144e-05
2.553036157369e-03 3.981473681145e-04 1.000000000000e-04
1.242519153012e-03 1.787486753673e-04 4.375895159218e-05
2.079136352917e-04 1.786258229506e-04 4.076228823749e-05
1.444289615374e-03 1.084135502794e-04 4.405411554047e-05
3.615702529832e-04 1.616846237617e-04 1.925698945607e-05
7.112779443822e-04 3.428590845245e-04 5.056107198036e-05
3.571794741504e-05 3.452423958414e-04 6.118873425993e-05
2.835717947415e-03 3.452423958414e-04 6.118873425993e-05
1.676291546079e-03 1.285957216503e-04 4.491969692437e-05
1.546665062932e-03 5.627819171173e-05 2.918610645623e-05
1.222090312254e-04 3.741843393169e-04 3.001633436052e-05
1.917530660656e-04 3.901143048261e-04 4.132892210357e-05
1.534742569214e-03 1.347059209106e-04 5.014270979845e-05
2.751542536380e-03 3.800010620926e-04 2.988096213384e-05
1.762756151472e-03 1.909389815998e-04 6.167663102422e-05
2.438542746459e-03 3.942127167672e-04 1.451013766931e-05
1.616400353728e-03 2.607011776909e-04 1.000000000000e-04
1.453253742055e-03 2.129284917662e-04 6.055220326539e-05
-7.344299030326e-05 5.028079751497e-04 9.544203341305e-05
2.726557009697e-03 5.028079751497e-04 9.544203341305e-05
1.489195712416e-03 2.967056939023e-04 3.060943796139e-05
1.233963226870e-04 4.517108841524e-04 4.751931348441e-05
1.839315758825e-03 2.297668415608e-04 2.416611000385e-05
2.432952119827e-03 4.558625016506e-04 3.320817640800e-05
7.928641458586e-04 3.960956395230e-04 4.685785324042e-05
1.324532920972e-03 2.724809557396e-04 8.078823091355e-05
1.804933131201e-03 2.963243065408e-04 5.040077210787e-05
2.724520249554e-04 1.656609892459e-04 2.506545486827e-05
9.773506497396e-04 2.551561697697e-04 4.214171850834e-05
2.198692162737e-04 4.800585025052e-04 5.290737657821e-05
1.467322955658e-04 5.356523429429e-04 3.896038407040e-05
1.888779377356e-03 2.956318293079e-04 3.344835665079e-05
7.145200037874e-04 4.338165519949e-04 4.009427205447e-05
1.428464537611e-03 4.204086351557e-04 1.000000000000e-04
2.384647401929e-03 4.851035116671e-04 2.325758700664e-05
1.971602069332e-03 3.331890613100e-04 5.749202366707e-05
4.285511135595e-04 3.641065086113e-04 3.967633624578e-05
2.597280055227e-03 5.281661389496e-04 3.625322093761e-05
2.634038514613e-03 5.677894165317e-04 1.761675679684e-05
2.581203737815e-03 6.270203609600e-04 6.175474201826e-05
2.673144095251e-03 6.734434852988e-04 4.010252156995e-05
2.055525996960e-03 3.845319788027e-04 4.089158693846e-05
1.725199280255e-03 3.933652764204e-04 7.157217797704e-05
1.282622565156e-03 5.118061909315e-04 7.128823498296e-05
3.569916092140e-04 3.636819969062e-04 3.188443343298e-05
2.478406292885e-03 5.113756129139e-04 3.561107152575e-05
4.778121315292e-05 5.057586137704e-04 2.581808227518e-05
8.782543266003e-04 3.964105222052e-04 3.853293191620e-05
1.393600783126e-03 5.693816805479e-04 5.299820580894e-05
1.989521538736e-03 4.488408242326e-04 5.126220311168e-05
9.710974892971e-04 3.963665704806e-04 5.431025851829e-05
1.833272122686e-03 4.328804706180e-04 4.349833526210e-05
2.243311697477e-03 3.728194315088e-04 3.658339775469e-05
1.599932701106e-03 4.833110529140e-04 8.264186863089e-05
2.419576671358e-03 6.335612666033e-04 1.000000000000e-04
1.782738687298e-03 4.569679070065e-04 1.218520094270e-05
2.179817934352e-03 4.181698047968e-04 4.144306323533e-05
2.534718954205e-03 7.224833794184e-04 4.442452770036e-05
1.795403437857e-03 5.190819384590e-04 5.009967863723e-05
3.350864887011e-05 5.547954910251e-04 2.347546839747e-05
1.124230371330e-03 4.153921722539e-04 1.000000000000e-04
1.710346665341e-03 4.936238931439e-04 2.815163123900e-05
3.442712865083e-04 4.665085050134e-04 7.172588197171e-05
6.214635144416e-04 4.716799984734e-04 6.009487681665e-05
1.704647647610e-03 6.096019186550e-04 7.808175636020e-05
1.836696906472e-03 6.596835135089e-04 6.314562380762e-05
2.141866162674e-04 5.722934959832e-04 3.778506601646e-05
1.173229264513e-03 5.562429178902e-04 4.678596596035e-05
8.427699516167e-04 4.629163791381e-04 3.654240346696e-05
4.717545754355e-04 4.418227201176e-04 4.924100715712e-05
1.318351551875e-03 6.166220201832e-04 3.585052398701e-05
2.627655097263e-03 7.560896076502e-04 5.320934979569e-05
1.572831045898e-03 6.750687354874e-04 6.909677669814e-05
9.061699018166e-05 6.322951914574e-04 7.279277756448e-05
3.259558765239e-04 6.217185147167e-04 8.442458996497e-05
1.468346615873e-03 6.865552593255e-04 3.601714410919e-05
1.692548207728e-03 7.752881645499e-04 8.703180107774e-05
1.370248122650e-03 6.978718033381e-04 6.055794054476e-05
7.153020671732e-04 5.217920243664e-04 4.628599137801e-05
2.547047167991e-03 8.072925933009e-04 4.127607591868e-05
2.110257445633e-03 5.368034740881e-04 9.608012962569e-05
7.937229606015e-04 5.293740509895e-04 3.250057888501e-05
9.428214154447e-04 5.265304450773e-04 7.878682884655e-05
1.902045712308e-03 4.877283057936e-04 4.446823735925e-05
1.566243129161e-03 7.840458525748e-04 3.957653186856e-05
6.404041474852e-04 5.763994926293e-04 4.632290324329e-05
1.277127376433e-03 7.067157468066e-04 3.298130872599e-05
1.855332719651e-03 8.164895106407e-04 8.088588185550e-05
4.492519842085e-04 6.710025024064e-04 4.835658947231e-05
2.046958839028e-04 6.832798504889e-04 5.156720576549e-05
1.752567238522e-03 9.178421960440e-04 6.345091508178e-05
1.054796449809e-03 5.461173919594e-04 3.488839628685e-05
2.284015889820e-03 6.510684849440e-04 3.668668052711e-05
1.020483659574e-03 5.967520880076e-04 2.591514486479e-05
2.610121109391e-03 8.441846934772e-04 3.179478838172e-05
8.427697749074e-04 5.465181180636e-04 1.945622076045e-05
1.952355887099e-03 8.640692988097e-04 2.717581933389e-05
1.104596005330e-03 5.792175248687e-04 2.490804615430e-05
2.191680984141e-03 6.638563209869e-04 5.482456432031e-05
1.844647254660e-03 9.278394953594e-04 2.917022378849e-05
1.976166186036e-03 5.801283233645e-04 4.483656360659e-05
2.029579712609e-03 6.331277303005e-04 2.956725298090e-05
2.261169659678e-03 7.208364153513e-04 3.503872658911e-05
-2.680772384172e-05 7.079857088924e-04 6.574077634526e-05
2.773192276158e-03 7.079857088924e-04 6.574077634526e-05
8.559444211808e-04 5.957381170017e-04 3.149649849863e-05
1.829706919030e-03 1.042597414303e-03 8.322694552363e-05
5.522072224202e-04 5.983842371405e-04 4.457278742539e-05
2.035648449975e-03 8.697264919391e-04 5.630863948599e-05
7.229570756823e-04 6.153492293807e-04 4.495725860437e-05
1.489984230140e-03 8.000337954870e-04 3.834030840611e-05
3.862092098103e-04 7.303624100282e-04 3.823430627436e-05
1.608968091085e-03 9.217733427636e-04 8.020203149096e-05
1.223382070683e-03 7.067157468066e-04 2.076399702466e-05
3.093538029680e-04 7.470966682026e-04 4.042183752594e-05
1.490737281105e-03 9.642083321631e-04 4.541346418511e-05
9.091146922231e-04 6.283269402863e-04 2.844502102639e-05
1.932173140813e-03 1.079451682659e-03 2.566549545682e-05
2.681088738527e-03 8.438462932815e-04 3.917365400124e-05
2.337214167487e-03 7.589570226546e-04 5.002566421950e-05
1.547681702326e-03 1.011494240605e-03 2.845274731121e-05
4.501178656774e-04 7.478094671188e-04 2.801307930324e-05
1.508004911617e-03 1.033047229918e-03 1.670009389841e-05
6.093939570977e-04 6.550173039607e-04 3.589167298739e-05
9.929779675321e-04 6.986669192667e-04 7.964619240072e-05
2.425764892244e-03 7.705409005251e-04 3.711958241657e-05
5.393993466595e-04 6.935513735511e-04 4.400901543011e-05
2.182848138506e-03 7.847603126117e-04 6.605788875364e-05
1.140016846963e-03 6.337168358032e-04 3.750681330534e-05
2.305712266052e-04 7.745066933133e-04 4.299281235607e-05
6.738402747885e-04 6.745914015742e-04 3.146167259602e-05
1.545073082566e-03 1.100552785352e-03 6.031321217250e-05
1.696154526093e-03 9.868749546619e-04 2.570016952176e-05
6.242018052708e-04 7.564659674432e-04 6.158313916069e-05
1.686571448681e-03 1.140213741661e-03 8.663840935200e-05
1.906715503341e-03 1.161726326545e-03 5.862515981661e-05
2.149228542560e-03 9.063593573792e-04 6.010313982223e-05
5.151902236918e-04 7.979808978239e-04 5.415494511348e-05
2.386683787965e-03 8.493865800807e-04 5.088047660329e-05
1.139980693249e-03 7.806789653139e-04 8.868614871351e-05
1.047460558413e-04 7.828367452300e-04 7.841039440692e-05
1.793939636161e-03 1.140207361893e-03 2.072977812748e-05
2.054446484072e-03 9.943949984521e-04 6.925648605680e-05
2.634289072067e-03 9.582183732905e-04 8.429555116623e-05
2.920928110303e-04 8.206035550216e-04 3.388258038783e-05
2.299777659193e-03 9.727242751409e-04 1.000000000000e-04
6.012011636855e-04 8.854703866569e-04 6.853283934311e-05
1.573867378197e-03 1.204356924589e-03 4.304025280950e-05
2.166227607417e-03 1.081788036420e-03 7.242549520946e-05
1.014671430965e-03 8.190514759987e-04 4.236674438807e-05
7.483450138251e-04 9.573292581437e-04 9.522005389928e-05
1.310834923127e-03 7.477941928801e-04 1.704472213617e-05
1.266441120903e-03 7.806789653139e-04 3.777427894060e-05
6.046774586028e-04 1.033854921171e-03 6.755753523799e-05
1.364019193877e-03 8.356129001928e-04 7.420436869634e-05
1.062037198795e-03 8.826276589269e-04 3.691406664379e-05
8.907969962443e-04 9.573292582749e-04 4.723192851994e-05
1.137443384108e-03 9.193676889906e-04 4.696633984309e-05
1.008555815092e-03 9.825023673765e-04 7.318744217347e-05
8.485066845452e-04 1.012113373993e-03 1.894500043374e-05
1.256591868554e-03 8.684269611801e-04 3.812279998757e-05
2.449268319114e-03 9.716947873944e-04 4.920256827479e-05
2.099610756217e-04 8.823786219511e-04 6.643017525808e-05
1.812742508873e-03 1.202915865508e-03 4.397845517481e-05
1.254362390218e-03 1.008412908161e-03 1.000000000000e-04
-3.465046120411e-05 8.188191577354e-04 4.536980781205e-05
2.765349538796e-03 8.188191577354e-04 4.536980781205e-05
1.414052786424e-03 1.047662466416e-03 6.444315268097e-05
9.064484214080e-04 1.076945156433e-03 6.590015702124e-05
2.059074362604e-03 1.101982118360e-03 3.661407521336e-05
1.335329745204e-03 1.136632437259e-03 5.164418952204e-05
2.037518087083e-03 1.223801430609e-03 8.615962687737e-05
7.880976993489e-04 1.126426885964e-03 6.237819255193e-05
1.935449459528e-03 1.229010485683e-03 1.453766072107e-05
8.786465573615e-04 1.189628879011e-03 4.804638629042e-05
5.035022774649e-04 1.065682760864e-03 3.850578857283e-05
9.511460995341e-04 1.189628879011e-03 2.445315588225e-05
6.917339535946e-04 1.062801770003e-03 2.418533030240e-05
1.106289711842e-03 1.079377626358e-03 6.419960203989e-05
1.924711676773e-03 1.289719435216e-03 4.449438009653e-05
2.732614790370e-03 8.738187973228e-04 1.863428666066e-05
3.081976883810e-04 9.265811997740e-04 4.129308957149e-05
7.911540843365e-04 1.245562151998e-03 5.579707216086e-05
1.244988653568e-03 1.189165795946e-03 5.286067454172e-05
2.313001281043e-03 1.172286558605e-03 1.000000000000e-04
4.102892076133e-04 1.109318842630e-03 6.441546298896e-05
1.637647915271e-03 1.263319717703e-03 4.381921922035e-05
1.482407314622e-03 1.204356924589e-03 4.841981076458e-05
1.031994182836e-03 1.174091561998e-03 5.617712010685e-05
2.184612371992e-03 1.236625287191e-03 4.360776310599e-05
-4.304701799254e-06 9.942192233434e-04 8.107684991513e-05
2.795695298201e-03 9.942192233434e-04 8.107684991513e-05
1.528175545070e-03 1.325267250815e-03 8.086297195022e-05
1.987516980046e-03 1.330516836674e-03 3.039843721485e-05
1.628522028559e-04 1.025597374781e-03 8.433738835215e-05
2.523348592488e-03 9.883801369232e-04 2.673350873839e-05
2.697145841727e-03 1.076927091216e-03 4.758000679843e-05
9.585266845209e-04 1.314275971952e-03 1.000000000000e-04
1.414689385336e-03 1.140240659830e-03 2.779743528481e-05
1.871369093095e-03 1.236900150699e-03 2.378590136665e-05
2.598807737920e-03 1.089495050655e-03 5.155795901015e-05
2.519135909389e-03 1.115084669463e-03 3.212255755291e-05
4.928375031041e-04 1.129545523898e-03 2.057477011788e-05
2.561240896353e-03 1.193034544578e-03 5.647209780393e-05
2.453113891692e-03 1.282364214146e-03 7.818149678124e-05
1.712809129104e-03 1.288157655717e-03 3.533967939323e-05
1.823934209869e-03 1.307598906677e-03 5.785684527659e-05
8.391722703355e-04 1.303544532910e-03 1.948707413050e-05
-8.582445182773e-05 1.226117919016e-03 1.000000000000e-04
2.714175548172e-03 1.226117919016e-03 1.000000000000e-04
1.394502986221e-03 1.206400105640e-03 3.950825949994e-05
3.224363264061e-04 1.162851110920e-03 3.846229206399e-05
1.323020272275e-03 1.225703973858e-03 3.330179967532e-05
6.856609306408e-04 1.245562152091e-03 4.969608153489e-05
1.892367546648e-03 1.342308732614e-03 1.724520974956e-05
2.134407219902e-03 1.322205872567e-03 5.193794100760e-05
1.649549013324e-03 1.368684996152e-03 4.804249498636e-05
1.366508373374e-03 1.268598609224e-03 2.778146055448e-05
2.572031006085e-03 1.294978406738e-03 4.140278448409e-05
2.337577121411e-03 1.305632873318e-03 3.559210217574e-05
1.363005754111e-03 1.398958191759e-03 1.000000000000e-04
6.140584775464e-04 1.245562152091e-03 2.190637155950e-05
6.156531265925e-04 1.323758353709e-03 5.525980717642e-05
2.276651985989e-03 1.309918298461e-03 2.548206661751e-05
6.753733470459e-05 1.067935359914e-03 1.995752698715e-05
6.833798210047e-04 1.357019736421e-03 2.019365341936e-05
3.942720948824e-05 1.286778816301e-03 3.916796729796e-05
1.530875083297e-03 1.507677501536e-03 1.000000000000e-04
2.638565438892e-03 1.336808877318e-03 3.404990441978e-05
8.198546785013e-04 1.374254024091e-03 5.108703449310e-05
1.934218949550e-03 1.421176758515e-03 7.203919781613e-05
2.546901291861e-04 1.162851110920e-03 2.928390515603e-05
4.865041139839e-04 1.224728848063e-03 7.388920543212e-05
1.168804730360e-03 1.224376029476e-03 3.106638129019e-05
2.220154923196e-03 1.331504430157e-03 3.431246069244e-05
3.805362595854e-04 1.224728848139e-03 3.207864896643e-05
2.798053928117e-04 1.238247880721e-03 4.815219515125e-05
2.270033518163e-03 1.358824167397e-03 2.255793827451e-05
1.749263368070e-03 1.395999112630e-03 5.534519045707e-05
8.930674414724e-04 1.469854493236e-03 6.878859198862e-05
2.711774923769e-03 1.377559634724e-03 4.973704507211e-05
9.996654880376e-04 1.469854493236e-03 3.780945457660e-05
1.130983175579e-03 1.321452202371e-03 7.260573452595e-05
1.836917534182e-03 1.393253236682e-03 2.877589079212e-05
3.612582791512e-04 1.346351125192e-03 8.720246549299e-05
9.728921674797e-04 1.545134596171e-03 4.093415305545e-05
1.198956888721e-03 1.466426562775e-03 7.738097790613e-05
1.605772475348e-04 1.175801923803e-03 6.571587403866e-05
1.408336244712e-03 1.562022757821e-03 3.404914711628e-05
1.157924174900e-04 1.303846250667e-03 3.908126470441e-05
1.708832445492e-03 1.518266848530e-03 7.343391787428e-05
2.049317728904e-03 1.452151460504e-03 4.715459888557e-05
2.185950537351e-03 1.391279950392e-03 3.424756706001e-05
1.453728833761e-03 1.668568163937e-03 7.843023584911e-05
-1.182644159443e-05 1.425402727262e-03 4.040569106285e-05
2.788173558406e-03 1.425402727262e-03 4.040569106285e-05
1.549808700504e-03 1.713797674746e-03 2.776321706266e-05
2.631454813656e-03 1.407594572012e-03 3.601502514516e-05
1.037607612655e-03 1.586774042483e-03 3.601993932074e-05
1.291967720039e-03 1.497767627162e-03 2.076828118062e-05
2.129781054682e-03 1.397995644116e-03 2.232195941450e-05
1.203414289008e-04 1.436533612211e-03 9.223006049374e-05
9.728554853511e-04 1.626829094665e-03 4.011970341366e-05
1.076140564358e-03 1.710451548121e-03 9.277319431814e-05
-2.161396650392e-05 1.566152522378e-03 1.000000000000e-04
2.778386033496e-03 1.566152522378e-03 1.000000000000e-04
2.721061812588e-04 1.469510624505e-03 6.307616410184e-05
1.640192922785e-03 1.647093187522e-03 7.253734537851e-05
6.519848802362e-04 1.429794994020e-03 5.682839653512e-05
8.500503452530e-04 1.626829094665e-03 8.268543668445e-05
4.736030411853e-04 1.380148120918e-03 3.011583008198e-05
2.330370448973e-03 1.385122733701e-03 4.326120642743e-05
1.975975698440e-04 1.538460047452e-03 3.566641918581e-05
1.986892007971e-03 1.585408750508e-03 1.000000000000e-04
2.619398192389e-04 1.576369869566e-03 3.901342863058e-05
2.135800442961e-03 1.585408750508e-03 4.890843498986e-05
2.108103935431e-03 1.699961103232e-03 6.677701542266e-05
1.085507077420e-04 1.642127844696e-03 5.069701892663e-05
4.432471802768e-04 1.452505051326e-03 4.692745637902e-05
7.500864220155e-04 1.443539084020e-03 4.223124463825e-05
1.191657303072e-03 1.773680553614e-03 3.891592466556e-05
1.981167130302e-03 1.760123694246e-03 7.369536568511e-05
3.053105036163e-05 1.716987482554e-03 5.742806748026e-05
2.830531050362e-03 1.716987482554e-03 5.742806748026e-05
3.677704265807e-04 1.483456290352e-03 3.359921760897e-05
1.451532601474e-04 1.750729475523e-03 6.205739779547e-05
1.136514959212e-03 1.834664057151e-03 4.330126204142e-05
6.881655794611e-04 1.711488951628e-03 1.000000000000e-04
2.274871243879e-03 1.701760465998e-03 1.000000000000e-04
2.701391002231e-03 1.755753920206e-03 7.740514851451e-05
2.533176411576e-03 1.383152007949e-03 5.053598427930e-05
1.209819929359e-03 1.877987887193e-03 4.184903389293e-05
3.351992116677e-04 1.525470854432e-03 1.956193019404e-05
8.319154960417e-04 1.755156076251e-03 4.691659631989e-05
1.055005784678e-03 1.840566373263e-03 3.842133500883e-05
1.613548640290e-03 1.773197533772e-03 5.635107121748e-05
1.321662185144e-03 1.938661141161e-03 8.539063730336e-05
6.929686729705e-06 1.811521317372e-03 3.995678467221e-05
2.806929686730e-03 1.811521317372e-03 3.995678467221e-05
1.093886895119e-03 1.902274191278e-03 3.451422252896e-05
3.346142923081e-04 1.603013727895e-03 3.839118507282e-05
2.549358109558e-03 1.822894769321e-03 8.879324173029e-05
2.117279970041e-03 1.868028165510e-03 1.000000000000e-04
2.958549220103e-04 1.765821091336e-03 8.939804211026e-05
2.404049355853e-03 1.771225410771e-03 4.667093497167e-05
5.162478751004e-04 1.717372771025e-03 7.201836065759e-05
7.767464268323e-05 1.814111833152e-03 3.050740199614e-05
1.513664595311e-03 1.769740843072e-03 3.884034457274e-05
1.014961593441e-03 1.914408473070e-03 4.533841699870e-05
1.443056358906e-03 1.780760883632e-03 3.262268322577e-05
1.160204566173e-03 2.015177759993e-03 9.328044508337e-05
5.848068384586e-04 1.785164386598e-03 2.439758511264e-05
1.541779327627e-03 1.858095555778e-03 5.387962862949e-05
1.947012643429e-03 1.906668205072e-03 7.459672152986e-05
1.404280880724e-04 1.864776019550e-03 5.014527738606e-05
2.030271206990e-03 1.958907752652e-03 2.369345467074e-05
1.994796670925e-03 2.003509454348e-03 3.329561887176e-05
2.333215496085e-03 1.828798963119e-03 3.979567774546e-05
7.736765662640e-04 1.803978749405e-03 2.596226243086e-05
1.451480184582e-03 1.849287259693e-03 3.641951441500e-05
1.018437992290e-03 2.036090122619e-03 5.002024710273e-05
2.057219847488e-03 2.030211025534e-03 3.459861413859e-05
6.251295666844e-04 1.833166977756e-03 3.703678684613e-05
2.061083943940e-04 1.832769212906e-03 2.252831159425e-05
1.297368858794e-03 2.083445110064e-03 5.993337366644e-05
4.341160131709e-04 1.814600615782e-03 5.525652508240e-05
5.344967500982e-04 1.875988659090e-03 6.240733601028e-05
9.374339795180e-04 1.780533403340e-03 6.161063107180e-05
2.140909776627e-04 1.880856973329e-03 2.517283926213e-05
1.214984444864e-03 2.132500022679e-03 3.594976411194e-05
2.685780404269e-03 1.903804554336e-03 6.846553781769e-05
2.568373335297e-03 1.984669343286e-03 7.409515584672e-05
1.916214611182e-03 2.029956854495e-03 4.961761944398e-05
8.292568845356e-04 1.851395870675e-03 4.709631111608e-05
1.783316887512e-03 1.647093187522e-03 7.058661934884e-05
3.600757925466e-04 1.870799033678e-03 3.366571954848e-05
1.065842895152e-03 2.105425187438e-03 3.397127645050e-05
4.244902197852e-04 1.913975968584e-03 4.388082388222e-05
1.827681656729e-03 2.029956854495e-03 3.891533500848e-05
2.237480316561e-03 1.899445665845e-03 2.423841044808e-05
9.176329459591e-04 1.891921497149e-03 5.012845236475e-05
1.714322528328e-03 1.711863611086e-03 2.404651104352e-05
1.118610849741e-03 2.124092787187e-03 2.200136250752e-05
-7.892767775203e-05 2.071700853200e-03 1.000000000000e-04
2.721072322248e-03 2.071700853200e-03 1.000000000000e-04
5.098510805580e-05 1.898154700418e-03 4.532295298793e-05
7.088170587770e-04 1.863493982084e-03 5.195285569539e-05
2.284570488408e-03 1.856098690074e-03 1.598614602994e-05
2.414392119365e-03 1.879249975872e-03 5.578124862823e-05
2.544140537581e-03 2.150824724260e-03 9.381828555198e-05
2.312899442176e-03 1.944182462366e-03 6.345095875661e-05
2.209155051500e-03 1.975049047813e-03 4.104786365617e-05
1.904477877800e-04 1.957118647453e-03 5.466982318137e-05
6.402992483910e-04 1.978217541443e-03 8.167421981105e-05
2.422719318554e-03 2.156003905458e-03 2.723432388565e-05
1.158359948602e-03 2.136464592070e-03 1.962858364103e-05
8.351157932158e-04 1.954234412974e-03 5.327357844427e-05
3.073122623320e-04 1.876793197274e-03 1.943569850600e-05
5.167219323089e-04 2.038103818745e-03 5.556774366606e-05
1.014950471474e-04 2.059352009591e-03 8.084503360591e-05
2.447051099782e-04 2.102066682542e-03 6.859958522487e-05
1.436279554555e-03 1.938661141161e-03 2.922673210830e-05
9.017884225250e-04 2.050182167081e-03 6.356481857101e-05
1.712059927051e-03 1.802132801102e-03 4.631468833214e-05
1.864228560690e-03 2.087715840750e-03 2.809113127895e-05
9.751984426529e-04 2.171384019336e-03 7.813128495674e-05
1.798342064965e-03 1.886321330389e-03 7.423536677625e-05
1.650927497976e-03 1.863718195521e-03 4.046050795439e-05
2.147468517548e-03 2.048174107235e-03 5.462085007290e-05
2.068844130280e-03 2.107581017015e-03 4.363973663747e-05
3.526550703954e-04 2.104515570725e-03 3.932501189625e-05
2.243672732152e-03 2.066799074408e-03 4.336966125275e-05
1.980937389694e-03 2.097966298333e-03 4.426700394858e-05
1.481124638510e-04 2.197608906904e-03 6.505964481299e-05
2.604852445449e-05 2.129073353528e-03 1.913527445603e-05
2.407018739962e-03 1.971273174849e-03 3.448957891085e-05
2.137395610632e-03 2.129780718018e-03 2.760507270871e-05
1.416844316097e-03 1.991417083768e-03 2.343411876409e-05
2.679741533404e-03 2.221358969056e-03 5.333804962116e-05
7.655183735334e-04 2.051867824566e-03 6.355904791098e-05
1.124297182491e-03 2.194074795130e-03 4.729829834034e-05
5.965720022657e-04 2.088953832071e-03 3.738297254621e-05
2.820746714134e-04 2.241736800450e-03 7.598350099439e-05
1.269050537592e-03 2.164236439794e-03 2.567717635733e-05
-2.839418849828e-05 2.249266211194e-03 4.267164618958e-05
2.771605811502e-03 2.249266211194e-03 4.267164618958e-05
8.331384372668e-04 2.149419604187e-03 5.513729881657e-05
1.754884615134e-03 2.042157442517e-03 3.489701905955e-05
1.702736632397e-03 1.896214063868e-03 2.069374790530e-05
8.768230036662e-04 2.229046579528e-03 3.568558675501e-05
2.363689124472e-03 2.038468102522e-03 4.364420344727e-05
1.906460284675e-03 2.158217511984e-03 5.152990580599e-05
1.789347458306e-03 2.120510344117e-03 5.070008806811e-05
1.512570833834e-03 1.953461493643e-03 4.585902092265e-05
2.315312330913e-03 2.111184496622e-03 4.090547040372e-05
6.829087324376e-05 2.293222605601e-03 5.949350716224e-05
5.160176188863e-04 2.180515943063e-03 8.457051992945e-05
4.208598860753e-04 2.308842745031e-03 7.518806528688e-05
2.253149381516e-03 2.136155611686e-03 2.608549066730e-05
-3.389373935347e-05 2.348442650856e-03 5.665713779186e-05
2.766106260647e-03 2.348442650856e-03 5.665713779186e-05
1.223669346912e-03 2.234167513481e-03 5.768832930560e-05
9.240860351560e-04 2.254711870589e-03 1.809639266961e-05
1.603925391434e-03 1.935191403060e-03 4.508256549603e-05
2.609865586865e-03 2.256676317526e-03 2.495605717912e-05
2.001088220826e-03 2.189627882301e-03 4.817494695320e-05
1.835315131901e-04 2.355398940433e-03 7.128783634925e-05
5.302301880734e-04 2.368485431611e-03 4.938776873760e-05
2.436930207796e-03 2.209562953012e-03 2.627082569214e-05
4.854668901215e-05 2.382091134675e-03 3.152282001177e-05
2.382591209090e-03 2.211862990195e-03 2.811682871040e-05
1.011136929584e-04 2.444751005282e-03 4.798218076767e-05
6.818161280549e-04 2.075215907043e-03 2.333858642681e-05
2.473692658034e-03 2.290155242893e-03 6.231000227281e-05
6.213946176994e-04 2.180698273280e-03 2.080664281328e-05
1.574021292817e-03 2.009810603999e-03 3.530574374651e-05
1.412688463349e-03 2.083445110064e-03 5.538623088919e-05
1.655226712903e-03 2.011686697651e-03 4.592134520006e-05
2.572564550562e-03 2.307476193356e-03 3.806775411461e-05
1.358206427644e-03 2.157737753893e-03 3.609061662075e-05
2.649260609876e-03 2.372852554028e-03 6.271108698677e-05
2.096298385392e-03 2.195094792703e-03 4.719204181136e-05
1.517891735587e-03 2.074130701182e-03 5.006170963328e-05
1.680797266751e-03 2.112258908926e-03 5.785063032795e-05
1.448471198999e-03 2.196438878562e-03 6.212092037185e-05
2.045795509546e-03 2.285242327496e-03 5.607765787177e-05
1.577191234481e-03 2.164047044350e-03 5.764798973446e-05
2.199786324098e-03 2.203065655708e-03 5.660240945951e-05
3.184846431507e-04 2.344793563966e-03 3.331628748858e-05
4.668307684241e-04 2.392613117710e-03 1.813564622040e-05
2.169968947319e-03 2.337007817187e-03 7.845382784104e-05
9.686089226770e-04 2.289003717668e-03 3.810163478088e-05
2.577086578896e-03 2.418039363715e-03 2.209495024681e-05
1.674670614948e-03 2.233205006851e-03 6.187210645794e-05
1.769971572712e-03 2.264721470087e-03 3.850498258997e-05
2.288598012758e-03 2.350344452554e-03 4.092264344043e-05
7.058643398442e-04 2.109706213666e-03 1.870778964994e-05
2.609777902991e-03 2.448338617952e-03 2.247717795303e-05
2.732401613653e-03 2.451341974253e-03 5.162157441536e-05
6.103177463576e-04 2.218670648365e-03 1.713049992811e-05
2.570690383075e-03 2.460179459348e-03 1.836448969324e-05
2.981271518435e-04 2.449182151791e-03 7.303918192418e-05
1.717521436850e-03 2.319326330084e-03 3.409682402522e-05
2.647514249257e-03 2.516337456796e-03 5.529092442644e-05
1.648156125191e-03 2.327109388227e-03 3.570376662852e-05
6.996826321006e-04 2.234570192139e-03 7.363776708230e-05
2.192769451840e-05 2.525377426865e-03 6.455144248437e-05
2.821927694518e-03 2.525377426865e-03 6.455144248437e-05
9.368945835721e-05 2.559383525025e-03 1.485993171876e-05
1.585924173834e-03 2.367632729673e-03 3.855898966142e-05
3.791415426801e-04 2.505089089327e-03 2.539317893718e-05
1.362344091859e-03 2.222947615308e-03 2.799340539275e-05
1.496348769253e-03 2.390726516605e-03 5.394547563986e-05
2.388486080201e-03 2.384087430174e-03 6.451094348574e-05
1.890802777084e-03 2.295021732147e-03 8.606742940756e-05
2.545007578131e-03 2.516594854749e-03 4.290906489129e-05
2.584099263716e-03 2.604631672146e-03 5.341663958150e-05
8.035615704410e-04 2.290933851496e-03 4.454724011739e-05
1.317785536567e-03 2.249276074156e-03 2.376229569548e-05
1.288980277014e-03 2.317171361563e-03 4.792964448280e-05
2.009309936516e-03 2.438469083404e-03 1.000000000000e-04
1.219549262886e-03 2.317171361563e-03 2.150136964520e-05
2.677989358621e-03 2.632058267481e-03 4.377750736118e-05
1.779014135329e-03 2.372971451532e-03 4.750679734953e-05
1.651413743167e-03 2.409768068682e-03 3.920376331502e-05
1.577935019894e-03 2.452222468650e-03 4.565788202959e-05
1.729611137411e-03 2.466034295015e-03 5.685719219117e-05
1.851993323403e-03 2.413755928353e-03 3.609544808431e-05
1.864041215408e-04 2.454662683231e-03 2.801750648576e-05
8.356789179976e-05 2.612508153226e-03 3.922030867776e-05
2.295828157080e-03 2.422541045247e-03 3.146418607863e-05
2.737257960659e-03 2.656932477726e-03 1.983640341383e-05
2.341941991610e-03 2.479990169862e-03 4.209011860727e-05
1.639259794251e-03 2.540457392995e-03 6.019904524942e-05
1.505831099760e-03 2.544689979222e-03 7.159916812085e-05
2.173761067840e-03 2.486827487661e-03 7.141382990696e-05
1.380999505533e-03 2.376137921412e-03 6.136167995637e-05
2.290446955804e-03 2.612420353717e-03 1.000000000000e-04
7.651045417547e-06 2.660610027858e-03 5.065270351973e-05
2.807651045418e-03 2.660610027858e-03 5.065270351973e-05
1.975031161140e-04 2.505317652069e-03 2.383924055085e-05
9.095881399115e-05 2.731300017428e-03 5.860511597613e-05
1.181242408994e-03 2.330307423113e-03 1.899518783964e-05
5.950980052863e-04 2.285542727698e-03 4.270684746548e-05
2.437223086491e-04 2.544685050634e-03 3.687338979822e-05
1.889224009738e-03 2.514373215678e-03 4.206360246686e-05
1.583756469746e-03 2.600257319087e-03 2.138925165490e-05
2.088330791106e-03 2.549499305939e-03 3.308667675035e-05
2.567972721357e-03 2.699944206867e-03 4.325056389217e-05
2.389293007333e-03 2.682210986363e-03 2.100116883097e-05
2.469787994622e-03 2.662159395029e-03 6.195372756885e-05
6.623730937292e-04 2.400398366831e-03 8.655415059202e-05
1.544578097006e-03 2.665253664839e-03 5.450191945066e-05
2.756658030188e-03 2.738235047600e-03 4.222290135607e-05
1.067767624541e-03 2.289003717668e-03 6.105706708325e-05
1.787805144648e-03 2.613853268341e-03 1.000000000000e-04
2.415561869473e-04 2.681540860090e-03 1.000000000000e-04
2.141682773525e-03 2.593732852296e-03 3.583956206495e-05
4.265701386986e-04 2.719439096761e-03 6.875896101407e-05
1.219582232561e-03 2.397983892702e-03 5.859149784543e-05
1.434927043401e-03 2.450523389164e-03 3.051528752239e-05
2.660968744540e-03 2.728320997409e-03 5.397862988401e-05
2.040685721523e-03 2.644036226527e-03 7.277777436371e-05
1.113282348817e-03 2.387787995955e-03 4.770838589908e-05
2.539846392208e-03 -1.977959795879e-05 4.181035504900e-05
2.539846392208e-03 2.780220402041e-03 4.181035504900e-05
1.665793226736e-03 2.615904082525e-03 1.891520944083e-05
1.946942496941e-03 2.692413871346e-03 3.271245586292e-05
1.154485968101e-03 2.434505019063e-03 1.458301391045e-05
1.312470371368e-03 2.480414311268e-03 6.341735558597e-05
1.662928179007e-03 2.729185567534e-03 6.998763453133e-05
1.174991352698e-03 2.473119374119e-03 2.877947636680e-05
2.153232335510e-03 2.677534208787e-03 4.464818160637e-05
2.092757357513e-03 -2.375761564111e-05 6.800025924070e-05
2.092757357513e-03 2.776242384359e-03 6.800025924070e-05
1.870130520470e-03 -2.970835615032e-05 7.636217789039e-05
1.870130520470e-03 2.770291643850e-03 7.636217789039e-05
1.231575569658e-03 2.495213257967e-03 1.881997028940e-05
5.597866632689e-04 2.453272795271e-03 2.797469188504e-05
2.222333508983e-03 -3.995163829874e-05 6.258399639105e-05
2.222333508983e-03 2.760048361701e-03 6.258399639105e-05
1.505090067956e-04 -1.420044627691e-05 1.553345743628e-05
1.505090067956e-04 2.785799553723e-03 1.553345743628e-05
2.459196348282e-03 -3.437121841944e-05 4.014533344463e-05
2.459196348282e-03 2.765628781581e-03 4.014533344463e-05
1.565856575591e-03 2.757880460593e-03 3.123634064204e-05
9.993880716461e-04 2.352056133061e-03 3.195567581226e-05
1.444565846917e-03 -2.867445138920e-05 9.079730776471e-05
1.444565846917e-03 2.771325548611e-03 9.079730776471e-05
1.298691406332e-03 -5.293036766667e-05 5.708001276071e-05
1.298691406332e-03 2.747069632333e-03 5.708001276071e-05
5.516263822323e-04 -3.238254624383e-05 5.290111923946e-05
5.516263822323e-04 2.767617453756e-03 5.290111923946e-05
8.730519969726e-04 2.310701766548e-03 2.770018090967e-05
8.310367681211e-04 2.423194863226e-03 8.364316222515e-05
7.372267986113e-04 2.493237177385e-03 3.270242421510e-05
1.206778005634e-03 2.751561076981e-03 2.408223583375e-05
7.942185639464e-04 2.551333461348e-03 4.868088898146e-05
1.042447524237e-03 2.386406138587e-03 2.312643868110e-05
9.181693586318e-04 2.607764875207e-03 8.751128180795e-05
1.052105993996e-03 2.446208057192e-03 3.688150678375e-05
1.127426733766e-03 2.452305466209e-03 1.780615220126e-05
7.995336039255e-04 2.634276886744e-03 3.391576116030e-05
1.083400873742e-03 -9.155993958298e-05 1.000000000000e-04
1.083400873742e-03 2.708440060417e-03 1.000000000000e-04
2.501953125000e-03 1.583203125000e-03 3.489171052163e-05
6.316406250000e-04 2.611328125000e-03 5.697350250737e-05
8.066406250000e-04 7.519531250000e-04 1.563220111325e-05
1.266015625000e-03 1.643359375000e-03 1.000000000000e-04
2.376171875000e-03 1.523046875000e-03 1.000000000000e-04
5.550781250000e-04 1.550390625000e-03 3.642781447425e-05
4.457031250000e-04 9.433593750000e-04 3.911358992934e-05
4.894531250000e-04 2.556640625000e-03 4.800091228511e-05
8.394531250000e-04 2.652343750000e-04 4.192830203390e-05
6.753906250000e-04 5.195312500000e-05 4.312768619038e-05
8.832031250000e-04 8.230468750000e-04 5.428878853468e-05
1.244140625000e-03 2.611328125000e-03 7.554309690501e-05
7.136718750000e-04 2.726171875000e-03 2.459310022201e-05
2.707031250000e-04 2.871093750000e-04 4.792618696263e-05
2.283203125000e-03 5.003906250000e-04 3.441177460295e-05
2.600390625000e-03 1.523046875000e-03 2.528608026719e-05
1.993359375000e-03 7.355468750000e-04 4.790663984939e-05
2.605859375000e-03 1.632421875000e-03 3.666320966180e-05
