# 2D packing, generated 2026-09-28T18:42:09.706252+00:00
# generator = preprocess/generate_packing_gravity.py
# periodic axes = xy
# porosity_achieved = 0.250070  (target 0.250000)
# 334 distinct grains; 364 rows including 30 periodic edge images.
# Centres span [-R, L+R]: a grain need only be PARTLY inside.
# Do NOT drop the out-of-box rows -- they carry the conduction
# paths that cross the domain edge, and k_eff depends on them.
# header row is 'Lx Ly'; grain rows are 'x y r', all in metres
2.000000000000e-03 2.000000000000e-03
1.042331261830e-03 7.753904690403e-05 6.356615915206e-05
1.220869993939e-03 3.566483783798e-05 4.230634499449e-05
1.220869993939e-03 2.035664837838e-03 4.230634499449e-05
1.380852226993e-03 8.780233583499e-05 1.000000000000e-04
1.380852226993e-03 2.087802335835e-03 1.000000000000e-04
1.391739931280e-04 2.597391232984e-05 6.983487817801e-05
1.391739931280e-04 2.025973912330e-03 6.983487817801e-05
1.902444269725e-03 6.781240645593e-05 6.297995892842e-05
2.268145651289e-04 2.519617667104e-05 1.497200259817e-05
1.510255253359e-03 5.415467399916e-05 3.370608730991e-05
8.064596159649e-04 1.772367612533e-05 1.000000000000e-04
8.064596159649e-04 2.017723676125e-03 1.000000000000e-04
9.382595838169e-04 7.753969212311e-05 4.050491856680e-05
1.222457472180e-03 1.243018688832e-04 4.634498792394e-05
1.151215263488e-03 5.792616510847e-05 3.081927864842e-05
1.780149601277e-03 9.086853022905e-05 6.146923019176e-05
1.884502927561e-03 2.277633827421e-04 9.797425228006e-05
1.134100416701e-03 1.256438905079e-04 3.902777730374e-05
3.224313141551e-04 3.343347743060e-05 3.304239160720e-05
9.705030754408e-04 1.547399922610e-04 4.188181062829e-05
2.524741692396e-05 7.868989341402e-05 3.386489423661e-05
2.025247416924e-03 7.868989341402e-05 3.386489423661e-05
8.823879549180e-04 1.547478055975e-04 4.623331048000e-05
8.604188783104e-05 1.454883065748e-04 5.645672938514e-05
3.462947746616e-04 9.785405651890e-05 3.565622818647e-05
7.827883248493e-04 1.656475111179e-04 4.980589264638e-05
1.281977301017e-03 1.835433154221e-04 3.763220258603e-05
1.655342317817e-03 6.953367403105e-05 6.514849713875e-05
8.406510098061e-04 2.241066156787e-04 3.244712817737e-05
1.067605026852e-03 2.151589480352e-04 7.248269131175e-05
9.080175051117e-04 2.333120856052e-04 3.554541936609e-05
1.689507697159e-03 2.305688411938e-04 9.518928269751e-05
9.692788262970e-04 3.138563792598e-04 6.564911851916e-05
1.514133382810e-03 2.312746692786e-04 8.018645933746e-05
4.126637690863e-04 1.109903666031e-04 3.200045847917e-05
1.218999361297e-03 3.058556351919e-04 9.994165080156e-05
1.077046251034e-03 3.693029219224e-04 5.554551791080e-05
5.612784143443e-04 5.431857313583e-05 4.205460415999e-05
1.786421397556e-03 3.227054186838e-04 3.853214035801e-05
5.096427126228e-04 7.826036865219e-05 1.486167076786e-05
6.575588230096e-04 5.819926297937e-05 5.430403445430e-05
1.857048225680e-03 3.575299486760e-04 3.466486957376e-05
4.771394388090e-04 1.127056816413e-04 3.249811977270e-05
4.421690904895e-04 1.900135395948e-04 5.235136633424e-05
1.151235170047e-03 4.125494996956e-04 2.645290710703e-05
2.386140054964e-04 1.362759324071e-04 7.867406346928e-05
9.914882662782e-04 4.297316545489e-04 4.920087979652e-05
3.385976375082e-04 2.309366115791e-04 5.901178994092e-05
5.484561409646e-04 1.400445585826e-04 4.311903639153e-05
8.765874655537e-04 4.267123799455e-04 6.573959545778e-05
1.649536839862e-06 1.717367248996e-04 2.896642863316e-05
2.001649536840e-03 1.717367248996e-04 2.896642863316e-05
1.912330013224e-04 3.085530946895e-04 1.000000000000e-04
9.488054841007e-04 4.866124888091e-04 2.191346986057e-05
1.593976741208e-03 3.837936230806e-04 8.469870824833e-05
1.409323890253e-03 3.778425020335e-04 1.000000000000e-04
7.646648235152e-04 2.650337201318e-04 5.121927311197e-05
1.071780974286e-03 4.608740822483e-04 3.488337748705e-05
1.012678146563e-03 5.319495339277e-04 5.519024827905e-05
1.703075663496e-03 3.837419493472e-04 2.440022627711e-05
1.279073128141e-03 4.343982217992e-04 4.194586967924e-05
8.394033893019e-04 2.819501029961e-04 2.540981669782e-05
1.773743810643e-03 4.111769122182e-04 5.084310478329e-05
1.693382419151e-03 4.562140824709e-04 3.828984956531e-05
6.546294225135e-04 2.597428138604e-04 5.894325981342e-05
1.753973495260e-03 4.898611606735e-04 3.028691494621e-05
1.631254078262e-03 5.051963642532e-04 4.082399229857e-05
8.717906674363e-04 5.970243329861e-04 1.000000000000e-04
1.129142008332e-03 4.564031561183e-04 2.265164372206e-05
1.200189679140e-03 4.865725634427e-04 5.263087707021e-05
1.717050133247e-03 6.168674603776e-04 1.000000000000e-04
4.205568221939e-04 2.724263803981e-04 3.284821525188e-05
3.645137618550e-04 3.261539130139e-04 3.966949719235e-05
2.859552347519e-05 2.508480387660e-04 4.795581741141e-05
2.028595523475e-03 2.508480387660e-04 4.795581741141e-05
1.333282583726e-03 5.230728238849e-04 6.198612503166e-05
3.069264882412e-04 3.607274544406e-04 2.653016418074e-05
5.269115512821e-04 2.227708822479e-04 3.850198968269e-05
7.355371993326e-04 5.970183646214e-04 3.625346871200e-05
1.512165711988e-03 5.289325948071e-04 8.060684294616e-05
4.532370153614e-04 3.513358134785e-04 5.255818745948e-05
1.407851609797e-03 6.030226546459e-04 4.734146357868e-05
1.003013862224e-03 6.195831107306e-04 3.297461089113e-05
1.492937032157e-03 6.758110698898e-04 6.463035001995e-05
5.735226396107e-04 3.562582276590e-04 6.712630634649e-05
1.885254904795e-03 6.168610680714e-04 6.820477171688e-05
1.600963617002e-03 7.242240375141e-04 5.374853682862e-05
1.120795920194e-03 5.074550684858e-04 2.907803210932e-05
1.104150742425e-03 5.856743013763e-04 5.089267972672e-05
2.189844220014e-05 3.881972050538e-04 8.712932698368e-05
2.021898442200e-03 3.881972050538e-04 8.712932698368e-05
1.339437925042e-03 6.053090940595e-04 2.048019412540e-05
6.119092079189e-04 5.970184309556e-04 8.737452294557e-05
1.522188801642e-03 7.856710706635e-04 4.571304460993e-05
7.167358170983e-04 6.732747962519e-04 4.215671922105e-05
9.969713349295e-04 7.530954187984e-04 1.000000000000e-04
1.839882199041e-03 7.788320163335e-04 1.000000000000e-04
2.711438821569e-04 4.332599906064e-04 4.811333893205e-05
1.240329742255e-03 5.642677751749e-04 3.482065597871e-05
1.350227203006e-03 6.622459783350e-04 3.529009661872e-05
1.840018958496e-04 4.462809991727e-04 3.791767846095e-05
7.888636801004e-04 6.991795339539e-04 3.157724864953e-05
3.685866095249e-04 4.136431709617e-04 4.791458878665e-05
1.097956113999e-04 5.074321388327e-04 5.823865088855e-05
1.283125998076e-03 6.206103467818e-04 3.593247048142e-05
1.731227386767e-03 7.319207722784e-04 1.592350543808e-05
1.209086378258e-03 6.331362054258e-04 3.910616434540e-05
6.542774090905e-04 7.019017679655e-04 2.570339048075e-05
1.954730378398e-03 7.788320163335e-04 1.484817935748e-05
1.292788582314e-03 6.836142409914e-04 2.599446870091e-05
2.279245833018e-04 5.254510829488e-04 5.262022898928e-05
1.690586299542e-03 7.418034656208e-04 2.590191265750e-05
1.135219475269e-03 6.795916877283e-04 4.803024222127e-05
1.400730657001e-03 7.067353438856e-04 3.201445407584e-05
8.786159528546e-04 7.530954188742e-04 1.835538207495e-05
1.593435074180e-03 8.103405672124e-04 2.968334396748e-05
4.955610505826e-04 4.337010430502e-04 4.004502908290e-05
1.680441696433e-03 9.065051001064e-04 1.000000000000e-04
1.634500870101e-04 6.053328258049e-04 5.003480207650e-05
2.708637190625e-05 5.000092558566e-04 2.480302044362e-05
5.098679507838e-05 6.134454363602e-04 6.272071742478e-05
2.050986795078e-03 6.134454363602e-04 6.272071742478e-05
8.729743226564e-04 8.087143552053e-04 3.589968778369e-05
1.839133712086e-03 9.468115101025e-04 6.373076228636e-05
4.186724095820e-04 5.528197342821e-04 1.000000000000e-04
7.416766181077e-04 7.584649785198e-04 4.419467374512e-05
9.231068357371e-04 8.600590461035e-04 2.998916034513e-05
8.048864495730e-04 7.583221469120e-04 1.901532558039e-05
8.425284437609e-04 9.033926168439e-04 6.150223600763e-05
1.333566399055e-04 7.401870395077e-04 8.813638191871e-05
1.155598702359e-03 7.968731272846e-04 6.455737436521e-05
1.972711133028e-03 6.563407158317e-04 2.653780887751e-05
1.081228714068e-03 8.764980242472e-04 4.439683333138e-05
1.929847096812e-03 9.468115101025e-04 2.698262243985e-05
7.387590188196e-04 9.033926169367e-04 4.226718893366e-05
5.748621107436e-04 7.467913658903e-04 6.544699132277e-05
9.824855414818e-04 9.839840744123e-04 1.000000000000e-04
1.761946055409e-03 1.020044201945e-03 3.976440240119e-05
1.840648649572e-03 1.062663035096e-03 4.973678902690e-05
1.529720265081e-05 6.990014436622e-04 2.998083284574e-05
2.015297202651e-03 6.990014436622e-04 2.998083284574e-05
2.823380326619e-04 6.041909726509e-04 4.309182785417e-05
1.758565938349e-03 1.101245217225e-03 4.096129847291e-05
1.824626041151e-03 1.161793910018e-03 4.864942326171e-05
2.063779633575e-05 7.592526654971e-04 2.618350289715e-05
2.020637796336e-03 7.592526654971e-04 2.618350289715e-05
8.575211111731e-04 9.887870964268e-04 2.505669859249e-05
8.627118418892e-04 1.057313789569e-03 4.043854968992e-05
1.483565980957e-03 9.252357975368e-04 9.776472478728e-05
1.596320069508e-03 1.047093662720e-03 6.383403814289e-05
3.375266089496e-04 6.516695936967e-04 2.789032982657e-05
1.753370216428e-03 1.165942500310e-03 2.271638371217e-05
4.929447151848e-04 6.753259675683e-04 4.326257892651e-05
1.469266428715e-03 1.102109346594e-03 7.461939486208e-05
4.194583017912e-04 6.818407620952e-04 2.902344306713e-05
1.766983564067e-03 1.227959013844e-03 3.910296306659e-05
9.401053021446e-04 1.179442293256e-03 1.000000000000e-04
2.283554290425e-04 6.487094320750e-04 2.687970103513e-05
6.676977217265e-04 7.754151742795e-04 3.170123600425e-05
1.854722254729e-03 1.263659342199e-03 5.560859484101e-05
6.419849461921e-04 9.033926169367e-04 5.450688369377e-05
2.444295893460e-05 9.468115101025e-04 6.761323968253e-05
2.024442958935e-03 9.468115101025e-04 6.761323968253e-05
-3.650326575569e-05 1.263659342199e-03 5.316588467384e-05
1.963496734244e-03 1.263659342199e-03 5.316588467384e-05
4.476091952664e-04 7.415960886997e-04 3.703088261171e-05
4.700715880678e-04 8.767733770083e-04 1.000000000000e-04
7.011060835893e-04 1.012060508364e-03 6.908909861301e-05
1.588198268933e-03 1.178294875770e-03 6.662159590744e-05
2.674410079362e-04 8.721593064721e-04 1.000000000000e-04
1.466485486335e-03 1.259544358401e-03 7.971869203707e-05
1.745841643718e-03 1.346038270107e-03 8.085414417420e-05
5.786361848802e-04 1.010852894011e-03 5.338681512775e-05
1.591215676903e-03 1.354455772064e-03 7.400178005132e-05
7.798100597520e-04 1.107341801671e-03 5.449425688804e-05
6.281242195455e-04 1.073706147843e-03 2.588277617404e-05
4.096664928661e-05 8.143438289808e-04 3.033361535311e-05
1.336724540165e-03 1.259544358508e-03 5.004225413257e-05
6.921105711824e-04 1.117415489989e-03 3.366170876887e-05
3.669707381453e-04 9.427712615968e-04 2.203366609089e-05
1.667109357880e-03 1.471088254860e-03 6.456754575438e-05
1.855923506662e-03 1.352578906582e-03 2.942294393248e-05
6.189781028845e-04 1.144497278144e-03 4.432406665870e-05
1.463387100342e-03 1.408681134993e-03 6.485351080290e-05
5.037681123037e-04 9.922465705125e-04 2.028930202117e-05
3.312262415245e-04 9.863835304113e-04 3.082709839007e-05
8.129215273042e-04 1.184683880208e-03 2.729173899520e-05
4.025740921028e-04 1.003767336087e-03 4.260799229560e-05
1.767287462010e-03 1.471413245950e-03 3.542410110353e-05
1.173063265499e-03 9.192415401927e-04 5.689775187449e-05
1.744764022231e-03 1.554874835438e-03 4.967097709351e-05
4.775259828886e-04 1.122293748830e-03 9.708705293532e-05
1.204251247749e-03 1.259544358508e-03 8.243103828369e-05
3.344841727318e-04 1.124202702974e-03 4.596750310588e-05
1.912943045034e-03 1.351971466698e-03 2.760094588630e-05
3.716193303651e-04 1.188592715871e-03 2.712883163494e-05
6.968341226229e-04 1.205767262821e-03 5.404566259049e-05
1.055064283350e-03 1.301222082925e-03 6.745624611245e-05
6.019608045464e-04 1.232430686617e-03 4.450333922370e-05
9.263181267927e-04 1.358389792693e-03 7.341150034313e-05
6.719445114436e-04 1.318967831517e-03 6.149340018541e-05
9.830247681422e-05 1.263659342199e-03 8.163985789607e-05
-1.093354697766e-05 1.363244484355e-03 4.935373507856e-05
1.989066453022e-03 1.363244484355e-03 4.935373507856e-05
5.269383869747e-04 1.242831498920e-03 3.123682040698e-05
5.617422692539e-04 1.319162410983e-03 4.870920111712e-05
1.426876451946e-04 8.721187955076e-04 2.468016626935e-05
1.889467375322e-03 1.422120741884e-03 4.602901371630e-05
1.437468072569e-04 9.430605009118e-04 4.253027133498e-05
1.299338178188e-03 1.368772904250e-03 6.238746725135e-05
7.568966224424e-04 1.318718292677e-03 2.345918212916e-05
7.202167370397e-05 1.377376799669e-03 3.479769867848e-05
1.835738755585e-03 1.554890711802e-03 4.130377929901e-05
1.539108580251e-03 1.531794944861e-03 7.709932352529e-05
1.667406247551e-03 1.564622150331e-03 2.820563236488e-05
1.964223424996e-03 1.440522381135e-03 3.095857803719e-05
1.926439655988e-03 1.485447371097e-03 2.719986589223e-05
7.991037953738e-04 1.383717301026e-03 5.404127642639e-05
2.003092355246e-05 1.534820659424e-03 7.861628233815e-05
2.020030923552e-03 1.534820659424e-03 7.861628233815e-05
1.361372827643e-03 1.467282908096e-03 5.279545816847e-05
8.713786749842e-04 1.503554253370e-03 8.180148301269e-05
1.695241130592e-03 1.625950889238e-03 3.695652648198e-05
6.062464315184e-04 1.425497174764e-03 6.318428182288e-05
9.970564924501e-04 1.504018921892e-03 4.319705005729e-05
1.631344228188e-03 1.626784624878e-03 2.694582721807e-05
4.134047871093e-04 1.308658086344e-03 1.000000000000e-04
4.945650473346e-04 1.435749162499e-03 4.896666478811e-05
1.430003533640e-03 1.519945941303e-03 3.264724973703e-05
1.648698005545e-03 1.722001202895e-03 6.977644456352e-05
1.140703674693e-03 1.379944967438e-03 4.886829237817e-05
1.376795751992e-03 1.545698810798e-03 2.646517178337e-05
9.593597441492e-04 1.568466454209e-03 2.753413434500e-05
2.115950782491e-04 1.013624637663e-03 5.208947310319e-05
1.262207346270e-03 1.571167212791e-03 9.082195591415e-05
1.103751984429e-03 1.574229606495e-03 6.766308328575e-05
2.719235329974e-04 1.124202148411e-03 1.659314103950e-05
1.421180130983e-03 1.645035690049e-03 8.233643122791e-05
1.817582429645e-04 1.399564862794e-03 7.716044430436e-05
1.567876818468e-03 1.636632152860e-03 3.161337950162e-05
3.050557212392e-04 1.407060544116e-03 4.636539081405e-05
2.712478815501e-04 1.526936318590e-03 7.818703710605e-05
1.525458781960e-03 1.693205041196e-03 3.253011546848e-05
7.236398591891e-04 1.482030101786e-03 6.711225956641e-05
5.449290163588e-04 1.479032008598e-03 1.744067021543e-05
6.323224011657e-04 1.516111846807e-03 3.035795887765e-05
1.166040571319e-03 1.704802432919e-03 7.381893787543e-05
6.733843183553e-04 1.568851265495e-03 3.320490672277e-05
7.778622394304e-04 1.581134950766e-03 3.970609922264e-05
1.299688025346e-03 1.702711948669e-03 4.361176232772e-05
1.001141215538e-03 1.625291004947e-03 4.299769554613e-05
1.786928674146e-03 1.656811796796e-03 5.978542614011e-05
1.485505481573e-03 1.727140087869e-03 1.944263686417e-05
1.047088810311e-03 1.700584204351e-03 4.520819999630e-05
8.454661673509e-04 1.628199516146e-03 4.260583138750e-05
9.500671034995e-04 1.707102390750e-03 5.203254171616e-05
8.541249720441e-04 1.715840562043e-03 4.430683087741e-05
1.912062776122e-03 1.592173489663e-03 4.363953720868e-05
4.339292069225e-04 1.562934568275e-03 8.842979494783e-05
1.368893279005e-03 1.769036575331e-03 5.223746958512e-05
5.336701481809e-04 1.563245539412e-03 1.131169442215e-05
5.561292197017e-04 1.614199840830e-03 4.408813611884e-05
1.255249112150e-03 1.821130610798e-03 7.277767302618e-05
7.824863783051e-04 1.643322551815e-03 2.216422370046e-05
1.445246846988e-04 1.546865109035e-03 4.645893410215e-05
1.451343553539e-03 1.775002555752e-03 2.880503998635e-05
1.763925909178e-03 1.771701581294e-03 5.469913609370e-05
3.314406168659e-04 1.616127282857e-03 2.589491250582e-05
1.555050075098e-03 1.744259908034e-03 2.648042703985e-05
1.376620781327e-03 1.885741304758e-03 6.472035355811e-05
1.902953268156e-03 1.700353880070e-03 6.414046870883e-05
6.592923452023e-04 1.681800309378e-03 7.925069893018e-05
1.132204735014e-03 1.834431147606e-03 5.098347910131e-05
6.810989488807e-07 1.691327808045e-03 3.400334306561e-05
2.000681098949e-03 1.691327808045e-03 3.400334306561e-05
1.669410387997e-03 1.873199559814e-03 8.283400079654e-05
2.924159777962e-04 1.617575923334e-03 1.262783054247e-05
9.015812593124e-04 1.778899633641e-03 3.460311734099e-05
1.557248733622e-03 1.875063028660e-03 2.932681156732e-05
4.901104019059e-04 1.680319021220e-03 4.170644626847e-05
1.954918119823e-04 1.595485528825e-03 2.397992159343e-05
1.834065055264e-03 1.896225138082e-03 8.342284342420e-05
1.008932722876e-03 1.753451587772e-03 1.999044616310e-05
1.574389801100e-03 -3.189522339203e-05 5.146385618215e-05
1.574389801100e-03 1.968104776608e-03 5.146385618215e-05
5.546998975442e-04 1.709168869528e-03 2.717930936908e-05
8.323162992897e-04 1.795998724372e-03 3.674063420937e-05
1.467857068354e-03 1.892348718845e-03 2.675502464223e-05
2.923169291500e-04 1.678125775677e-03 4.741591927714e-05
1.015980283524e-03 1.838461189407e-03 6.531084085959e-05
8.922625964560e-04 1.877476036197e-03 6.441284136538e-05
1.875273140808e-04 1.676461099683e-03 5.738696812682e-05
9.794391354513e-05 1.617839128840e-03 3.316911374232e-05
5.775735443819e-04 1.790900228531e-03 5.706055855439e-05
2.486737374825e-04 1.732901786366e-03 2.184812774847e-05
1.509920965825e-03 1.924652154579e-03 2.628168249351e-05
1.182342853884e-03 1.891955919503e-03 2.319827146905e-05
4.100043918342e-04 1.689132016778e-03 3.866786358249e-05
1.140024570770e-03 1.949534591419e-03 4.825899229996e-05
4.316769042863e-04 1.818208826509e-03 9.136990480047e-05
7.713991919713e-05 1.686009496102e-03 3.810504113483e-05
3.733233472711e-05 1.737416499191e-03 2.488208071159e-05
1.451946351239e-03 -3.671629266277e-05 4.338507323631e-05
1.451946351239e-03 1.963283707337e-03 4.338507323631e-05
1.272202831203e-03 -4.980583927538e-05 5.739486422577e-05
1.272202831203e-03 1.950194160725e-03 5.739486422577e-05
1.372848920687e-03 1.969224301900e-03 1.884786991046e-05
1.287320415512e-04 1.746239784106e-03 3.385995895073e-05
1.998379269332e-04 1.776517217677e-03 4.342395892002e-05
2.967643573931e-04 1.800694652128e-03 4.467480325847e-05
1.325333728123e-04 1.826574902229e-03 3.984227185593e-05
1.341384103037e-03 1.963715820294e-03 1.309553973659e-05
5.442269694585e-04 1.891165449381e-03 4.204836883282e-05
1.943019797706e-03 1.844727678343e-03 3.708908476809e-05
7.592937632552e-05 1.763461105478e-03 2.168046738577e-05
2.380599567466e-04 1.826378913845e-03 1.940252150032e-05
4.115690706365e-05 1.825138575846e-03 4.912404518199e-05
2.041156907064e-03 1.825138575846e-03 4.912404518199e-05
2.626188583828e-04 -7.035308885783e-05 8.674594669184e-05
2.626188583828e-04 1.929646911142e-03 8.674594669184e-05
4.535026086238e-08 -4.552418653896e-05 8.659022520274e-05
4.535026086238e-08 1.954475813461e-03 8.659022520274e-05
2.000045350261e-03 -4.552418653896e-05 8.659022520274e-05
2.000045350261e-03 1.954475813461e-03 8.659022520274e-05
4.349718534393e-04 -4.676260007034e-06 8.577566867789e-05
4.349718534393e-04 1.995323739993e-03 8.577566867789e-05
6.109790783853e-04 1.890991107310e-03 2.470396776546e-05
1.275390625000e-03 1.068359375000e-03 8.137094989213e-05
-1.367187500000e-05 1.111328125000e-03 4.400289248684e-05
1.986328125000e-03 1.111328125000e-03 4.400289248684e-05
1.318359375000e-03 8.105468750000e-04 3.562483313704e-05
7.167968750000e-04 4.355468750000e-04 4.116004864399e-05
7.167968750000e-04 1.845703125000e-03 1.965811984812e-05
1.115234375000e-03 1.115234375000e-03 4.244141110661e-05
1.113281250000e-04 1.103515625000e-03 6.186765932777e-05
2.558593750000e-04 1.220703125000e-03 8.014954894017e-05
1.884765625000e-03 4.746093750000e-04 7.119910936272e-05
1.314453125000e-03 9.199218750000e-04 1.734346198965e-05
9.863281250000e-04 -3.710937500000e-05 5.619492768690e-05
9.863281250000e-04 1.962890625000e-03 5.619492768690e-05
3.496093750000e-04 7.363281250000e-04 2.840330964417e-05
6.855468750000e-04 1.919921875000e-03 4.988653755863e-05
1.408203125000e-03 7.910156250000e-04 5.468750000000e-05
8.105468750000e-04 1.263671875000e-03 5.468750000000e-05
1.130859375000e-03 1.021484375000e-03 4.271273510793e-05
1.044921875000e-03 1.419921875000e-03 5.095697914541e-05
1.935546875000e-03 1.025390625000e-03 2.884015324598e-05
2.714843750000e-04 7.167968750000e-04 5.211587525049e-05
1.353515625000e-03 2.363281250000e-04 1.792344072259e-05
7.441406250000e-04 1.779296875000e-03 3.403573329490e-05
7.753906250000e-04 3.652343750000e-04 5.078125000000e-05
5.996093750000e-04 -2.929687500000e-05 4.533428150219e-05
5.996093750000e-04 1.970703125000e-03 4.533428150219e-05
6.308593750000e-04 4.628906250000e-04 1.787638292034e-05
1.259765625000e-03 7.519531250000e-04 4.941058844013e-05
1.736328125000e-03 -1.367187500000e-05 4.894517221149e-05
1.736328125000e-03 1.986328125000e-03 4.894517221149e-05
6.855468750000e-04 1.582031250000e-04 3.155786825012e-05
1.162109375000e-03 1.474609375000e-03 4.831764405021e-05
7.792968750000e-04 1.869140625000e-03 4.831764405021e-05
1.365234375000e-03 1.166015625000e-03 4.768185787396e-05
-2.929687500000e-05 8.457031250000e-04 4.719939833435e-05
1.970703125000e-03 8.457031250000e-04 4.719939833435e-05
1.919921875000e-03 1.173828125000e-03 4.719939833435e-05
