# 2D packing, generated 2026-09-28T19:11:43.560408+00:00
# generator = preprocess/generate_packing_gravity.py
# periodic axes = xy
# porosity_achieved = 0.424802  (target 0.425000)
# 262 distinct grains; 292 rows including 30 periodic edge images.
# Centres span [-R, L+R]: a grain need only be PARTLY inside.
# Do NOT drop the out-of-box rows -- they carry the conduction
# paths that cross the domain edge, and k_eff depends on them.
# header row is 'Lx Ly'; grain rows are 'x y r', all in metres
2.000000000000e-03 2.000000000000e-03
4.249102469070e-05 3.763670113956e-05 5.187786798237e-05
4.249102469070e-05 2.037636701140e-03 5.187786798237e-05
2.042491024691e-03 3.763670113956e-05 5.187786798237e-05
2.042491024691e-03 2.037636701140e-03 5.187786798237e-05
1.693004416953e-04 5.557557700799e-05 6.159360744395e-05
1.693004416953e-04 2.055575577008e-03 6.159360744395e-05
9.455255744266e-05 8.931678687741e-05 2.041685191157e-05
1.778740670276e-03 3.650863191442e-05 6.320479577977e-05
1.778740670276e-03 2.036508631914e-03 6.320479577977e-05
7.630617576179e-04 3.649004858893e-05 3.347831639329e-05
6.595324410009e-04 7.310281911030e-05 7.633432893231e-05
6.595324410009e-04 2.073102819110e-03 7.633432893231e-05
5.312010094537e-05 1.168565542677e-04 2.805186610749e-05
-7.231253880620e-06 1.472802838312e-04 3.953429630678e-05
1.992768746119e-03 1.472802838312e-04 3.953429630678e-05
5.460576709039e-04 5.628399872302e-05 3.810523306687e-05
4.393189873255e-04 7.172687825053e-05 2.667598167825e-05
1.667805359991e-03 1.083026284740e-04 6.670127125165e-05
5.363108679560e-04 1.871144760099e-04 9.154128223818e-05
3.528028011975e-04 9.813770032827e-05 3.482247572908e-05
6.934501735478e-04 2.447962980240e-04 7.550980298606e-05
1.529188898401e-03 1.842792172067e-04 9.137138754574e-05
1.606831941511e-03 2.904512105025e-04 4.016162847606e-05
8.035588874262e-04 3.086853943094e-04 5.179198606701e-05
1.069315278038e-03 1.854585306146e-05 4.870444923717e-05
1.069315278038e-03 2.018545853061e-03 4.870444923717e-05
1.867153813246e-03 7.409141455935e-05 3.286470719161e-05
5.984623990065e-04 2.935674755280e-04 3.126709089754e-05
1.825395671452e-03 9.918342357362e-05 1.492854309877e-05
4.148551212611e-04 2.275443501759e-04 3.646065565591e-05
9.696513196685e-04 1.130547415177e-04 8.864486672455e-05
6.392970087340e-04 3.286608280104e-04 2.257535276958e-05
1.177283376727e-03 1.207999624574e-04 1.000000000000e-04
4.588061918066e-04 2.933641618589e-04 3.997288750260e-05
7.309436382062e-04 3.378176406222e-04 2.478341747703e-05
7.643652450492e-04 3.727180806191e-04 2.328348608480e-05
8.217533100132e-04 3.999239970029e-04 4.022676416344e-05
1.515074378601e-03 3.385716881893e-04 6.344836488371e-05
1.666759258841e-03 3.499504418240e-04 4.428623644800e-05
1.855999977751e-03 1.627190888990e-04 5.559382450436e-05
1.094125658838e-04 1.560930569410e-04 4.056551325718e-05
1.717673971808e-03 4.078994154587e-04 3.285254460164e-05
-5.880026014364e-05 2.397959503292e-04 5.929674095149e-05
1.941199739856e-03 2.397959503292e-04 5.929674095149e-05
3.928913036210e-04 3.556740394142e-04 5.073156178324e-05
6.791069706799e-04 3.731495408105e-04 3.712455206070e-05
1.369181921694e-05 2.480824162560e-04 1.366740837937e-05
1.063812960786e-03 2.248358340011e-04 5.394478835561e-05
8.924128807919e-04 2.396307132566e-04 5.963612687117e-05
5.418958915449e-04 3.054281821003e-04 2.652950179444e-05
7.319235647440e-04 4.205871804374e-04 3.386785782866e-05
1.876180827406e-03 2.868623423388e-04 2.096971675700e-05
2.550339632573e-05 3.155055588380e-04 5.401279666413e-05
2.025503396326e-03 3.155055588380e-04 5.401279666413e-05
1.342992541339e-03 2.327842147594e-04 1.000000000000e-04
7.003029051763e-04 4.641684481424e-04 1.997629697266e-05
7.627215976270e-04 5.043167609879e-04 5.423947083716e-05
1.914660289325e-03 3.667481218788e-04 6.770049674405e-05
9.842350877251e-04 2.708802018770e-04 3.735793596324e-05
1.221035581498e-03 2.872830813034e-04 3.358003783660e-05
1.129943539594e-03 2.766875469668e-04 3.009004722430e-05
1.165253246632e-03 3.483407983389e-04 4.912252374817e-05
1.652215538328e-03 4.294850149343e-04 3.607310097647e-05
6.572263811236e-04 4.783929807737e-04 2.538805305080e-05
9.393641258693e-04 2.994966552253e-04 1.586146482355e-05
8.505540257035e-04 5.227781058139e-04 3.551216800355e-05
9.116650664645e-04 5.227781058139e-04 2.559887275747e-05
1.092167995476e-03 3.967815498555e-04 3.855849098148e-05
1.899110051743e-05 4.353694666793e-04 5.717466942715e-05
2.018991100517e-03 4.353694666793e-04 5.717466942715e-05
1.425190852935e-03 4.007431123594e-04 4.584177268365e-05
5.482305917324e-04 5.078732815288e-04 8.752417054614e-05
1.291208522948e-03 4.170779800572e-04 8.913264211884e-05
1.414858394521e-03 5.215996456070e-04 7.277495285193e-05
6.769894917073e-04 5.933290972943e-04 6.701239720039e-05
-5.083744340106e-05 5.211683230220e-04 5.344842624229e-05
1.949162556599e-03 5.211683230220e-04 5.344842624229e-05
8.087354492584e-04 5.688215345657e-04 2.499524602529e-05
9.812969826587e-05 4.460621714904e-04 2.268302644350e-05
1.522616401457e-03 6.137610564056e-04 6.901895992038e-05
1.773390085315e-03 4.420587423384e-04 3.250145234693e-05
1.199087994805e-05 6.053267852372e-04 5.157559471146e-05
2.011990879948e-03 6.053267852372e-04 5.157559471146e-05
2.726284529250e-04 4.465412324875e-04 1.000000000000e-04
8.085829278530e-04 6.896174406080e-04 9.580075630653e-05
1.889913088151e-03 5.782336585327e-04 2.881305944993e-05
6.591651582986e-04 8.107309577502e-04 9.653788747874e-05
4.150975851519e-04 5.079353768076e-04 4.560885051552e-05
8.029197994376e-04 8.698916837129e-04 5.891431850578e-05
1.552626879608e-04 6.548075889988e-04 1.000000000000e-04
1.930135763864e-03 6.247001912405e-04 3.254092500567e-05
2.747495325017e-04 7.219205458680e-04 3.704471897184e-05
-3.007918767440e-05 6.935685804537e-04 4.618178359215e-05
1.969920812326e-03 6.935685804537e-04 4.618178359215e-05
1.821064693712e-03 6.031280505784e-04 4.439781523515e-05
1.628187663463e-03 6.271832826023e-04 3.740212594848e-05
1.715894720141e-03 4.766770040746e-04 3.461144553444e-05
4.028208559117e-05 8.217029048115e-04 1.000000000000e-04
2.040282085591e-03 8.217029048115e-04 1.000000000000e-04
1.159341702392e-03 4.522929739674e-04 4.735528467198e-05
3.788846933602e-04 7.257121649403e-04 6.715944650251e-05
4.896368849042e-04 7.851960196835e-04 5.855601359256e-05
2.228660779233e-04 7.793368376507e-04 4.034083149514e-05
1.728474580813e-03 5.645993680700e-04 5.420631724447e-05
1.419480941827e-03 7.053880051036e-04 6.893907993555e-05
4.035982361193e-04 8.273217791534e-04 3.724183970101e-05
-5.794384659020e-05 9.549529167992e-04 6.554123186569e-05
1.942056153410e-03 9.549529167992e-04 6.554123186569e-05
1.213259365186e-03 5.313027477699e-04 4.829856374745e-05
1.152644326159e-03 6.012949965161e-04 4.429246087578e-05
1.483612407640e-03 7.924220653763e-04 3.917092216817e-05
5.188623126188e-05 9.854564849276e-04 4.844610808727e-05
1.858437041765e-03 1.043124349979e-03 5.597567009104e-05
1.234981229723e-03 6.167561267641e-04 3.948350367908e-05
4.628023630227e-04 8.849021935952e-04 4.469810342330e-05
1.162716877132e-05 1.039973027766e-03 1.932442795661e-05
2.011627168771e-03 1.039973027766e-03 1.932442795661e-05
1.777716733145e-04 8.469459595033e-04 3.978769095485e-05
8.809875382072e-04 9.120754768409e-04 2.982149297561e-05
1.419240126462e-03 8.420697984659e-04 4.212291514398e-05
1.403541447598e-04 9.162491531833e-04 3.767138449008e-05
1.679180261080e-03 6.631974410440e-04 2.502594962691e-05
1.317581788496e-03 7.203460315644e-04 3.405208475874e-05
1.774547233301e-03 1.075574849535e-03 3.397173056913e-05
1.407433261003e-04 9.952826752447e-04 4.095264648612e-05
8.291931171489e-04 9.784814234590e-04 5.280863706601e-05
1.000563653619e-03 5.353997206392e-04 6.419123782733e-05
2.676632171960e-04 8.759926717857e-04 5.468029915732e-05
1.322650971578e-03 8.441485466271e-04 5.448860608964e-05
1.635131471874e-03 6.909895066417e-04 2.678082117464e-05
3.562376880415e-04 8.804377022410e-04 3.392221583037e-05
9.699815139764e-05 1.064607695504e-03 4.102051219190e-05
1.915584997472e-03 1.114598533849e-03 3.553633896438e-05
1.662369309422e-05 1.111968809153e-03 5.227004806857e-05
2.016623693094e-03 1.111968809153e-03 5.227004806857e-05
5.510203887188e-04 9.012800468904e-04 4.450972409830e-05
7.242121006842e-04 9.322102185581e-04 4.126020946083e-05
9.136835745594e-04 1.028734881285e-03 4.549724992414e-05
1.402198542391e-04 1.200907869689e-03 1.000000000000e-04
3.243740955843e-04 9.290651611546e-04 2.299088504489e-05
1.956075358900e-03 1.172154035568e-03 3.310185745268e-05
2.753268981769e-04 1.230855539664e-03 3.838632973861e-05
1.699135535511e-03 7.388949756537e-04 5.316574925398e-05
4.031292456527e-04 9.010570890201e-04 1.712310315536e-05
1.480308090262e-03 9.033723964790e-04 4.440629799100e-05
6.589118820107e-04 9.572323925394e-04 2.866995391357e-05
1.367206496516e-03 9.931566289017e-04 1.000000000000e-04
2.166006925433e-05 1.255297422200e-03 3.044020100383e-05
2.021660069254e-03 1.255297422200e-03 3.044020100383e-05
1.010471809731e-03 1.034583785141e-03 5.146754855464e-05
1.077841647407e-03 6.543112227667e-04 4.739265784200e-05
2.363060633501e-04 1.291012941141e-03 3.172502982583e-05
1.119297168308e-03 1.034583785248e-03 5.735781002164e-05
1.818990951959e-03 1.107408799438e-03 1.944637206637e-05
4.965792524253e-04 9.470198927660e-04 2.600894578678e-05
1.525168522020e-03 9.532605338803e-04 2.268531542596e-05
1.763313638335e-03 1.187562231648e-03 7.814735697116e-05
2.937292882449e-04 1.345042529866e-03 4.712053577600e-05
1.998874459124e-04 1.363513467025e-03 4.852185488783e-05
7.506974922472e-04 9.977628347967e-04 2.802041681863e-05
1.904653072572e-03 1.231123337276e-03 4.513898913705e-05
1.552327674955e-03 9.858272355042e-04 1.971998663465e-05
1.830257503679e-03 1.322211219917e-03 7.222495148070e-05
5.606645422259e-04 1.008031382251e-03 6.247453412899e-05
1.272398551365e-03 1.088247007946e-03 3.427854128794e-05
1.631231852525e-03 1.219003322743e-03 5.762502737846e-05
3.704351321392e-04 1.456371609531e-03 8.807543482492e-05
1.516786728106e-03 1.005031934333e-03 2.067777766061e-05
5.817622757123e-05 1.354141288077e-03 7.381495098973e-05
2.058176227571e-03 1.354141288077e-03 7.381495098973e-05
1.195726214506e-03 1.128242341696e-03 5.219847277579e-05
1.739870330828e-03 1.428209728761e-03 6.707876308961e-05
2.659573379407e-04 1.521098442552e-03 3.482766681788e-05
4.635523993538e-04 1.042569625233e-03 4.059659917931e-05
3.297833395839e-04 1.625513215678e-03 8.588275316254e-05
-7.062119848163e-05 1.434398811164e-03 7.747837952831e-05
1.929378801518e-03 1.434398811164e-03 7.747837952831e-05
1.145139686693e-03 1.184231096227e-03 2.325838529598e-05
6.781999782562e-04 1.037599324750e-03 5.397915043579e-05
1.864945399172e-03 1.498627754990e-03 1.349975280481e-05
7.839290446690e-04 1.087436715555e-03 6.290606607556e-05
1.061726720418e-03 1.085691457843e-03 1.962498460327e-05
9.964779293586e-04 1.185954772204e-03 1.000000000000e-04
1.305541488166e-03 1.233622514339e-03 1.000000000000e-04
1.689597548835e-03 1.280715747771e-03 2.731599868369e-05
8.800251005958e-04 1.214762769503e-03 1.996316949480e-05
6.701961054801e-04 1.170788110965e-03 7.809974894763e-05
1.430235050568e-03 1.291417360389e-03 3.743627153892e-05
1.381098909951e-03 1.365928170271e-03 5.181741804364e-05
1.299728306376e-03 1.424452558597e-03 4.841371062909e-05
1.106586851813e-03 1.274339949360e-03 4.119459743572e-05
1.164527022267e-03 1.335449064065e-03 4.301577753230e-05
1.655185271004e-03 1.468471731309e-03 2.669003879341e-05
7.927524904834e-04 1.300014200599e-03 1.000000000000e-04
7.055645716158e-04 1.428475301562e-03 5.525464727627e-05
-2.450192850344e-06 1.515585060188e-03 2.853337943884e-05
1.997549807150e-03 1.515585060188e-03 2.853337943884e-05
9.061200690362e-04 1.364440343380e-03 3.039565360904e-05
3.996190759718e-04 1.729397512339e-03 3.929303191423e-05
5.812456266178e-04 1.223066545237e-03 2.507598421025e-05
1.808920215640e-03 1.517086780745e-03 4.546907990144e-05
3.150758951118e-04 1.762443319580e-03 5.134601666389e-05
1.228452265956e-03 1.351663588145e-03 2.293380602899e-05
1.625399081233e-03 1.505195165540e-03 2.059450120404e-05
1.692416854090e-03 1.605453092120e-03 1.000000000000e-04
1.524272025536e-03 1.632992711670e-03 7.038519306025e-05
1.008315311129e-03 1.386707909066e-03 7.419792352750e-05
1.841908411659e-03 1.677607978248e-03 6.599413657357e-05
8.740983305782e-04 1.411599349446e-03 2.660818461832e-05
6.477691656728e-04 1.507452517773e-03 4.261115848235e-05
1.219270414363e-03 1.456883686208e-03 3.833449065075e-05
8.143237410603e-04 1.482175261726e-03 6.588044209231e-05
1.114988130424e-03 1.399742167125e-03 3.326851056359e-05
5.229698763832e-04 1.259834250227e-03 4.382924609588e-05
7.327068559121e-04 1.598066368568e-03 7.586717555661e-05
1.381068272146e-03 1.518740342930e-03 7.611089057805e-05
6.027744065993e-04 1.638622480945e-03 6.024860049226e-05
1.139157081537e-03 1.491623182323e-03 4.898663329322e-05
2.446499902010e-04 1.427518761258e-03 2.958296609646e-05
1.760357192959e-03 1.704147509824e-03 1.976685693620e-05
1.396066454145e-03 1.654823256293e-03 5.966572471515e-05
1.228146161255e-03 1.611113602823e-03 1.000000000000e-04
6.788892810676e-04 1.699578302153e-03 3.501775278375e-05
3.786480952953e-04 1.804882491361e-03 2.489877241022e-05
8.003655576011e-04 1.760397501540e-03 1.000000000000e-04
1.146015253743e-03 1.694229691216e-03 1.684934795929e-05
1.754842466494e-04 1.454186889504e-03 4.454590240444e-05
5.080189335335e-04 1.726485324669e-03 6.897486085772e-05
4.605124248216e-04 1.850847069982e-03 6.415255325924e-05
1.940672830021e-03 1.717427391824e-03 4.049528089063e-05
1.177546994168e-03 1.743318854933e-03 4.149443190287e-05
1.243059351409e-04 1.492307114995e-03 1.926923028600e-05
2.170671365315e-04 1.835450923093e-03 7.086620421001e-05
6.529538688767e-04 1.893896830446e-03 9.887770173150e-05
3.344841204382e-04 1.853436315490e-03 4.073605457001e-05
1.600500726890e-03 1.728340224219e-03 5.168840383710e-05
1.319754170931e-03 1.695935841802e-03 2.484726533803e-05
3.741916201577e-04 -2.328600459622e-05 8.847094220003e-05
3.741916201577e-04 1.976713995404e-03 8.847094220003e-05
1.887596007834e-03 1.760203497925e-03 2.767321848036e-05
1.060455487986e-03 1.476302243837e-03 2.946385844502e-05
1.090066407201e-03 1.793686324846e-03 5.944978596747e-05
7.828297317883e-04 -4.087562118012e-05 4.637292220504e-05
7.828297317883e-04 1.959124378820e-03 4.637292220504e-05
9.491288323909e-04 1.777845282508e-03 4.978315603368e-05
1.355884319219e-03 1.730377862049e-03 2.506906840184e-05
1.304822637900e-03 1.759752135914e-03 3.383885351231e-05
5.129621528875e-05 1.876866637586e-03 1.000000000000e-04
2.051296215289e-03 1.876866637586e-03 1.000000000000e-04
1.507615892944e-03 1.820742956800e-03 7.933013441435e-05
1.017631962945e-03 1.866324575513e-03 4.313220160671e-05
1.607384470060e-03 1.887471320174e-03 4.069671032627e-05
1.816041809952e-03 1.792287961058e-03 5.074499374852e-05
9.042288780706e-04 1.904459806746e-03 7.651125003316e-05
1.363211514238e-03 1.786209768619e-03 3.026471275594e-05
1.235350123800e-03 1.830062947119e-03 6.274442517303e-05
1.935932285643e-03 1.785108351285e-03 2.670184449265e-05
1.143488794299e-03 1.885568671326e-03 4.458399267299e-05
8.495658000372e-04 -3.671639575559e-06 2.944346692773e-05
8.495658000372e-04 1.996328360424e-03 2.944346692773e-05
1.921599475229e-03 1.898750034626e-03 3.152994887708e-05
1.799417085660e-04 1.943230226520e-03 4.312750091664e-05
1.232584760466e-04 1.962732571175e-03 1.202795441642e-05
1.940956032206e-03 -2.468317549138e-05 4.744567781240e-05
1.940956032206e-03 1.975316824509e-03 4.744567781240e-05
1.712221237264e-03 1.899490391813e-03 6.482677445665e-05
1.858832470054e-03 1.898744805084e-03 3.123705652490e-05
1.541050548866e-03 1.932616277704e-03 3.743251435041e-05
1.349789386066e-03 1.877932902865e-03 6.130345836868e-05
1.420690228637e-03 -2.849618011739e-05 5.609520426793e-05
1.420690228637e-03 1.971503819883e-03 5.609520426793e-05
1.313838924647e-03 -5.608296816094e-06 5.317993639239e-05
1.313838924647e-03 1.994391703184e-03 5.317993639239e-05
7.201413022817e-04 -7.626466263731e-06 1.896008435815e-05
7.201413022817e-04 1.992373533736e-03 1.896008435815e-05
1.041015625000e-03 8.417968750000e-04 3.175884089427e-05
1.074218750000e-04 1.646484375000e-03 2.262223379694e-05
1.697265625000e-03 9.277343750000e-04 4.053394472635e-05
9.707031250000e-04 1.603515625000e-03 3.491636359751e-05
2.558593750000e-04 2.246093750000e-04 3.417141032094e-05
3.105468750000e-04 1.068359375000e-03 3.395672971787e-05
1.556640625000e-03 1.373046875000e-03 1.781516308668e-05
1.169921875000e-03 7.832031250000e-04 4.405941708918e-05
1.833984375000e-03 8.222656250000e-04 4.579666941702e-05
4.042968750000e-04 1.173828125000e-03 8.287713846332e-05
5.527343750000e-04 1.400390625000e-03 6.482446078341e-05
1.490234375000e-03 1.150390625000e-03 4.823587066630e-05
1.642578125000e-03 1.060546875000e-03 5.234799251211e-05
1.603515625000e-03 8.417968750000e-04 3.464143924930e-05
1.197265625000e-03 9.121093750000e-04 3.671240770941e-05
1.740234375000e-03 2.441406250000e-04 3.573311209904e-05
1.621093750000e-04 2.988281250000e-04 8.027638918203e-05
