# 2D packing, generated 2026-09-28T18:42:11.133259+00:00
# generator = preprocess/generate_packing_gravity.py
# periodic axes = xy
# porosity_achieved = 0.250060  (target 0.250000)
# 340 distinct grains; 370 rows including 30 periodic edge images.
# Centres span [-R, L+R]: a grain need only be PARTLY inside.
# Do NOT drop the out-of-box rows -- they carry the conduction
# paths that cross the domain edge, and k_eff depends on them.
# header row is 'Lx Ly'; grain rows are 'x y r', all in metres
2.000000000000e-03 2.000000000000e-03
1.911677394635e-03 6.333021250572e-05 5.894701628753e-05
6.487647947975e-04 8.101283912450e-05 4.871886999484e-05
7.427331873094e-04 9.414361853171e-07 4.033281923739e-05
7.427331873094e-04 2.000941436185e-03 4.033281923739e-05
8.303790996907e-04 1.052062190794e-06 2.434725138710e-05
8.303790996907e-04 2.001052062191e-03 2.434725138710e-05
1.039387815004e-03 5.505439076987e-05 9.418789339148e-05
1.039387815004e-03 2.055054390770e-03 9.418789339148e-05
5.005990644907e-04 1.298010539563e-04 8.245654283524e-05
9.183922716673e-04 7.974114493047e-05 2.930048285206e-05
7.864754266478e-05 1.027452263225e-04 1.000000000000e-04
2.078647542665e-03 1.027452263225e-04 1.000000000000e-04
6.154247484564e-04 1.564853047385e-04 3.378965540061e-05
9.486964844446e-04 1.496991451614e-04 3.689437434863e-05
7.956340705535e-04 3.015874325712e-05 2.010023860797e-05
8.117122651397e-04 1.528026267647e-04 1.000000000000e-04
9.274824876431e-04 2.095418683337e-04 2.659726865576e-05
1.736959207861e-03 1.919304064354e-05 2.022315443354e-05
1.736959207861e-03 2.019193040644e-03 2.022315443354e-05
6.741968054107e-04 1.485671129574e-04 2.195213467523e-05
2.873448173532e-04 3.245855845115e-05 9.845983010767e-05
2.873448173532e-04 2.032458558451e-03 9.845983010767e-05
1.285386329988e-03 3.183267177135e-05 8.287474927963e-05
1.285386329988e-03 2.031832671771e-03 8.287474927963e-05
3.614375581435e-04 1.880977985107e-04 6.842236208059e-05
5.913455027413e-04 2.880902106200e-04 1.000000000000e-04
1.947001940487e-03 1.506936139308e-04 3.528775564419e-05
1.434295877267e-03 7.480581687818e-05 6.988367850312e-05
2.118414568625e-04 1.501689255583e-04 4.138483157385e-05
4.527465762183e-04 2.837590570906e-04 3.697289287705e-05
1.009902677617e-03 1.650924498447e-04 1.965073489724e-05
2.316841222534e-04 2.771000142955e-04 8.708801372681e-05
1.773506341463e-03 7.705367388572e-05 4.821328216030e-05
3.686099465719e-04 4.045880877117e-04 1.000000000000e-04
7.803510991527e-04 3.534878660563e-04 1.000000000000e-04
2.833684586475e-06 2.676096289016e-04 8.146098868695e-05
2.002833684586e-03 2.676096289016e-04 8.146098868695e-05
1.084111547558e-04 3.887595374109e-04 7.923725071060e-05
2.245503508224e-04 4.439003455765e-04 4.932725389564e-05
4.891834432426e-04 3.639398222396e-04 2.724100629712e-05
1.876338584711e-03 1.504482193163e-04 3.506568498030e-05
1.166017859312e-03 2.074601481378e-05 3.700767943876e-05
1.166017859312e-03 2.020746014814e-03 3.700767943876e-05
1.322576202461e-03 1.875786339023e-04 7.725031344947e-05
1.169441524037e-03 1.003401108778e-04 3.464978294004e-05
2.832704175210e-04 5.108699066391e-04 3.630361590333e-05
1.684195744179e-04 5.842725701721e-04 1.000000000000e-04
4.831187624406e-04 4.052487452629e-04 1.451074346550e-05
3.212531656953e-04 5.926297610867e-04 5.107409121599e-05
1.559875865274e-03 7.445743970585e-05 5.569679630072e-05
1.823606867054e-03 1.459778291480e-04 1.716438032577e-05
1.692206862590e-03 7.705367388572e-05 3.308619671245e-05
1.819647056342e-03 2.217473377710e-04 5.602493089521e-05
9.070427723352e-04 3.530241932147e-04 2.669254686499e-05
8.972895901628e-04 4.237842472009e-04 3.644118906622e-05
6.287225526087e-04 4.768386219261e-04 9.241363539815e-05
1.718659306831e-03 2.198561955455e-04 4.498055034836e-05
1.127545143348e-03 1.433891085686e-04 2.280088580847e-05
1.419037545417e-03 1.691180929660e-04 2.003426616975e-05
1.423954673850e-03 2.308967168656e-04 3.299519894507e-05
1.074392839200e-03 2.137762760360e-04 6.115211663373e-05
1.881622514371e-03 3.003928344942e-04 4.410536599103e-05
9.781386512361e-04 2.626635704464e-04 4.680548206308e-05
3.978020940857e-04 5.926297610867e-04 2.547483717435e-05
-5.705927035774e-05 4.144310108146e-04 7.710668891162e-05
1.942940729642e-03 4.144310108146e-04 7.710668891162e-05
1.506839995055e-03 1.425211447688e-04 2.931103122250e-05
1.059800504223e-03 3.318492855497e-04 5.777843047683e-05
1.782896837330e-03 3.332863890586e-04 5.995593596378e-05
2.714640544073e-04 6.397356500885e-04 1.553194208793e-05
1.192932973208e-03 2.262764219680e-04 5.804535491895e-05
3.324798688134e-05 4.494209962914e-04 1.735116457477e-05
1.638587977356e-03 1.558491458309e-04 5.752956355686e-05
1.481752480104e-05 5.095951314184e-04 4.215139284388e-05
2.014817524801e-03 5.095951314184e-04 4.215139284388e-05
1.206926528704e-03 3.888402150390e-04 1.000000000000e-04
1.846252898364e-03 3.887381502925e-04 2.293661762649e-05
3.032019897190e-04 6.618434167053e-04 2.045474966809e-05
8.433618645046e-04 4.745075943216e-04 3.644095744079e-05
1.792811110758e-03 4.551370799026e-04 6.229743038171e-05
1.675436178848e-03 4.541308045424e-04 5.508181776395e-05
7.708296783273e-04 5.753401893365e-04 8.049383723215e-05
2.504798827516e-04 6.772495971819e-04 2.313285288090e-05
1.891180103511e-03 5.842261761185e-04 1.000000000000e-04
1.753994323642e-03 5.838610987398e-04 3.695694664192e-05
3.786030430047e-04 6.341362910727e-04 1.971997957302e-05
8.947873382074e-04 5.751626313864e-04 4.346394992347e-05
6.670804443305e-04 5.864464290675e-04 2.371215543428e-05
2.850426326478e-05 7.296293157635e-04 1.000000000000e-04
2.028504263265e-03 7.296293157635e-04 1.000000000000e-04
1.379126224507e-03 3.203511121731e-04 6.706378117868e-05
1.775584676525e-03 6.626701889502e-04 3.969884035597e-05
1.468957972706e-03 1.875196348152e-04 2.951019632373e-05
1.825184490468e-03 6.748189926345e-04 1.136082674326e-05
8.599469232495e-04 6.445752596258e-04 3.235729625419e-05
4.560730434015e-04 6.616465218884e-04 6.248959262516e-05
1.869645485057e-03 7.453137290766e-04 5.934977532808e-05
7.857982334523e-04 7.489926086016e-04 9.380252069342e-05
1.676501735804e-03 5.838610987398e-04 4.053564119625e-05
9.385732337945e-04 7.487917356793e-04 5.897261170902e-05
-7.440867164412e-05 9.011196280308e-04 1.000000000000e-04
1.925591328356e-03 9.011196280308e-04 1.000000000000e-04
6.168826248160e-04 5.960048999572e-04 2.733938473908e-05
1.571141924040e-03 5.838610988326e-04 6.482417056765e-05
1.585375192812e-04 7.143057476659e-04 3.040814712711e-05
1.434389488415e-04 7.645716162647e-04 2.012887639278e-05
7.151470555789e-05 9.010440157739e-04 4.588156112058e-05
3.531291058016e-04 6.802037297961e-04 3.274128417949e-05
2.950328092208e-04 7.420419702238e-04 5.210650692669e-05
1.091297739945e-03 4.003987301005e-04 1.619590350606e-05
1.526344493908e-03 1.993538630747e-04 2.908392531112e-05
5.667805877682e-04 6.510817253869e-04 4.711644680265e-05
1.033508308884e-03 4.410890979928e-04 5.448170526482e-05
1.348021170592e-03 4.253120035614e-04 4.241011815847e-05
1.043837603508e-03 7.486982106728e-04 4.626567085828e-05
4.130793228082e-04 7.970140379722e-04 7.811218452230e-05
2.078942644280e-04 7.135449788835e-04 1.888513744412e-05
5.813918288001e-05 1.049836118593e-03 9.921226961889e-05
2.058139182880e-03 1.049836118593e-03 9.921226961889e-05
1.008295615818e-03 8.642259890460e-04 7.460576897929e-05
1.303427020961e-03 5.160508094399e-04 5.869574180540e-05
2.087466433566e-04 8.059449077290e-04 5.526615179677e-05
6.180088184790e-04 7.607425215182e-04 7.392000161405e-05
1.181686168213e-03 5.638763007704e-04 7.210238056327e-05
1.437871927082e-03 4.189034110831e-04 4.766904461375e-05
1.532632087224e-03 4.173337261272e-04 4.710418925418e-05
1.484987278198e-03 4.739208652270e-04 2.476563241253e-05
1.695804723996e-03 6.626494707007e-04 4.008111514823e-05
1.431763228852e-03 4.994698222644e-04 3.312841825917e-05
1.781364571500e-03 7.310583582087e-04 2.893314122573e-05
1.391718664589e-03 5.650975712169e-04 4.129803717222e-05
1.284093802605e-03 6.017320102077e-04 2.914056593890e-05
1.709366496781e-03 7.468645527200e-04 4.477953440891e-05
1.613268103258e-03 6.869314886369e-04 4.595323959720e-05
1.789027684610e-03 7.950696274658e-04 3.538606357914e-05
1.248343386040e-03 6.895838653464e-04 6.570781719278e-05
1.138086508921e-03 8.658921612215e-04 5.519613361558e-05
1.462086142358e-03 6.294630328654e-04 5.338200484524e-05
3.027100511138e-04 8.996183034911e-04 7.258290974777e-05
1.263352874791e-04 8.147653779260e-04 2.761588649897e-05
1.535122990643e-03 6.869312078004e-04 3.219187309926e-05
1.797767863191e-03 8.619569927647e-04 3.206992472619e-05
1.214959455196e-03 7.977733732516e-04 4.751601236720e-05
5.329705093304e-04 8.778501249695e-04 6.648508228017e-05
1.732208877371e-03 8.090388844430e-04 2.145796210364e-05
1.564198703840e-03 7.385876215143e-04 2.529395007157e-05
1.092647843516e-03 9.740277706714e-04 6.209878258265e-05
1.010059330370e-03 9.600745140904e-04 2.083508639917e-05
4.420205861587e-04 8.994959878498e-04 2.700519477993e-05
1.285994395281e-03 7.938058735809e-04 2.362989445004e-05
1.722422758674e-03 8.746244539458e-04 4.433262331701e-05
1.821666376410e-04 9.061131424197e-04 4.813534680183e-05
8.552744879583e-04 9.173498565466e-04 8.737472110254e-05
4.635606783774e-04 9.994971665538e-04 7.357107559631e-05
6.922778498750e-04 8.230957958758e-04 2.305329292432e-05
1.342819013549e-03 7.938663540779e-04 3.319488848337e-05
1.240049479592e-04 9.431637905101e-04 2.082502348833e-05
1.211339630439e-03 9.727352657607e-04 5.624764850482e-05
7.152879869437e-04 9.168619416902e-04 5.261273370584e-05
1.009201669419e-03 1.015513818877e-03 3.109138567832e-05
1.306206116270e-03 9.727352658535e-04 3.861883732622e-05
1.393596219118e-03 6.294630328654e-04 1.510791839525e-05
1.501693683129e-03 7.499356467030e-04 3.823285761234e-05
1.792772515913e-03 9.336661371971e-04 3.674835387691e-05
1.831803565749e-03 9.995889224450e-04 3.598656747593e-05
1.393624224568e-03 6.731423885879e-04 2.782710981485e-05
1.158685804314e-03 1.081894947057e-03 6.437806944056e-05
3.176440352980e-04 1.055704411776e-03 8.278959339548e-05
2.275138365612e-04 9.681194547855e-04 2.868360413547e-05
1.422549756441e-03 9.727334948185e-04 7.772433818227e-05
1.057949352654e-03 1.081138820753e-03 3.581992802764e-05
1.273846868000e-03 1.031681783314e-03 2.862558898036e-05
1.826818944801e-04 1.008705174917e-03 3.179038787217e-05
2.158041497290e-04 1.047326664083e-03 1.908891261589e-05
1.564455118020e-03 8.269535177817e-04 6.111713483879e-05
1.877575704428e-04 1.101714486365e-03 4.040252837930e-05
2.456853312317e-04 1.144715009636e-03 3.166978132354e-05
9.479868461152e-04 1.014435403539e-03 3.013309250054e-05
1.350450407729e-03 1.110139982307e-03 7.744930300635e-05
6.112194533730e-04 9.994971666610e-04 7.408769939931e-05
5.385938116785e-04 1.098538238708e-03 4.872768149312e-05
6.279798497700e-04 1.115756417489e-03 4.230159668829e-05
8.564243539358e-04 1.101284121260e-03 9.606678752238e-05
1.827563306577e-04 1.185043888425e-03 4.307301940973e-05
6.960751443525e-04 1.115756417489e-03 2.579369789421e-05
1.239428738129e-03 1.148813888917e-03 4.011443140294e-05
4.363576178770e-04 1.129741728260e-03 5.711909014376e-05
7.757594164743e-05 1.218241275570e-03 6.722203731643e-05
1.546278349984e-03 9.727352658570e-04 4.600425539709e-05
5.283176077078e-04 1.218785674663e-03 7.088663087167e-05
6.670834059102e-04 1.218939323378e-03 6.787760903991e-05
1.895245293245e-03 1.082438724560e-03 6.691223242590e-05
7.547711706002e-04 1.175628212340e-03 2.987138717936e-05
9.990865068537e-04 1.150016141320e-03 5.460927993232e-05
1.640655086315e-03 8.942587364991e-04 3.975933405358e-05
1.510976027085e-03 1.050593053636e-03 3.948291507837e-05
1.624999396548e-03 1.065860895393e-03 7.555810271712e-05
1.178852902707e-03 1.167052365721e-03 2.313487997213e-05
7.644900161356e-04 1.235802049511e-03 3.097783760507e-05
4.059029888604e-04 1.236060611575e-03 5.261057126775e-05
1.296975923647e-03 1.239510234750e-03 6.253706317233e-05
2.974162278073e-04 1.215535376952e-03 5.603204972549e-05
1.736945765180e-04 1.272377653914e-03 4.309361582414e-05
9.353359075784e-04 1.190508115229e-03 2.091382156000e-05
1.123892112138e-03 1.172107375295e-03 3.202721912407e-05
3.444815174465e-04 1.300911441021e-03 3.671035142431e-05
2.468776237398e-04 1.286560507208e-03 3.113858718783e-05
1.459760178857e-03 1.100260846656e-03 3.186098986978e-05
-8.690505658824e-05 1.248393737649e-03 1.000000000000e-04
1.913094943412e-03 1.248393737649e-03 1.000000000000e-04
1.057830895907e-03 1.290584748791e-03 9.774043832000e-05
1.524763619878e-03 1.214986054457e-03 1.000000000000e-04
1.168784189186e-04 1.294332230860e-03 1.766336754838e-05
1.751922190262e-03 1.252123261367e-03 6.094748151678e-05
1.800893101711e-03 1.364370223604e-03 6.136868285506e-05
3.501330130068e-05 1.318873401256e-03 4.072030352455e-05
2.035013301301e-03 1.318873401256e-03 4.072030352455e-05
7.356428241336e-04 1.308000275609e-03 4.449666075818e-05
1.203647499582e-03 1.295747768993e-03 4.635267741230e-05
1.650981742105e-03 1.308008558430e-03 5.443076817562e-05
1.674409830932e-03 1.464578937683e-03 1.000000000000e-04
4.666541401119e-04 1.327103322668e-03 5.375323814019e-05
9.782898218154e-05 1.330645055058e-03 2.318886512837e-05
1.271864789482e-03 1.335602765081e-03 3.265377791685e-05
3.788436734203e-04 1.391703981699e-03 5.461812610394e-05
1.576181581496e-04 1.357586543201e-03 4.239001705413e-05
1.178000927209e-03 1.433461813057e-03 8.895367491490e-05
1.861997784561e-03 1.503535805851e-03 9.062102978942e-05
-2.339351756364e-05 1.377771268483e-03 4.222736277982e-05
1.976606482436e-03 1.377771268483e-03 4.222736277982e-05
1.395220090704e-03 1.291308660497e-03 4.852595433600e-05
1.481235537744e-03 1.412392517000e-03 1.000000000000e-04
-1.194877797284e-05 1.509208814253e-03 3.556009023461e-05
1.988051222027e-03 1.509208814253e-03 3.556009023461e-05
9.215901170450e-04 1.290584748898e-03 3.850034054203e-05
1.554635103706e-03 1.528770183171e-03 3.589155429365e-05
2.616450525112e-04 1.379726902301e-03 6.319091250056e-05
1.229352723332e-04 1.495687980386e-03 1.000000000000e-04
8.265266465726e-04 1.307993592860e-03 4.638716325114e-05
1.961576313686e-03 1.563015482752e-03 2.337890436082e-05
1.754872547398e-03 1.594477143682e-03 4.940280781196e-05
3.154550567020e-04 1.487996853729e-03 5.769252390268e-05
6.426923613859e-04 1.337288118471e-03 5.295850489315e-05
1.821461970755e-03 1.604193190130e-03 1.789211124869e-05
7.164189325632e-04 1.386244339143e-03 3.399697188133e-05
9.955495733757e-04 1.480817963661e-03 9.950798106076e-05
1.327413591334e-03 1.401977862387e-03 5.389865895922e-05
8.466089398127e-04 1.415606173662e-03 6.308323946374e-05
8.583404367112e-04 1.528178963716e-03 4.564508854488e-05
1.658330344136e-03 1.612518584540e-03 4.881105447360e-05
1.126276846936e-03 1.584573406966e-03 6.738971778892e-05
6.511133646715e-04 1.441372679928e-03 5.146620309121e-05
1.294551582805e-03 1.483275230044e-03 3.378929889569e-05
1.892467976956e-03 1.671038520977e-03 7.962833694844e-05
3.361737642101e-05 1.634713891503e-03 6.496999060308e-05
2.033617376421e-03 1.634713891503e-03 6.496999060308e-05
1.373058334134e-03 1.519759595922e-03 5.241395193545e-05
9.168350854667e-04 1.594200938407e-03 3.850710951858e-05
5.692538014020e-04 1.306413410628e-03 2.567533694310e-05
4.756024063806e-04 1.429859723331e-03 4.939205182136e-05
1.594434180614e-04 1.651650331504e-03 6.017836793673e-05
8.715594347153e-05 1.762741552757e-03 7.236126021899e-05
1.787284037357e-03 1.664868046966e-03 2.553282728709e-05
4.110144355971e-04 1.472482696361e-03 2.799221369472e-05
1.770404404980e-03 1.764815694927e-03 7.138677308713e-05
4.052661054744e-04 1.554687454237e-03 5.417195069803e-05
-3.447047826965e-05 1.778448353481e-03 5.027540694852e-05
1.965529521730e-03 1.778448353481e-03 5.027540694852e-05
1.284514650219e-03 1.556036515959e-03 3.966103373379e-05
8.233984792709e-04 1.630122429001e-03 6.159660198435e-05
7.476472655147e-04 1.475890307544e-03 4.943202042160e-05
1.348180002888e-03 1.618936861682e-03 4.983615682597e-05
1.867858274104e-03 1.773338488628e-03 2.450976206401e-05
5.591853242554e-04 1.471026713215e-03 4.377892816391e-05
1.227590568723e-03 1.606188029710e-03 3.620415422231e-05
9.035786933031e-04 1.653152779907e-03 2.182565608421e-05
1.475809760101e-03 1.568401532759e-03 5.233589702622e-05
1.554322157901e-03 1.695575847565e-03 8.429162130840e-05
1.877139504798e-03 1.840944506347e-03 4.373036760954e-05
1.184822409147e-03 1.677476110845e-03 4.230616349170e-05
6.304943683649e-04 1.566698365036e-03 7.554439346341e-05
1.420441638495e-03 1.687574880912e-03 4.982824393936e-05
1.641020454073e-03 1.824565896730e-03 7.112742772756e-05
1.463612827793e-03 1.794080537157e-03 4.780992979570e-05
1.004799857718e-03 1.680831199649e-03 8.311161542348e-05
8.767455655853e-04 1.732410273233e-03 5.371154473074e-05
9.520432942718e-04 1.798178284826e-03 4.491559296889e-05
1.120962828025e-03 1.730970379282e-03 4.099859541618e-05
2.426314910337e-04 1.521765846475e-03 2.250406608004e-05
8.898000968186e-04 1.803254462324e-03 1.753425256492e-05
1.066086597930e-03 1.768887620351e-03 2.417311019422e-05
1.280502261624e-03 1.617298465405e-03 1.786161960974e-05
-2.820252121480e-05 1.892708286344e-03 6.415671731738e-05
1.971797478785e-03 1.892708286344e-03 6.415671731738e-05
1.109731508512e-03 1.806688830220e-03 3.356613103328e-05
1.170724191302e-03 1.805653571363e-03 2.743545269121e-05
5.047205578716e-04 1.569789882102e-03 4.642100963409e-05
1.245835696776e-03 1.806651357996e-03 4.768283048565e-05
8.274591859345e-04 1.821175484455e-03 4.733139476928e-05
7.269690768808e-04 1.621172404400e-03 3.524730670224e-05
1.967476346694e-04 1.765507132171e-03 3.726552505211e-05
6.753460090705e-04 1.664693311963e-03 2.952113746408e-05
1.508290625513e-03 -7.392702088744e-05 9.153895016317e-05
1.508290625513e-03 1.926072979113e-03 9.153895016317e-05
5.935790420522e-04 1.694165528846e-03 5.716072640194e-05
7.235611651192e-04 1.678933184290e-03 2.075286413402e-05
1.884659220015e-03 1.908962980626e-03 2.448469911023e-05
1.146933708171e-03 1.852244071307e-03 2.487766662813e-05
1.032515100091e-03 1.822746827698e-03 3.922313075953e-05
9.041763860199e-04 1.893642288821e-03 5.809443971417e-05
1.099646323330e-03 1.862920503062e-03 2.356281129086e-05
3.217266619504e-04 1.580063549222e-03 3.241977093659e-05
4.448947393102e-04 1.661525050287e-03 5.977847953157e-05
7.013633698701e-04 1.765875552848e-03 6.672162212367e-05
1.008050759686e-03 1.910341149783e-03 4.711362776094e-05
8.078782763546e-04 1.906570286968e-03 3.906758507543e-05
7.077679349981e-04 1.905645464890e-03 6.104702795581e-05
5.069537362781e-04 1.737695765375e-03 3.847223208319e-05
1.209779451961e-03 1.896868246991e-03 4.947244571683e-05
1.903599150002e-03 -3.240603431021e-05 3.712953639794e-05
1.903599150002e-03 1.967593965690e-03 3.712953639794e-05
5.749608547499e-04 1.812481514596e-03 6.261129444162e-05
2.626359100891e-04 1.765426394814e-03 2.862296974405e-05
1.347183828770e-03 1.769670941668e-03 6.020154041135e-05
1.337311123511e-03 1.893945861976e-03 6.446522370117e-05
1.656553287729e-03 -4.489993748315e-05 5.953847564267e-05
1.656553287729e-03 1.955100062517e-03 5.953847564267e-05
4.391170062185e-04 1.753767816009e-03 3.124245621814e-05
5.651743631828e-04 -3.275771582195e-05 9.245871473584e-05
5.651743631828e-04 1.967242284178e-03 9.245871473584e-05
3.414039073841e-04 1.662663100799e-03 4.371860814425e-05
1.742328792490e-03 1.955088564004e-03 2.623702990627e-05
3.525855844429e-04 1.808136618625e-03 7.095180464070e-05
1.398971241491e-03 -1.932571824173e-05 3.065773549432e-05
1.398971241491e-03 1.980674281758e-03 3.065773549432e-05
1.219288894385e-04 1.898203057077e-03 6.749219185463e-05
4.638649795715e-04 1.825443134114e-03 4.166533962007e-05
4.202070033953e-04 1.869563598729e-03 2.040428444576e-05
2.367629053028e-04 1.821254326702e-03 3.135643838536e-05
2.302130202340e-04 1.893219885759e-03 4.090658170733e-05
1.945278518715e-04 1.947929001498e-03 2.050372218046e-05
3.794981244075e-04 1.921622803602e-03 4.568188824159e-05
4.185512368177e-05 -3.141657556392e-05 3.911562168381e-05
4.185512368177e-05 1.968583424436e-03 3.911562168381e-05
4.587791285337e-04 1.888767647976e-03 2.175458319529e-05
4.332453081020e-04 -9.791766076850e-06 4.145436891282e-05
4.332453081020e-04 1.990208233923e-03 4.145436891282e-05
1.025390625000e-03 6.113281250000e-04 3.314697795342e-05
1.611328125000e-03 3.027343750000e-04 8.690079074744e-05
1.763671875000e-03 1.119140625000e-03 3.080726890240e-05
4.785156250000e-04 5.332031250000e-04 3.491239247363e-05
1.435546875000e-03 8.300781250000e-04 2.799559283213e-05
1.287109375000e-03 8.769531250000e-04 5.975413492492e-05
1.126953125000e-03 6.816406250000e-04 4.002715499674e-05
1.791015625000e-03 1.888671875000e-03 3.020264195885e-05
1.744140625000e-03 1.013671875000e-03 3.361789675836e-05
9.824218750000e-04 5.332031250000e-04 3.053896328189e-05
1.814453125000e-03 -1.757812500000e-05 5.240784322265e-05
1.814453125000e-03 1.982421875000e-03 5.240784322265e-05
1.412109375000e-03 7.480468750000e-04 4.268973335182e-05
7.363281250000e-04 1.017578125000e-03 1.816210765418e-05
9.042968750000e-04 1.953125000000e-06 5.078125000000e-05
9.042968750000e-04 2.001953125000e-03 5.078125000000e-05
1.275390625000e-03 1.685546875000e-03 3.650354028506e-05
1.119140625000e-03 1.935546875000e-03 4.941058844013e-05
1.669921875000e-03 1.181640625000e-03 2.888735575628e-05
1.064453125000e-03 5.410156250000e-04 4.752158226795e-05
9.511718750000e-04 6.464843750000e-04 2.762470387661e-05
2.441406250000e-04 1.587890625000e-03 3.055474249540e-05
2.558593750000e-04 1.693359375000e-03 3.085411785027e-05
