Lx=3.000000e-03
Ly=3.000000e-03
Lz=1.998047e-04
