# 2D packing, generated 2026-08-07T23:55:47.219323+00:00
# generator = preprocess/generate_packing_gravity.py
# periodic axes = xy
# porosity_achieved = 0.325337  (target 0.325000)
# 308 distinct grains; 335 rows including 27 periodic edge images.
# Centres span [-R, L+R]: a grain need only be PARTLY inside.
# Do NOT drop the out-of-box rows -- they carry the conduction
# paths that cross the domain edge, and k_eff depends on them.
# header row is 'Lx Ly'; grain rows are 'x y r', all in metres
1.000000000000e-04 1.000000000000e-04
1.412494925362e-05 6.617995712577e-07 3.150459304994e-06
1.412494925362e-05 1.006617995713e-04 3.150459304994e-06
9.841209258116e-06 2.846369178772e-06 1.474451219381e-06
4.991265547578e-05 3.532200423576e-07 3.504142651729e-06
4.991265547578e-05 1.003532200424e-04 3.504142651729e-06
5.739295135489e-05 6.860105657241e-07 2.726538131928e-06
5.739295135489e-05 1.006860105657e-04 2.726538131928e-06
3.759140678944e-05 7.639639207458e-07 1.622923003273e-06
3.759140678944e-05 1.007639639207e-04 1.622923003273e-06
2.401932354373e-05 1.651831235286e-06 1.899951625169e-06
2.401932354373e-05 1.016518312353e-04 1.899951625169e-06
2.724056069294e-05 2.856487420728e-06 1.187002450686e-06
1.803698514662e-05 2.262860160436e-06 1.076527790501e-06
1.633041021464e-05 6.708980148426e-06 3.286345437522e-06
2.497331932316e-05 7.165968267673e-06 3.682501786977e-06
5.396474231962e-05 3.973076373111e-06 1.922530057672e-06
6.501123099802e-05 2.923073322426e-07 1.914135662662e-06
6.501123099802e-05 1.002923073322e-04 1.914135662662e-06
6.849914670061e-05 1.441580128167e-06 1.758245568620e-06
6.849914670061e-05 1.014415801282e-04 1.758245568620e-06
6.555697921318e-05 5.672519830587e-06 3.395122290327e-06
3.872449754819e-05 5.150812303637e-06 2.907907931149e-06
9.644428143139e-05 3.125720605301e-06 2.839669591240e-06
7.375766227078e-05 5.669899631474e-06 4.805130915554e-06
2.026123889153e-05 9.812142049900e-06 1.721751288191e-06
3.361513661708e-05 5.176963952829e-06 2.201524864155e-06
3.212715329130e-05 1.222307192498e-05 5.000000000000e-06
1.744566193032e-05 1.131192105897e-05 1.449749600387e-06
6.878410329644e-05 8.773724208005e-06 1.055712185976e-06
5.888778461445e-05 8.138622066052e-06 3.715420363473e-06
9.031721607011e-05 1.645069180410e-07 1.907369856500e-06
9.031721607011e-05 1.001645069180e-04 1.907369856500e-06
1.242712314028e-06 5.463214030758e-06 2.497821809178e-06
1.012427123140e-04 5.463214030758e-06 2.497821809178e-06
2.271009943032e-05 1.164908285925e-05 1.339501716624e-06
9.768379117872e-05 7.344287238675e-06 1.527641649964e-06
2.531913900088e-05 1.349370717803e-05 1.855712094797e-06
4.273685852873e-05 7.430149665368e-06 1.706682057822e-06
7.027517021662e-05 1.276427843217e-05 3.097906560396e-06
7.994626778015e-05 5.672520019304e-06 1.383475949205e-06
2.720051960455e-05 1.587946070971e-05 1.135250985666e-06
3.971627654826e-05 1.070952511765e-05 2.738601029948e-06
7.924859403193e-05 8.504004234921e-06 1.373247212669e-06
7.659703569367e-05 1.405595703460e-05 3.354571237400e-06
5.039262702503e-06 7.130723378404e-06 1.648789129494e-06
9.376558190954e-05 7.855685382107e-06 2.423800104411e-06
4.300709820716e-05 1.269924466606e-05 1.107002429932e-06
6.294994486654e-05 1.621638650934e-05 5.000000000000e-06
7.268918061811e-05 1.656631574930e-05 1.288840093705e-06
5.038375429212e-05 6.130765949301e-06 2.258271388624e-06
6.925706644695e-05 1.727008788750e-05 1.394535685088e-06
1.974041276285e-06 1.303079240315e-05 5.000000000000e-06
1.019740412763e-04 1.303079240315e-05 5.000000000000e-06
9.663269155441e-05 9.835883901705e-06 1.060665979908e-06
5.415731154714e-05 1.785830365723e-05 3.944633734838e-06
2.219959759365e-05 1.413528949633e-05 1.198577382490e-06
2.339107143714e-05 1.894007819065e-05 3.751423557930e-06
4.669545909044e-05 9.611601944471e-06 2.813192255557e-06
8.003310943427e-06 5.457770547138e-06 1.718867950674e-06
8.719346063817e-05 2.010351291630e-06 1.720989200987e-06
8.971828745094e-05 2.925235116068e-06 9.175789349356e-07
1.211482586466e-05 7.447971139758e-06 9.935214191850e-07
8.361086981531e-05 5.672519830579e-06 2.281126505004e-06
7.469415796518e-05 1.799723328592e-05 1.021433285547e-06
9.397538085138e-06 1.670367372270e-05 3.282412816237e-06
1.547210488176e-05 2.254118333926e-05 4.947911552506e-06
8.749895195807e-05 1.183590610985e-05 5.000000000000e-06
2.941577193859e-05 2.266530512076e-05 3.331962071717e-06
2.188634294028e-05 2.406338787731e-05 1.588291999546e-06
2.514213466495e-05 2.892088697870e-05 4.244071402559e-06
4.612790142360e-05 1.546133945537e-05 3.060579697929e-06
3.532829611911e-05 2.265306662732e-05 2.580575472307e-06
4.130290565843e-05 1.685055843161e-05 1.937598041974e-06
4.939005647385e-06 1.935072929795e-05 1.902701909301e-06
8.157754552347e-05 1.546030427519e-05 1.820146034443e-06
6.888727914562e-05 2.238583774897e-05 3.562364724963e-06
5.849388022915e-05 2.121806067577e-05 1.541148405733e-06
6.135573886030e-05 2.263958040556e-05 1.616816858931e-06
4.922826594737e-05 1.806616803562e-05 9.888040314549e-07
8.441619886251e-05 1.884387774642e-05 2.596474466658e-06
3.070145250332e-05 3.211022900250e-05 2.165134326631e-06
7.496746968979e-05 2.238467013512e-05 2.517826499747e-06
3.287997231516e-05 2.492160679796e-05 7.472993064998e-07
9.457651298498e-05 1.404466171022e-05 2.414207401454e-06
4.365291750758e-05 1.854948640889e-05 8.969699871940e-07
3.714152858740e-05 3.525102018245e-05 5.000000000000e-06
4.319897566325e-05 3.705686939311e-05 1.320898400695e-06
4.803246887026e-05 2.301106773096e-05 4.057508347206e-06
6.429230245455e-05 2.528484288765e-05 1.870686324666e-06
7.065740438723e-06 2.498292616628e-05 3.805908316238e-06
1.219089726985e-05 3.046953215742e-05 3.632596434916e-06
4.185399007713e-05 3.912176182007e-05 1.098355063516e-06
7.280970214136e-05 2.584749621979e-05 1.561901081280e-06
5.891593433313e-05 2.793630385005e-05 4.123943036137e-06
1.923413922008e-05 3.092222673500e-05 1.993698420335e-06
6.392653503498e-05 2.799076943211e-05 8.598492259598e-07
1.653478322496e-05 3.481478924783e-05 2.511557242889e-06
2.007477119276e-06 2.694217612616e-05 1.618552018010e-06
4.197390393562e-06 3.123427860129e-05 3.072091477903e-06
7.778127795036e-05 2.836710560868e-05 4.011697172737e-06
8.164053966456e-06 3.637610641042e-05 3.421969097458e-06
-3.391938577624e-06 1.974044131476e-05 3.591456704754e-06
9.660806142238e-05 1.974044131476e-05 3.591456704754e-06
1.639643240512e-06 3.689308137019e-05 3.118513154319e-06
1.016396432405e-04 3.689308137019e-05 3.118513154319e-06
6.689616709487e-05 2.834366527393e-05 2.130677104308e-06
3.032959044744e-05 3.918631070782e-05 2.866835640196e-06
7.093879039011e-05 2.888950297265e-05 1.948629442218e-06
8.908857449918e-05 2.167316147373e-05 2.865754871659e-06
2.243370823195e-05 3.946518229815e-05 5.000000000000e-06
4.557003655496e-05 4.052557425938e-05 2.874010849728e-06
8.459801489840e-05 2.579000620061e-05 3.226134577953e-06
9.376873245149e-05 2.588230844875e-05 3.174954522518e-06
2.812337628509e-05 4.367292198728e-05 2.076538836253e-06
3.494629258860e-05 4.272730002618e-05 2.791881880483e-06
9.612218778784e-05 3.723412719742e-05 2.409472638757e-06
6.873204475418e-05 3.192084920402e-05 1.800875361908e-06
6.394303112224e-05 3.316451229118e-05 3.129047084794e-06
1.415310363766e-05 4.015899600600e-05 3.307785917614e-06
8.916917146146e-05 2.836977886470e-05 2.022741427666e-06
2.515586024177e-05 4.483929830989e-05 1.024221261290e-06
5.204228014996e-05 2.967651207333e-05 2.966575135844e-06
8.647866304627e-05 2.939544124924e-05 8.403134231840e-07
4.083658966974e-05 4.522205292561e-05 3.604944811976e-06
7.335511955201e-06 4.490660071829e-05 5.000000000000e-06
7.311335216204e-05 3.240891692777e-05 2.162909689595e-06
5.962379399401e-05 3.329498717830e-05 1.192159990518e-06
1.483011051198e-05 4.623866931716e-05 2.612057164745e-06
9.240031575841e-05 3.723412719742e-05 1.312399390679e-06
5.551763994488e-05 3.314747626370e-05 1.945205633660e-06
5.838871729591e-05 3.803180391193e-05 3.703026136504e-06
-1.487038784788e-06 4.164910679525e-05 2.573228084627e-06
9.851296121521e-05 4.164910679525e-05 2.573228084627e-06
8.364457625997e-05 3.177846938149e-05 2.771787909280e-06
8.783780357354e-05 3.403346685949e-05 1.989322142912e-06
9.344779253867e-05 3.939333176473e-05 1.027757977934e-06
2.662044540049e-05 4.962247954342e-05 3.978161725038e-06
4.790207810391e-05 2.967649326672e-05 1.173626962365e-06
9.154870124014e-05 3.964905648220e-05 8.884734515281e-07
5.091115932988e-05 4.124311104159e-05 2.515094051862e-06
4.691997779298e-05 4.575076377550e-05 2.501375374589e-06
5.576403113753e-05 4.419852369567e-05 2.999019097687e-06
6.118743215488e-05 4.594974846032e-05 2.700109499857e-06
7.969512509364e-05 3.367640830283e-05 1.610030966986e-06
1.223300195647e-05 5.158386672091e-05 3.280778319842e-06
3.607633494497e-05 4.688690215594e-05 1.438045144991e-06
3.781384058485e-05 5.327860697820e-05 5.000000000000e-06
3.158633071484e-05 5.379911329952e-05 1.249224432789e-06
3.115080910598e-05 5.865496477047e-05 3.561612675123e-06
5.678176269869e-05 5.162648755034e-05 4.485660469564e-06
7.605700324668e-05 3.758999714658e-05 3.733386311429e-06
3.739210545885e-05 6.208286729602e-05 3.558761413216e-06
4.432006324904e-05 4.896229951623e-05 1.506222641389e-06
5.089427939920e-05 5.162648755614e-05 1.401822829923e-06
7.118152273825e-05 3.758999714658e-05 1.142094196995e-06
5.156703817279e-05 5.439646991471e-05 1.419096441601e-06
6.789069363424e-05 3.501667555049e-05 1.231520317102e-06
8.935780396480e-05 3.964905648220e-05 1.302423823810e-06
5.703319100328e-06 5.349421187447e-05 3.522616186394e-06
6.839980029683e-05 3.789299606014e-05 1.656081652150e-06
4.661306058412e-05 5.439498166920e-05 3.533688033617e-06
1.031303455671e-05 5.646212677490e-05 1.959901068025e-06
6.426263239135e-05 5.169374415348e-05 2.995511551537e-06
5.224273609736e-05 6.080829443260e-05 5.000000000000e-06
9.108011594044e-05 4.267365752362e-05 2.172210073904e-06
6.793021127810e-05 5.169374415348e-05 6.720673352135e-07
7.127374429748e-05 4.103014099088e-05 2.158485703857e-06
6.970703996492e-05 5.620440187632e-05 4.074679882915e-06
2.614058342754e-05 5.980067130819e-05 1.577940303443e-06
3.174470166679e-05 6.509468687292e-05 2.841568809392e-06
8.731360715145e-05 4.333045975810e-05 1.651136318038e-06
7.406127037520e-06 5.808932791951e-05 1.371449242306e-06
6.360643871049e-05 5.685840761100e-05 2.060877073596e-06
2.118822818637e-05 4.962142624605e-05 1.453732931089e-06
2.796233048351e-05 6.743689008255e-05 1.607279125623e-06
8.235289083023e-05 3.758999714658e-05 2.562501272125e-06
4.274082714761e-05 5.722560481731e-05 1.262833550920e-06
7.453646873624e-05 4.245261232648e-05 1.361420022984e-06
8.943002025310e-05 4.762974288350e-05 3.051351725471e-06
3.708592222054e-05 7.083590313344e-05 5.000000000000e-06
2.208962657372e-05 6.758967413555e-05 4.267411914168e-06
3.255187650630e-06 5.978685852654e-05 3.113180949297e-06
5.997295546411e-05 5.685840761435e-05 1.572606172784e-06
8.352428501785e-05 4.794473649854e-05 2.862777935466e-06
1.445892896616e-05 7.087285390830e-05 4.039622256181e-06
5.921252171907e-05 6.401352608947e-05 2.670456344887e-06
8.646964097058e-05 5.358730049812e-05 3.502255464105e-06
6.547170779003e-05 6.082698691439e-05 2.194796256753e-06
-7.790890768004e-07 6.167651193732e-05 1.341724069483e-06
9.922091092320e-05 6.167651193732e-05 1.341724069483e-06
6.966975647425e-05 6.267989138665e-05 2.393980022218e-06
5.493037001480e-05 7.007408207501e-05 4.647704769337e-06
1.973957756329e-05 7.325767378497e-05 1.730766557503e-06
7.798234932918e-05 4.317470413497e-05 2.159305703437e-06
3.063003923698e-05 7.083609356667e-05 1.455882994850e-06
9.491701132167e-05 6.167651193732e-05 2.962175532044e-06
7.824929377231e-05 4.773842265775e-05 2.412213310068e-06
3.190088548488e-05 7.417445044208e-05 1.166887716652e-06
4.478301114196e-05 7.083609356371e-05 2.696901576032e-06
2.709330385749e-05 7.160785227666e-05 2.149798080266e-06
7.481821061490e-05 6.467331550683e-05 3.126918433764e-06
4.245558365083e-05 7.425545553081e-05 1.366050809050e-06
2.836524699101e-05 7.672462511931e-05 3.121224798089e-06
4.883320927043e-05 7.409556495356e-05 2.501969322645e-06
7.083612638616e-05 6.597609682611e-05 1.062858883776e-06
6.077663067691e-05 7.283291172574e-05 1.816806517401e-06
7.826678397490e-06 7.156868825494e-05 2.629030916694e-06
8.030842761869e-05 5.135228115539e-05 1.747114212298e-06
4.054685795739e-05 7.762535821333e-05 2.506865930123e-06
8.857643750965e-05 6.399984022555e-05 3.790655770497e-06
6.387947934148e-05 7.283263623494e-05 1.286042212172e-06
5.842193745760e-05 7.567433304947e-05 1.873485520077e-06
6.633426362369e-05 6.442616637441e-05 1.370988621620e-06
9.440960626311e-05 6.807210979603e-05 3.323361179228e-06
5.343019390991e-05 7.774190004003e-05 3.165487514863e-06
8.006355723362e-05 6.484567000236e-05 2.121259080639e-06
5.860649655102e-05 8.007238383552e-05 2.511243760314e-06
6.839239818542e-05 6.607253324833e-05 1.231163147321e-06
2.206211776193e-05 7.768849660058e-05 3.255176306851e-06
3.475886733458e-05 7.958659135043e-05 3.604377151642e-06
1.722913917908e-05 7.606324090720e-05 1.843760175744e-06
1.108896564839e-06 6.524772311951e-05 2.697835199904e-06
1.011088965648e-04 6.524772311951e-05 2.697835199904e-06
4.851927007535e-05 7.840975417678e-05 1.790642803557e-06
2.987870374593e-05 8.109302221915e-05 1.486907386793e-06
5.613324588517e-06 6.551165840757e-05 1.814318793122e-06
8.895923364552e-05 7.061936156676e-05 2.692871300824e-06
8.353352297271e-05 6.746514260216e-05 2.226418337423e-06
6.781237116860e-05 7.045322842348e-05 3.187764500640e-06
1.039556137130e-05 7.548874829755e-05 2.053775589816e-06
7.823037720688e-05 6.994267048805e-05 3.150738993139e-06
2.477101907902e-05 8.548655619693e-05 5.000000000000e-06
1.896724301482e-05 8.563070004185e-05 8.055681918617e-07
4.502396020206e-05 7.595952419564e-05 1.715679226813e-06
9.319419640754e-05 7.405834482422e-05 2.762540273091e-06
8.357257925597e-05 7.389295505394e-05 3.493346413057e-06
8.831045184072e-05 7.459720100445e-05 1.296580411867e-06
-1.565694038195e-06 7.654405213554e-05 3.037243255480e-06
9.843430596181e-05 7.654405213554e-05 3.037243255480e-06
9.262318286179e-05 8.125521340428e-05 4.443678625118e-06
8.716909141347e-05 7.660384929002e-05 1.010412823203e-06
9.794587300900e-05 8.250917723245e-05 1.024726598123e-06
8.654722832368e-05 8.125521340428e-05 1.632275912994e-06
4.467931390101e-05 8.118327098909e-05 2.946201891164e-06
1.646030696976e-05 9.104821448904e-05 5.000000000000e-06
5.028468913786e-05 8.298149252475e-05 2.940551290095e-06
9.427505758064e-06 9.112267519048e-05 2.026384656683e-06
2.293920195693e-05 9.181302713754e-05 1.464745698643e-06
2.221915108382e-05 9.548517454876e-05 2.244894580254e-06
7.281273010304e-05 6.926634304509e-05 1.884853114367e-06
3.964585484029e-05 8.425946713578e-05 2.952846594182e-06
3.896978938455e-06 7.654405213554e-05 2.425429721169e-06
4.488516890832e-05 8.772911361764e-05 3.331172810238e-06
7.884013580117e-05 7.550122933200e-05 1.504910003573e-06
5.484082590612e-05 8.449816110230e-05 1.861394525075e-06
4.997825695868e-05 8.785789389333e-05 1.763545168472e-06
3.472142364864e-05 8.526380710489e-05 2.072968446241e-06
7.286963078935e-05 7.594609015349e-05 4.278653975216e-06
6.733547412444e-05 7.786018995991e-05 1.577169456269e-06
8.063845722665e-05 7.711909164848e-05 8.675055002222e-07
7.633571843628e-06 7.794035001194e-05 1.563526821413e-06
7.845762098168e-05 8.020952727491e-05 2.750039393961e-06
8.117826493249e-05 8.166884694899e-05 3.372761743353e-07
8.760257824846e-05 8.402067486414e-05 1.288183879279e-06
5.882387237867e-05 8.480857335908e-05 2.133730317506e-06
-2.264637343189e-06 8.669942852333e-05 3.024511284031e-06
9.773536265681e-05 8.669942852333e-05 3.024511284031e-06
5.347654702209e-05 8.783915242533e-05 1.734796678381e-06
7.340485959743e-05 8.358557967117e-05 3.326812372251e-06
8.352071341794e-05 8.567416297999e-05 3.115864649505e-06
8.932753943513e-05 8.591436502638e-05 1.263243437902e-06
5.743421304173e-05 8.951860396740e-05 2.564469155569e-06
1.001396165756e-05 9.610290111439e-05 2.988252076804e-06
6.620400798203e-05 8.695046326021e-05 4.621439357197e-06
3.188588448229e-05 8.993365943562e-05 3.390361622822e-06
5.307543011211e-05 9.207221984442e-05 2.471560142697e-06
4.813028135833e-05 9.241339344453e-05 2.367356876252e-06
5.387185856795e-06 8.042126584680e-05 1.728303879123e-06
2.066113815102e-06 8.255327883062e-05 2.218213429760e-06
1.020661138151e-04 8.255327883062e-05 2.218213429760e-06
2.618549153474e-06 9.308296023414e-05 5.000000000000e-06
1.026185491535e-04 9.308296023414e-05 5.000000000000e-06
7.812380576749e-05 8.914460903347e-05 3.300568004052e-06
6.118998772122e-06 -9.295358175693e-07 1.907124392328e-06
6.118998772122e-06 9.907046418243e-05 1.907124392328e-06
8.763772137262e-05 8.897780811600e-05 2.162755026471e-06
7.244830975159e-05 9.102220354420e-05 2.677443050902e-06
8.391397940446e-05 9.044778077684e-05 1.673925012534e-06
8.612687614124e-05 9.146428132624e-05 7.467470509303e-07
6.155334573062e-05 9.237288448452e-05 2.446935509090e-06
8.147362835892e-05 9.365535384497e-05 2.317984313816e-06
6.887749227191e-05 9.202231409572e-05 1.030785446439e-06
6.530497174448e-05 9.264535892288e-05 1.143983677162e-06
6.998934283253e-05 9.435552734404e-05 1.464726171089e-06
7.599065023371e-05 9.341678290366e-05 1.474557345969e-06
8.541388287893e-05 9.461041549450e-05 1.736365009672e-06
8.957928746610e-05 9.461041549450e-05 2.429039577492e-06
9.331726042539e-05 8.696580017254e-05 1.308933381796e-06
8.681652373556e-05 9.750057966346e-05 1.476180755941e-06
6.648448110572e-05 9.592634507782e-05 2.342578022021e-06
5.729809524568e-05 9.511688880196e-05 2.608858123610e-06
4.135940660977e-05 -4.682614571424e-06 5.000000000000e-06
4.135940660977e-05 9.531738542858e-05 5.000000000000e-06
5.346265442010e-05 9.585637739780e-05 1.297220435498e-06
9.445524383958e-05 8.945679186491e-05 1.260606223417e-06
3.143905973130e-05 -1.687905846520e-06 5.000000000000e-06
3.143905973130e-05 9.831209415348e-05 5.000000000000e-06
2.531042755406e-05 -1.117062141375e-06 1.155162895563e-06
2.531042755406e-05 9.888293785862e-05 1.155162895563e-06
6.260126087725e-05 9.720812694258e-05 1.746720706573e-06
9.499401121848e-05 9.332284437527e-05 2.628310696409e-06
8.262401060170e-05 -1.264249337613e-06 2.891028176753e-06
8.262401060170e-05 9.873575066239e-05 2.891028176753e-06
7.820594177751e-05 9.466130698552e-05 1.066378862272e-06
9.726789980682e-05 9.733212118961e-05 1.832628877884e-06
1.884765625000e-05 5.791015625000e-05 2.515447124747e-06
9.638671875000e-05 5.302734375000e-05 1.306663345464e-06
7.919921875000e-05 5.791015625000e-05 2.854235495921e-06
1.279296875000e-05 8.193359375000e-05 2.003470575904e-06
1.298828125000e-05 6.240234375000e-05 1.956424070849e-06
7.119140625000e-05 4.775390625000e-05 7.969457587743e-07
4.072265625000e-05 2.685546875000e-05 1.952607961555e-06
-1.074218750000e-06 4.833984375000e-05 1.427917030641e-06
9.892578125000e-05 4.833984375000e-05 1.427917030641e-06
7.910156250000e-06 8.544921875000e-05 3.823100299286e-06
4.423828125000e-05 6.455078125000e-05 3.236314213344e-06
6.748046875000e-05 4.541015625000e-05 2.918726511377e-06
4.775390625000e-05 3.447265625000e-05 1.322363969281e-06
-2.441406250000e-06 3.134765625000e-05 3.263320720576e-06
9.755859375000e-05 3.134765625000e-05 3.263320720576e-06
1.855468750000e-06 7.119140625000e-05 2.364139519405e-06
1.018554687500e-04 7.119140625000e-05 2.364139519405e-06
7.353515625000e-05 9.755859375000e-05 2.377563180656e-06
9.287109375000e-05 5.576171875000e-05 1.987245876324e-06
4.091796875000e-05 2.177734375000e-05 2.176700791622e-06
