# 2D packing, generated 2026-09-30T17:09:46.976296+00:00
# generator = preprocess/generate_packing_gravity.py
# periodic axes = xy
# porosity_achieved = 0.325304  (target 0.325000)
# 284 distinct grains; 312 rows including 28 periodic edge images.
# Centres span [-R, L+R]: a grain need only be PARTLY inside.
# Do NOT drop the out-of-box rows -- they carry the conduction
# paths that cross the domain edge, and k_eff depends on them.
# header row is 'Lx Ly'; grain rows are 'x y r', all in metres
2.000000000000e-03 2.000000000000e-03
9.669163042300e-04 6.557297129904e-05 1.000000000000e-04
9.669163042300e-04 2.065572971299e-03 1.000000000000e-04
3.759055680304e-04 8.187905075790e-05 9.247324586745e-05
3.759055680304e-04 2.081879050758e-03 9.247324586745e-05
8.093344393866e-04 1.124053317840e-04 6.439389964294e-05
5.344417960034e-04 4.958116928776e-05 6.650015478451e-05
5.344417960034e-04 2.049581169288e-03 6.650015478451e-05
4.820776236387e-04 1.180369652048e-04 1.968706283031e-05
2.661627676599e-04 9.682286123808e-06 2.204700249760e-05
2.661627676599e-04 2.009682286124e-03 2.204700249760e-05
1.341341921466e-03 3.988030771546e-05 3.446577014030e-05
6.450471333920e-04 1.930520101149e-05 4.817424867870e-05
6.450471333920e-04 2.019305201011e-03 4.817424867870e-05
1.575786695627e-03 3.090663860771e-05 5.392853888583e-05
1.575786695627e-03 2.030906638608e-03 5.392853888583e-05
7.098909031745e-04 7.955019898061e-05 4.033679510974e-05
7.303152079439e-04 1.472714721381e-04 2.169940680157e-05
2.374229238583e-04 5.748918905615e-05 3.373364467983e-05
1.393164000504e-03 7.044964048560e-05 2.570076664212e-05
4.773877186271e-04 1.750412488810e-04 3.751000835720e-05
1.134135532385e-03 2.180167986184e-05 4.318368264798e-05
1.134135532385e-03 2.021801679862e-03 4.318368264798e-05
5.678338684674e-04 1.620577655800e-04 4.830863823678e-05
1.493836177947e-03 7.370107250572e-05 3.852282550534e-05
1.434081814247e-03 1.110613013979e-04 3.194968473582e-05
1.653308526339e-04 8.717042509921e-05 4.278675364470e-05
2.432854658599e-04 1.457577442695e-04 5.472942206082e-05
5.213145283021e-04 2.393250926991e-04 4.034883911456e-05
1.224108808834e-03 -3.614909605597e-06 5.031099592168e-05
1.224108808834e-03 1.996385090394e-03 5.031099592168e-05
1.359264615549e-03 1.529865487471e-04 5.381362736954e-05
1.268395625382e-03 9.238352508578e-05 5.541053889810e-05
6.495848707113e-04 1.270078128696e-04 3.640336956558e-05
6.584970934490e-04 2.251601575595e-04 6.215284400688e-05
5.815993634551e-04 2.969508786110e-04 4.304789232217e-05
1.273797967949e-03 1.959635831627e-04 4.162424410932e-05
3.995291096436e-04 2.306657582762e-04 5.817730969998e-05
1.905535179969e-03 2.977188911188e-05 4.674780076176e-05
1.905535179969e-03 2.029771889112e-03 4.674780076176e-05
1.781416965292e-03 6.162987286466e-05 6.369793730851e-05
1.781416965292e-03 2.061629872865e-03 6.369793730851e-05
1.676517967027e-04 1.683272916018e-04 2.419992370444e-05
1.135825674217e-03 1.570762294296e-04 9.210202223092e-05
-1.042593152754e-05 6.856757273787e-05 4.581374578761e-05
1.989574068472e-03 6.856757273787e-05 4.581374578761e-05
2.123362651873e-04 2.832480642011e-04 8.620135183489e-05
9.415204402278e-04 2.078345828651e-04 4.451070062338e-05
7.253720699510e-05 6.685276963734e-05 3.716711299420e-05
8.892939187211e-05 3.211984513079e-04 4.116316354763e-05
1.323663214585e-03 2.047474251632e-04 9.008739058102e-06
1.220178064335e-03 2.651742545954e-04 4.501297670774e-05
8.583888795648e-04 2.031412024700e-04 3.875338920754e-05
1.903639776784e-03 1.387323444359e-04 6.222914030313e-05
1.791036505262e-03 1.819105366440e-04 5.696677873083e-05
7.803212080228e-04 2.822329724239e-04 7.237767169410e-05
8.939971572934e-04 2.719026910264e-04 3.463032697722e-05
1.873167244970e-03 2.383990524815e-04 4.199191372886e-05
4.790724716545e-04 3.230116522815e-04 5.339462266390e-05
6.876385159597e-04 3.110562384772e-04 2.452217522034e-05
1.495513699716e-03 1.625959447439e-04 4.823570356068e-05
1.426811666089e-03 2.193095416054e-04 4.085078191830e-05
1.021136104806e-03 2.278504737126e-04 3.758254351424e-05
1.468960402890e-04 4.369936944721e-04 8.089201329704e-05
1.943768005494e-03 2.349283445096e-04 2.869410483601e-05
8.811798255301e-04 3.797196234435e-04 6.786065311945e-05
3.448967052647e-04 3.284867553672e-04 5.386583002432e-05
1.775474621269e-03 3.302403078964e-04 9.209263103084e-05
7.727309604424e-04 3.961898151265e-04 4.183193050363e-05
1.624278396858e-03 3.788235187010e-04 6.671740255676e-05
-5.523636426851e-05 3.428883989084e-04 7.759341179468e-05
1.944763635731e-03 3.428883989084e-04 7.759341179468e-05
5.718009809154e-04 4.114365156610e-04 7.185646864912e-05
4.327692225305e-04 4.368214959268e-04 6.947390990938e-05
7.016819481964e-04 5.053778622441e-04 8.843738727518e-05
1.349590469077e-05 4.547330445547e-04 5.368244410543e-05
2.013495904691e-03 4.547330445547e-04 5.368244410543e-05
9.569354567016e-04 2.745481552022e-04 2.396068157261e-05
1.711307810153e-03 4.545518554917e-04 4.780283205856e-05
1.106177875104e-03 3.089443183801e-04 6.263349175257e-05
7.551879814008e-05 5.354317651184e-04 4.070074332615e-05
-5.163980439612e-05 5.956593077263e-04 1.000000000000e-04
1.948360195604e-03 5.956593077263e-04 1.000000000000e-04
1.019000628886e-03 4.145253738006e-04 7.428736095647e-05
1.643634377494e-03 4.642298694698e-04 2.055912705470e-05
5.114362177340e-04 4.805271560316e-04 1.989005567464e-05
5.700139824190e-04 5.367210062722e-04 4.689234091634e-05
1.478769644066e-04 5.512471505611e-04 3.336565817626e-05
1.570847905640e-03 1.865721344719e-04 3.082187405795e-05
1.512390239487e-03 3.781794687554e-04 4.517260862155e-05
3.462848309177e-04 4.658936643403e-04 2.176623677897e-05
2.726638953528e-04 4.915237474691e-04 5.618860106206e-05
8.618483158692e-04 5.189624983458e-04 7.230405389952e-05
1.654659053232e-03 5.316454556655e-04 4.774698047929e-05
1.521062577161e-03 5.358709112224e-04 8.591630138181e-05
4.731786610981e-04 5.502139077294e-04 5.087850811275e-05
5.341905710271e-04 5.980965613676e-04 2.414541162395e-05
1.170520680692e-03 4.272886982635e-04 7.207159801792e-05
1.619135258028e-03 6.202824105086e-04 4.322765269078e-05
1.517470757253e-03 7.217525096806e-04 1.000000000000e-04
1.275785377205e-03 4.435264496763e-04 3.443815625598e-05
1.027859951546e-04 6.182256927599e-04 4.646773276054e-05
1.862978316595e-03 4.224200845607e-04 3.500578725345e-05
7.865495511204e-04 5.731404683891e-04 2.014082944398e-05
3.727955634645e-04 5.006411493030e-04 1.810343847239e-05
9.859482748559e-04 5.376479936975e-04 5.319474682302e-05
6.913032489603e-05 7.303506335304e-04 7.059940024566e-05
2.069130324896e-03 7.303506335304e-04 7.059940024566e-05
5.888636283282e-04 6.148503117896e-04 3.298864616147e-05
1.819176410589e-03 5.955718836685e-04 2.918383568247e-05
2.083700862532e-04 6.212583243526e-04 5.915992787015e-05
9.285971612321e-04 6.300424521432e-04 5.555224708159e-05
1.800439057162e-03 7.302672691524e-04 1.000000000000e-04
1.960043919534e-03 7.461162254004e-04 3.962037094849e-05
6.897397914825e-04 6.740655244526e-04 8.067297441666e-05
3.640423906210e-04 6.543944946599e-04 1.000000000000e-04
5.328952426534e-04 7.424087455880e-04 9.041482417333e-05
2.449674495899e-04 6.941911335862e-04 2.244008305084e-05
6.792367441045e-04 8.397097411831e-04 8.530437362987e-05
2.496724651862e-04 8.184661716228e-04 1.000000000000e-04
9.850127182622e-05 8.559015645417e-04 5.573681259805e-05
4.292093187552e-04 8.844817724148e-04 8.547026076628e-05
1.238661856848e-03 5.263776656693e-04 4.818598687454e-05
1.350500590626e-03 5.276797148389e-04 6.366036080276e-05
1.272186609423e-03 6.230031769842e-04 5.409020878523e-05
1.598283077771e-04 9.174413605731e-04 3.086066528638e-05
1.694219513724e-03 6.202824105086e-04 3.185660300515e-05
1.367037957535e-03 6.311611793250e-04 4.111135247291e-05
1.093476156146e-03 5.280397886757e-04 5.476157405008e-05
5.440109577331e-04 8.854576383636e-04 2.923173226334e-05
8.527173876404e-04 8.376438133499e-04 8.616081041709e-05
1.138289516936e-03 6.603181587371e-04 8.490163338499e-05
1.239721872960e-03 6.906911149828e-04 2.098057718415e-05
1.657727390237e-03 7.668037426691e-04 4.731443473530e-05
1.006609875367e-03 7.091212893633e-04 5.553082788735e-05
1.385553689568e-03 7.031515851104e-04 3.322203116863e-05
1.710284796364e-03 8.335971433683e-04 3.713082340095e-05
7.624805929407e-04 9.892629086939e-04 8.585590108961e-05
1.088354563810e-03 8.069265231256e-04 6.997740022292e-05
9.676065027300e-04 7.930982674923e-04 3.706181362011e-05
5.943758737021e-04 9.228466344525e-04 3.349436308923e-05
1.602282231542e-03 8.609783741809e-04 6.075253547092e-05
1.694317636730e-03 9.133618995028e-04 4.421639361069e-05
1.220422642492e-03 8.469922375129e-04 6.803433597220e-05
2.266593883398e-04 9.723401828742e-04 5.558541101086e-05
1.400187002852e-03 7.589237705690e-04 2.303325886946e-05
3.570199888443e-04 1.052624111956e-03 9.751394847066e-05
9.911995544919e-04 9.021793296899e-04 6.608212465486e-05
8.951603356696e-04 9.577390743456e-04 4.121373790977e-05
1.112505199047e-03 9.354057025516e-04 5.922725597341e-05
1.206739896594e-04 9.964408026173e-04 5.310566644925e-05
1.405519696796e-03 8.627684088760e-04 8.005144835727e-05
1.630468353511e-03 9.503964547073e-04 2.959614578896e-05
1.555156756184e-03 9.586385335606e-04 4.616511995911e-05
5.036279154071e-04 1.053633908609e-03 4.909746525114e-05
6.474570369061e-04 1.003550274547e-03 2.981344237488e-05
1.867821363592e-04 1.123991702618e-03 8.595422058734e-05
3.259308870127e-04 1.247675676448e-03 1.000000000000e-04
9.712816117113e-04 1.036468638283e-03 6.829169901266e-05
1.618472249705e-03 1.025056795878e-03 4.488649093213e-05
1.780432427500e-03 8.606433516783e-04 3.190220452199e-05
1.542197623926e-03 1.041468989560e-03 3.313388229999e-05
1.298011656382e-03 9.287410484917e-04 4.467291083405e-05
1.550067319691e-04 1.313175474034e-03 7.442749045839e-05
8.531301193122e-04 1.133409964978e-03 8.442585757150e-05
1.219985641516e-03 1.018660644698e-03 7.437999121696e-05
1.700555375771e-06 7.915465029473e-04 2.045943025121e-05
2.001700555376e-03 7.915465029473e-04 2.045943025121e-05
1.025552857409e-03 1.198856087554e-03 1.000000000000e-04
1.361913595810e-03 9.615966907030e-04 2.718076851159e-05
1.912724958249e-03 8.093135993143e-04 3.631042209849e-05
1.334747077062e-03 1.055842414154e-03 4.620229359498e-05
1.862411572637e-03 8.321885108326e-04 1.895890346902e-05
8.921334305538e-04 1.252792346683e-03 4.116672895918e-05
9.467727294868e-04 1.344449480607e-03 6.554110136981e-05
1.154033006698e-03 1.201765262034e-03 2.851344186493e-05
1.270131465389e-03 1.132652571045e-03 5.015420525243e-05
6.684076994612e-04 1.076099009052e-03 4.216839152418e-05
5.817284920934e-04 1.112931041908e-03 4.896297972190e-05
1.797735218925e-03 9.612549816766e-04 6.975266135628e-05
1.685553528663e-03 1.025056795878e-03 2.219478802620e-05
1.894014582085e-03 8.764856185988e-04 3.341875652117e-05
2.694400799571e-04 1.422921007213e-03 8.412567740270e-05
1.220450451122e-03 1.205484019173e-03 3.800831996479e-05
1.146643625785e-03 1.267505311267e-03 3.764059933653e-05
4.335246042492e-04 1.450101835133e-03 7.739334157238e-05
1.092884116993e-03 1.339464591278e-03 5.218270706934e-05
3.359626816766e-04 1.568912544039e-03 7.630793801993e-05
5.479247781788e-04 1.459545688798e-03 3.735235397001e-05
1.342790975477e-04 1.440242484929e-03 5.214085942166e-05
2.282421361219e-04 1.586787410674e-03 3.121345998865e-05
1.914191274648e-03 9.605138502108e-04 4.670575773004e-05
7.408340888181e-04 1.133377601877e-03 2.787024807262e-05
1.297787414828e-03 1.222158732389e-03 4.110603742572e-05
4.681188616369e-04 1.579187713919e-03 5.624772474439e-05
1.747199512700e-03 1.065391552795e-03 4.599829241174e-05
8.278458737196e-06 1.009785872907e-03 5.950220299227e-05
2.008278458737e-03 1.009785872907e-03 5.950220299227e-05
5.828344607366e-04 1.584459799850e-03 5.858966541952e-05
4.757585924452e-05 1.450435150045e-03 3.515951536290e-05
1.668351417298e-03 1.061291655999e-03 1.676491982006e-05
7.909020373537e-05 1.582020548676e-03 1.000000000000e-04
2.079090203735e-03 1.582020548676e-03 1.000000000000e-04
1.584501802440e-03 1.111099188566e-03 4.761910147648e-05
1.672060408505e-03 1.138691617776e-03 4.418422986653e-05
1.391996743912e-03 1.227515733199e-03 5.325557012367e-05
4.156270063757e-04 1.726354068156e-03 1.000000000000e-04
1.041639176676e-03 1.453521991011e-03 7.285786263578e-05
1.918627232873e-03 1.043833630510e-03 3.610116594168e-05
5.290708839273e-04 1.663206675951e-03 2.969732397909e-05
6.895017593478e-04 1.144326562928e-03 2.461681229156e-05
8.008297826594e-04 1.261056790273e-03 5.051022968400e-05
1.241504763607e-03 1.317632565687e-03 6.965048831916e-05
1.764143316255e-03 1.168719402158e-03 5.267096996624e-05
1.998089917596e-04 1.648884745481e-03 3.656781306536e-05
5.426158584393e-04 1.736071093401e-03 2.736013055204e-05
1.167729701084e-03 1.407582990074e-03 4.665696454111e-05
1.422900559823e-04 1.754512039955e-03 8.370503143695e-05
1.243304917497e-03 1.418032759395e-03 2.963727518055e-05
1.358100386432e-03 1.319529815464e-03 4.468506476106e-05
7.210370244940e-04 1.600334151885e-03 8.052231653403e-05
1.613200391601e-03 1.189148878391e-03 3.334277664586e-05
6.197314878861e-04 1.696637405904e-03 5.925309908228e-05
1.168101773185e-03 1.533663158422e-03 7.685993095093e-05
1.456777489748e-03 1.319529815464e-03 5.399203855491e-05
1.683099696451e-03 1.235354458684e-03 5.044784615118e-05
1.877112402776e-03 1.168811583159e-03 6.029815416377e-05
9.201152158088e-04 1.455518204780e-03 4.868259975586e-05
2.683420481182e-04 1.653687950622e-03 3.213349032244e-05
2.548939828798e-04 1.718857126413e-03 3.440927561764e-05
1.950120777244e-03 1.588458889261e-03 2.913003858260e-05
-5.786207269477e-05 1.692372803487e-03 7.496571082121e-05
1.942137927305e-03 1.692372803487e-03 7.496571082121e-05
1.756812389489e-03 1.246338362865e-03 2.407870794886e-05
8.774407425735e-04 1.574753599037e-03 7.796026719570e-05
2.833062998172e-04 1.772130472844e-03 2.596757906576e-05
3.182892543694e-04 1.834161376664e-03 4.524831684373e-05
8.040166285816e-04 1.678273593908e-03 3.332049314959e-05
2.377586097436e-04 1.826193630990e-03 3.564865797133e-05
1.282701237102e-03 1.548693144122e-03 3.872099751767e-05
1.816463941493e-03 1.240873823583e-03 3.388890625794e-05
1.002289849127e-03 1.599574432550e-03 3.809749562585e-05
7.263461480788e-04 1.721261109960e-03 4.009096306377e-05
1.782883220953e-03 1.305286392676e-03 3.875160481597e-05
9.616165457765e-04 1.731546375116e-03 1.000000000000e-04
6.674264303472e-04 1.800666769634e-03 5.518868636586e-05
1.508661770435e-03 1.111099188566e-03 2.822093052840e-05
1.873015329536e-05 1.781900113706e-03 4.285410947554e-05
2.018730153295e-03 1.781900113706e-03 4.285410947554e-05
1.530179862429e-03 1.165728026785e-03 2.942103826676e-05
1.397013714028e-03 1.397738446672e-03 4.266959773642e-05
7.707992480717e-04 1.855574914464e-03 6.186194314860e-05
5.760004667524e-04 1.790821514195e-03 3.676586145539e-05
1.324180771027e-03 1.412938729990e-03 3.173259443021e-05
6.005698893365e-04 1.859594728362e-03 3.146897934021e-05
1.548406836601e-03 1.328695658550e-03 3.809460479859e-05
8.694862022313e-04 1.835438861585e-03 3.885841353042e-05
1.085747314873e-03 1.767265142935e-03 2.916773956448e-05
1.673103225219e-03 1.388461594301e-03 9.897915292768e-05
5.126216916915e-04 1.821785384411e-03 3.377230001942e-05
1.952417328033e-03 1.791556385707e-03 2.415826884590e-05
2.217110204276e-04 1.929895186873e-03 6.928721941951e-05
6.690889708610e-05 1.838302381415e-03 2.900322387972e-05
6.685307539920e-04 1.916567393474e-03 5.721344034792e-05
8.175323818628e-04 -2.803271011709e-05 6.352578000707e-05
8.175323818628e-04 1.971967289883e-03 6.352578000707e-05
1.865631022967e-03 1.819828347421e-03 6.711708059774e-05
1.084043387895e-03 1.830331052480e-03 3.392120382235e-05
4.471590834757e-04 1.871222876629e-03 4.826074766459e-05
7.347330655129e-04 1.972637619403e-03 1.802603074068e-05
1.763486111450e-03 1.854008931887e-03 4.059507810060e-05
1.203118888170e-04 1.863801039068e-03 2.540129627566e-05
1.473090587307e-03 1.419069429004e-03 3.634117023350e-05
1.185443860916e-03 1.753736584038e-03 7.144258945461e-05
1.967942583318e-03 1.843109225601e-03 2.846060297997e-05
3.574891516044e-04 1.931157331118e-03 5.936974525938e-05
1.360317782570e-03 1.468274463309e-03 3.435769975309e-05
1.103928877261e-04 -3.204465609330e-05 4.835759556345e-05
1.103928877261e-04 1.967955343907e-03 4.835759556345e-05
9.265406463281e-04 1.913224301997e-03 5.760811673992e-05
1.388893068165e-03 1.572236323350e-03 7.004938452585e-05
1.332233969952e-03 1.773567421142e-03 7.668105168214e-05
1.014825794234e-03 1.864516643122e-03 4.322204148027e-05
4.579853304934e-04 -3.420613232954e-05 4.692794920540e-05
4.579853304934e-04 1.965793867670e-03 4.692794920540e-05
1.934179933200e-03 1.878954053246e-03 2.078133385734e-05
-5.092890730668e-06 1.923506199961e-03 5.321734863308e-05
1.994907109269e-03 1.923506199961e-03 5.321734863308e-05
1.893919207143e-03 1.935280742840e-03 4.845465669452e-05
1.475598893461e-03 1.572161384936e-03 1.665648915076e-05
1.549093334897e-03 1.493162787141e-03 6.331931496420e-05
1.791803745115e-03 1.944329923635e-03 5.406098344184e-05
1.813381975844e-03 1.438146902301e-03 4.983871464125e-05
1.665392838592e-03 -5.810406780133e-05 7.237336121646e-05
1.665392838592e-03 1.941895932199e-03 7.237336121646e-05
1.554825460270e-03 1.941973520641e-03 3.613327169049e-05
1.068652192411e-03 -5.239553393065e-05 5.577808434049e-05
1.068652192411e-03 1.947604466069e-03 5.577808434049e-05
1.484949059854e-03 1.631749947529e-03 4.294897086915e-05
1.441989081330e-03 1.772756452211e-03 3.307708122980e-05
1.176002341221e-03 1.890810871240e-03 6.566974358144e-05
1.443174564367e-03 1.889365853595e-03 8.202470913567e-05
1.301630874238e-03 1.915293763102e-03 6.187420106731e-05
1.705078125000e-03 1.654296875000e-03 7.696645501644e-05
6.152343750000e-04 1.298828125000e-03 3.157526083224e-05
1.947265625000e-03 1.333984375000e-03 3.624368491709e-05
7.167968750000e-04 1.404296875000e-03 3.942946285305e-05
1.361328125000e-03 3.417968750000e-04 5.264130598429e-05
1.591796875000e-03 1.787109375000e-03 1.451242685235e-05
2.539062500000e-05 1.205078125000e-03 9.285050253129e-05
2.025390625000e-03 1.205078125000e-03 9.285050253129e-05
5.664062500000e-05 1.933593750000e-04 8.243753486716e-05
2.056640625000e-03 1.933593750000e-04 8.243753486716e-05
