# 2D packing, generated 2026-09-18T18:12:54.931922+00:00
# generator = preprocess/generate_packing_gravity.py
# periodic axes = xy
# porosity_achieved = 0.324773  (target 0.325000)
# 797 distinct grains; 845 rows including 48 periodic edge images.
# Centres span [-R, L+R]: a grain need only be PARTLY inside.
# Do NOT drop the out-of-box rows -- they carry the conduction
# paths that cross the domain edge, and k_eff depends on them.
# header row is 'Lx Ly'; grain rows are 'x y r', all in metres
3.200000000000e-03 3.200000000000e-03
3.026372006245e-03 2.100153681464e-05 4.909928655159e-05
3.026372006245e-03 3.221001536815e-03 4.909928655159e-05
2.903785399802e-03 1.058727369930e-04 1.000000000000e-04
3.105861950463e-03 1.021672274144e-04 6.450758196043e-05
1.594205450236e-03 2.470570995872e-05 5.010982334830e-05
1.594205450236e-03 3.224705709959e-03 5.010982334830e-05
1.326565503131e-03 5.158124764354e-05 3.802559871205e-05
4.627724740290e-05 9.062231559278e-05 6.427333953249e-05
3.246277247403e-03 9.062231559278e-05 6.427333953249e-05
3.032505585866e-03 2.193680479401e-04 6.905922990623e-05
8.256397377122e-04 3.019464172830e-05 3.530797746519e-05
8.256397377122e-04 3.230194641728e-03 3.530797746519e-05
-1.698933925933e-05 1.870040245321e-04 5.016240386095e-05
3.183010660741e-03 1.870040245321e-04 5.016240386095e-05
1.265800067354e-03 9.853697039848e-05 3.876814766604e-05
1.386158018394e-03 1.192114000206e-04 5.211380120233e-05
7.176041214746e-04 4.499926174307e-05 5.343616675570e-05
7.176041214746e-04 3.244999261743e-03 5.343616675570e-05
7.870926269328e-04 7.081960724002e-05 2.069441153311e-05
2.381594096551e-03 6.596853029573e-05 4.742509644536e-05
1.304668584645e-03 1.720967653579e-04 4.442923937778e-05
1.474563412931e-03 5.193962333660e-05 5.580185177686e-05
1.474563412931e-03 3.251939623337e-03 5.580185177686e-05
1.170989404236e-03 3.326873770868e-05 6.006710674666e-05
1.170989404236e-03 3.233268737709e-03 6.006710674666e-05
6.403078838405e-04 6.633526379942e-05 2.675069838876e-05
2.476969160545e-03 1.098756876182e-04 5.757129245446e-05
2.379837643575e-03 1.640798560264e-04 5.070195274157e-05
2.935204095123e-03 2.309102541375e-04 2.892445565174e-05
1.666271643794e-03 5.374814383861e-05 2.743509883019e-05
1.548636725636e-03 8.460904485585e-05 2.515583535362e-05
5.282098403336e-04 1.037411336767e-04 9.142362397682e-05
2.577430687011e-03 1.063661565418e-04 4.295151806287e-05
2.458072547278e-03 2.012653846397e-04 3.575158143672e-05
3.828296863427e-04 1.171780671893e-04 5.457617177374e-05
1.234693694852e-03 1.814920167967e-04 2.471411757170e-05
2.771753557897e-03 3.182598631760e-06 3.284519731493e-05
2.771753557897e-03 3.203182598632e-03 3.284519731493e-05
1.260069546994e-03 2.293292755613e-04 2.812856112898e-05
2.710787947748e-03 1.565945844041e-04 9.955130433549e-05
3.135330952427e-03 2.748965820921e-04 4.780168795286e-05
9.009075402848e-04 3.956790517330e-05 3.920057223014e-05
2.944712600361e-03 3.087963528898e-04 4.953990653774e-05
4.221756655707e-05 2.976917293372e-04 6.148859994837e-05
3.242217566557e-03 2.976917293372e-04 6.148859994837e-05
1.069966128049e-03 7.434974524232e-05 4.898953684807e-05
1.190612586643e-03 2.331090037469e-04 4.143116645095e-05
1.625079294914e-03 1.169218584451e-04 4.659026888744e-05
1.537663525965e-03 1.570735796028e-04 4.813482727491e-05
9.652960779017e-04 1.238823285437e-04 6.680897871746e-05
1.462082176614e-03 1.313754458134e-04 2.454341664563e-05
2.810068295075e-03 3.152368374504e-04 8.525834578312e-05
1.069158951856e-03 1.724008427534e-04 4.782758965156e-05
2.624366731653e-03 3.364614686433e-04 1.000000000000e-04
2.499466842027e-03 3.404174803077e-04 2.496252425145e-05
1.106938196866e-03 2.587581449136e-04 4.608615731342e-05
1.514899955445e-04 3.046725598859e-04 4.800658595700e-05
1.189934539739e-03 3.561128477407e-04 8.146376381314e-05
4.389922643636e-04 1.548067102756e-04 1.137457141939e-05
2.503570280146e-03 4.219625817058e-04 4.799399697145e-05
2.735217379130e-03 3.974242557508e-04 2.590563832675e-05
1.799912756164e-03 3.026610120922e-05 1.000000000000e-04
1.799912756164e-03 3.230266101209e-03 1.000000000000e-04
2.411281671535e-03 4.633906043137e-04 5.316660992747e-05
1.732668582909e-03 2.186224120189e-04 1.000000000000e-04
1.594650640110e-03 2.217328045721e-04 3.805304464011e-05
1.030067893835e-04 3.686134885321e-04 3.192031580650e-05
4.540776484226e-04 1.929612235682e-04 2.457554119279e-05
5.046584598010e-04 2.330134125961e-04 3.978844498280e-05
4.221603147646e-04 2.552263387209e-04 4.539345732486e-05
8.352835160391e-04 1.408370571141e-04 6.430444189481e-05
1.718622957348e-04 3.932522056212e-04 4.121071137025e-05
6.537828406894e-04 1.256629945382e-04 3.391188643976e-05
1.435373972112e-03 2.168103393662e-04 5.719208220799e-05
3.066930630393e-03 3.127812314383e-04 3.038942865530e-05
3.011411450354e-03 3.037637680975e-04 1.607700676847e-05
3.265288231069e-04 2.546688958152e-04 5.023965900792e-05
2.746777543057e-04 3.574244097422e-04 6.485694814587e-05
7.534113610362e-04 1.769966969313e-04 2.512664777596e-05
9.090351215100e-04 2.150995092617e-04 4.035792531698e-05
2.312130580993e-03 1.433232987121e-04 1.976967061642e-05
1.952422259435e-03 7.237541150547e-05 3.264506507845e-05
1.334762252311e-03 2.771496145577e-04 6.012610458370e-05
4.919095470703e-04 3.238181837054e-04 5.190692693983e-05
3.611404872318e-05 4.019664575825e-04 4.282631821567e-05
3.236114048723e-03 4.019664575825e-04 4.282631821567e-05
6.965256874184e-04 1.736854084259e-04 3.037732869071e-05
1.524259960993e-03 2.408426212860e-04 3.488555880975e-05
9.966134684260e-04 2.331752946515e-04 4.585752082541e-05
2.700888995445e-03 4.529201608744e-04 3.934950260952e-05
3.947525200635e-04 3.922165003022e-04 6.015447208787e-05
2.338113285270e-03 4.945320966808e-04 2.635323235309e-05
4.766835089302e-04 4.018639401611e-04 2.234255835874e-05
1.037671505957e-03 3.146702094490e-04 4.293088282943e-05
2.265408757984e-04 4.367457654686e-04 2.792794581188e-05
2.037741178487e-03 8.163202861591e-05 5.212339288904e-05
3.141913496865e-04 5.306338140936e-04 1.000000000000e-04
1.900438324577e-04 5.712859445435e-04 3.063384608975e-05
1.962533893828e-03 1.475986484060e-04 4.325475133109e-05
2.586794453353e-03 4.923676976261e-04 6.036966208990e-05
2.911210481938e-03 3.866709464850e-04 3.523535100969e-05
2.252758707371e-03 4.565513931343e-05 5.626177227396e-05
2.252758707371e-03 3.245655139313e-03 5.626177227396e-05
1.088767886389e-04 4.672675876094e-04 5.493865985748e-05
3.114104629760e-03 3.528577958627e-04 3.148643120208e-05
3.016617436549e-03 3.611717883037e-04 3.941790245150e-05
2.477434443617e-03 5.707026565491e-04 7.280088547656e-05
5.627667416553e-04 4.179976235071e-04 6.523950998128e-05
1.882992628685e-03 2.557682793599e-04 5.032357041009e-05
1.579179575987e-03 3.202015765885e-04 6.162371120988e-05
1.825042648078e-03 3.236115404581e-04 3.779509104544e-05
2.680991276723e-03 5.305361946923e-04 4.077644777575e-05
1.302230852551e-03 3.634393938412e-04 3.107126248353e-05
2.039923571309e-03 1.728535462557e-04 3.815146808498e-05
1.283528261972e-03 4.398724206587e-04 4.412929408558e-05
2.148412888817e-03 1.850846550595e-04 7.102514288027e-05
2.089558736635e-04 6.909381557482e-04 9.050374901904e-05
6.387040563143e-04 1.892151843859e-04 2.945486684931e-05
3.152135692978e-03 4.160460320135e-04 4.166511922917e-05
1.071124448412e-03 3.943811881855e-04 4.335732287288e-05
2.039197392921e-03 3.018985601652e-04 8.850793470698e-05
3.225020112118e-04 7.369475060930e-04 3.200986520932e-05
8.366371806477e-04 2.415411018359e-04 3.640870040963e-05
2.576121119637e-03 5.782506978050e-04 2.617402541468e-05
8.951667654894e-04 2.944371057657e-04 4.018265773415e-05
2.335647148600e-03 5.919645505298e-04 7.057172420527e-05
2.640787097360e-03 6.067158453822e-04 4.447973122088e-05
6.438782282603e-04 4.517997463813e-04 2.263344814617e-05
6.180108116629e-04 5.126157843205e-04 4.345523251886e-05
1.707684408811e-03 4.152603316509e-04 9.821913671029e-05
1.466855205482e-03 3.242757975085e-04 5.027445498657e-05
7.207964162330e-04 5.126157843205e-04 5.933037205128e-05
8.257483038794e-04 3.218260747973e-04 3.444360062731e-05
1.551220702627e-03 4.385331059173e-04 5.996599782363e-05
5.448715982657e-04 5.126157843205e-04 2.968398087836e-05
1.194235158107e-03 5.087914597637e-04 6.866739254112e-05
1.616002528288e-03 4.883302259314e-04 1.901286408188e-05
2.737539176703e-03 6.267946168048e-04 5.433384043664e-05
2.663285512989e-03 6.853293872917e-04 3.728940627518e-05
2.968772902234e-03 4.077224626589e-04 2.595827770437e-05
4.719938722304e-04 4.594013817409e-04 3.453014983332e-05
1.401521418538e-03 4.287604151920e-04 7.295516421608e-05
1.302847847567e-03 5.352217611999e-04 4.300895138095e-05
6.525036163131e-04 6.340457212337e-04 7.998630354656e-05
1.830783297485e-03 4.376262492229e-04 2.398393505292e-05
4.712085484951e-04 5.781309266786e-04 6.404382471040e-05
2.178922829926e-03 6.052863115988e-05 1.905726620728e-05
1.041032379073e-03 5.296223949593e-04 8.594508961418e-05
2.574069028550e-03 6.286056871053e-04 2.422276064007e-05
5.189273307678e-04 7.094881978944e-04 7.342227295677e-05
1.250598976531e-03 6.220104980156e-04 5.780565403530e-05
8.639678025489e-04 5.683097812104e-04 9.429211051291e-05
1.483387614489e-03 5.521916687839e-04 7.239568233903e-05
1.155411511689e-03 6.454647808807e-04 4.022881704360e-05
1.380431609571e-03 6.618083310634e-04 7.798971657147e-05
2.595696853619e-03 6.850211104608e-04 3.029996143619e-05
9.832519737116e-04 6.736800863343e-04 6.486697559867e-05
3.071682177110e-03 4.167103197290e-04 3.879113914172e-05
2.144565173285e-03 3.227690426344e-04 1.890689749726e-05
2.215459493658e-03 5.919598823621e-04 4.961593091888e-05
1.096087267745e-03 7.358443228708e-04 6.395924798832e-05
1.280394979309e-03 7.109959685264e-04 3.348563680268e-05
-9.524911676122e-05 5.515043882239e-04 1.000000000000e-04
3.104750883239e-03 5.515043882239e-04 1.000000000000e-04
1.909165579284e-03 3.703910544438e-04 5.845972952656e-05
2.862369136557e-04 8.141625057623e-04 5.329730608761e-05
3.146878464862e-05 5.499679809522e-04 2.672646202988e-05
2.855791622268e-03 6.407857263193e-04 6.474341197953e-05
2.128483011042e-03 5.965309390168e-04 3.748058505931e-05
1.331990463717e-03 8.065877210096e-04 7.467862703795e-05
1.004060790385e-03 7.670400312485e-04 3.078387994237e-05
7.761027270450e-04 6.788096742482e-04 4.688330467920e-05
1.655092073834e-03 5.491243722991e-04 4.540995419675e-05
8.713572024071e-04 7.291240702259e-04 6.001086549040e-05
1.585070898952e-03 5.926766702972e-04 3.705078103961e-05
2.136418293033e-03 3.739550643343e-04 3.250146606616e-05
2.776459601973e-03 7.301308082714e-04 5.449454969404e-05
3.932865251979e-04 6.391357979316e-04 3.427109624174e-05
4.034964161157e-04 7.477597166634e-04 4.818778092989e-05
1.882550430367e-03 4.576618660459e-04 3.152518120962e-05
2.259713219360e-03 6.793787961714e-04 4.521779154528e-05
1.429281289364e-03 8.302768822897e-04 2.510531099795e-05
2.693052289834e-03 7.509405297860e-04 3.146953715574e-05
6.468025581689e-04 8.076356570501e-04 8.777635458574e-05
4.696666440213e-04 8.256693882190e-04 5.277077060731e-05
9.411339650489e-04 8.098836686291e-04 4.534339907718e-05
1.793409631922e-03 5.939829188418e-04 1.000000000000e-04
2.709278782335e-05 6.161096752244e-04 3.835239332436e-05
3.227092787823e-03 6.161096752244e-04 3.835239332436e-05
2.337336169795e-03 6.985772853681e-04 3.466569408545e-05
8.577788276086e-04 8.292928951534e-04 4.024162888892e-05
7.787961526568e-04 9.451784055974e-04 1.000000000000e-04
2.997031541608e-03 7.043403758395e-04 8.698207325741e-05
2.290511509023e-03 7.651319183653e-04 4.589824773171e-05
2.505456692389e-03 7.090534399096e-04 6.308548476800e-05
1.999233350045e-03 4.351938859205e-04 5.038094447909e-05
2.868965983956e-03 7.455338031062e-04 3.928542128784e-05
2.920830846956e-03 8.150582009195e-04 4.742396336455e-05
1.204470613910e-03 6.947755383281e-04 2.834872534674e-05
2.826934265302e-03 7.882065898129e-04 2.061142419100e-05
9.390273975044e-04 9.486704791467e-04 6.026929338805e-05
8.899115484192e-04 1.048406259750e-03 5.090441107472e-05
8.681052866931e-05 6.909381557482e-04 3.164159597515e-05
9.977649149698e-04 1.050415884796e-03 5.696767646006e-05
1.205956964239e-03 7.781041034401e-04 5.375752762832e-05
5.444907532822e-04 8.877252042148e-04 4.215455391651e-05
2.410045963230e-03 8.198473840109e-04 8.312843692215e-05
2.784399138372e-03 8.142740729662e-04 2.927595598614e-05
2.541027760169e-03 8.203497599783e-04 4.785432523465e-05
1.407470098201e-03 9.065061549122e-04 5.054465509472e-05
4.713811868980e-04 9.167446152419e-04 3.650378901832e-05
1.063372140045e-03 1.080400410153e-03 1.516677954375e-05
2.287496583477e-03 8.567977717570e-04 4.474976351852e-05
1.462078691276e-04 8.765478465264e-04 1.000000000000e-04
1.045855605500e-03 1.117712002113e-03 2.574557472508e-05
9.654043843802e-04 1.181422256040e-03 7.687701262775e-05
1.652122643266e-03 6.725085607761e-04 6.164247806770e-05
2.347027829496e-03 9.373908753348e-04 5.024234569968e-05
1.538531564069e-03 6.443504341891e-04 3.249121731762e-05
2.833272272477e-03 8.332227078157e-04 2.314192264297e-05
1.317252556010e-03 9.213750575706e-04 4.068663841344e-05
1.369042288100e-03 9.994619312304e-04 5.004099656312e-05
1.567541810994e-03 6.949994065383e-04 2.587755236748e-05
2.184063131444e-03 8.568720110753e-04 5.864705810874e-05
1.989014535587e-03 5.893317889260e-04 9.529535888119e-05
3.698540966280e-04 8.183907390206e-04 3.004614380695e-05
3.043439957268e-03 8.743846037214e-04 8.874208994311e-05
3.176564848064e-03 6.430028237057e-04 1.631512914757e-05
2.623054376993e-03 7.432554339476e-04 3.323121391020e-05
2.872527951589e-03 9.107652856684e-04 5.978152055315e-05
2.103307235061e-03 8.728002966451e-04 2.366469732032e-05
1.893112143736e-03 7.673585733039e-04 1.000000000000e-04
1.589145125716e-03 7.909006406944e-04 7.242682409110e-05
3.068857545710e-04 9.383581264321e-04 7.215659607632e-05
2.459297903781e-03 9.597566709782e-04 6.423384959011e-05
2.661472402426e-03 8.556991020499e-04 7.767052597807e-05
2.092641339807e-03 6.515734318179e-04 2.558696680260e-05
6.057497798742e-04 9.987079167733e-04 8.113656643522e-05
2.160798382098e-04 9.921048462529e-04 3.336318565997e-05
2.621038491743e-04 1.020828332864e-03 2.088852646379e-05
2.746942734777e-03 9.940932420349e-04 8.498898475042e-05
4.189710011170e-04 9.864608371585e-04 4.981460246045e-05
1.742738984798e-03 7.382212637986e-04 4.973521112981e-05
7.123196247837e-04 1.104445930896e-03 6.898891266380e-05
2.895384625058e-03 1.039821663777e-03 7.033677466028e-05
1.702082528511e-03 8.331140010656e-04 4.814193190285e-05
8.204545427265e-04 1.122329272828e-03 4.061480258865e-05
1.535240853886e-03 9.279388766452e-04 7.483195819576e-05
1.128538992647e-03 8.445621617777e-04 4.827293764312e-05
1.220875851256e-03 8.881947938343e-04 5.385395420211e-05
3.024652387789e-03 1.068866037368e-03 6.215373194501e-05
4.690120745023e-06 6.974054729164e-04 4.492765991651e-05
3.204690120745e-03 6.974054729164e-04 4.492765991651e-05
2.569689099352e-03 8.822723865979e-04 1.784804767692e-05
8.485963907571e-04 1.200091447549e-03 4.141350299317e-05
1.249324874697e-03 1.000796066213e-03 6.228558891742e-05
4.840052553612e-04 1.090275311486e-03 7.119963091552e-05
1.102625712268e-03 1.117712002113e-03 3.102453204303e-05
6.204945425686e-04 1.135461517987e-03 2.793276894760e-05
1.163611640996e-03 1.021837950493e-03 2.597266466596e-05
3.798546873323e-05 8.929526429633e-04 9.458692177672e-06
3.119775268879e-03 1.098147845269e-03 3.737409532425e-05
5.757164815567e-04 1.100004782751e-03 2.102624192603e-05
3.108513359344e-04 1.045094133907e-03 3.356463290899e-05
1.186871322689e-03 1.097962644990e-03 5.322107837825e-05
2.950222408997e-03 1.122387068729e-03 2.878047686123e-05
2.850859502398e-03 1.204310349492e-03 1.000000000000e-04
1.791012923282e-03 8.793427178862e-04 5.154108608983e-05
2.124793271575e-05 9.473565183795e-04 4.362748245947e-05
3.221247932716e-03 9.473565183795e-04 4.362748245947e-05
1.642567989513e-03 8.698355801830e-04 2.176707733501e-05
1.480695517022e-03 1.099690953802e-03 1.000000000000e-04
6.555000299418e-04 1.202539421845e-03 4.437245343794e-05
5.603098080592e-04 1.180614378243e-03 4.705235319038e-05
8.914081090745e-04 1.270679427434e-03 3.906388354110e-05
2.598682048082e-03 9.937512396393e-04 6.327212812374e-05
1.996212986305e-03 9.387351100577e-04 1.000000000000e-04
1.342912492289e-03 1.105082897883e-03 3.788454413169e-05
2.655799290942e-03 1.066420202507e-03 2.891527006926e-05
1.618226323045e-03 1.099684498319e-03 3.753080634657e-05
1.750017422951e-03 1.139001525884e-03 1.000000000000e-04
3.141002572491e-03 9.587979228123e-04 3.742943318048e-05
9.491308822392e-04 1.274088654775e-03 1.720746179054e-05
1.272286287502e-03 1.188130546347e-03 7.098023662695e-05
1.619526532645e-03 1.172684662736e-03 3.476489171868e-05
2.995362707474e-03 1.276208349714e-03 6.140106950695e-05
1.147833251829e-03 1.199045101324e-03 5.395048657013e-05
3.668706033319e-04 1.099878628530e-03 4.479032335350e-05
2.515578117579e-03 1.037507175468e-03 3.064726943630e-05
2.700925651184e-03 1.086616573789e-03 1.814848530615e-05
5.969251583548e-04 1.253864365950e-03 3.350736081965e-05
2.589435468949e-03 1.105577686712e-03 4.813966069888e-05
4.879479568945e-04 1.189429359322e-03 2.584443271551e-05
2.452750249740e-03 1.059924540093e-03 3.606020175463e-05
9.374619978825e-04 1.311056270742e-03 2.155808337998e-05
1.198075376450e-03 1.316039349367e-03 7.337557188474e-05
2.250398336255e-03 9.320201942057e-04 3.912331845716e-05
1.552200093134e-03 1.229675468878e-03 4.835389662635e-05
1.658888070588e-03 1.210051953285e-03 1.555184329361e-05
2.166763210535e-03 1.043197799323e-03 1.000000000000e-04
2.685781130917e-03 1.273208336973e-03 7.887929300370e-05
2.923677888692e-03 1.302643493091e-03 1.500266108969e-05
2.297933220981e-03 1.008049207919e-03 3.579768949299e-05
8.802035379379e-04 1.376408349499e-03 6.532934628105e-05
3.089935280640e-03 1.288215080605e-03 3.393063131671e-05
9.734608454414e-04 1.387029871955e-03 2.853088034400e-05
2.504549634084e-03 1.097397865778e-03 2.757177958433e-05
2.783238671624e-03 1.310447253197e-03 2.544830229112e-05
2.757373555689e-03 1.381438244932e-03 5.010780354967e-05
7.933959436870e-04 1.413948383674e-03 2.924767305003e-05
-8.989024614870e-06 1.288215080605e-03 6.714506342872e-05
3.191010975385e-03 1.288215080605e-03 6.714506342872e-05
2.557044493046e-04 1.067297033067e-03 2.588406628667e-05
2.311277832229e-03 1.101085558829e-03 5.567758639944e-05
8.517144359719e-05 1.000085937715e-03 3.779370528422e-05
2.836572661787e-03 1.397065791838e-03 3.061839188259e-05
1.061190161013e-03 1.181422256040e-03 1.890876400525e-05
1.061500078108e-03 1.235792775711e-03 3.353374664154e-05
1.120035315522e-03 1.337201615077e-03 7.482900767330e-06
1.304971383740e-03 1.323889770217e-03 3.380831441443e-05
1.979249531055e-04 1.078838966015e-03 3.303695201068e-05
2.801286784977e-03 1.428023919832e-03 1.391248083208e-05
2.239844589373e-03 1.145154528014e-03 2.544367958262e-05
1.292343498777e-03 1.457106624693e-03 9.629014372956e-05
2.400019540317e-03 1.104735544298e-03 3.313924742892e-05
4.139538842946e-04 1.155903873677e-03 2.479152890498e-05
2.283948880731e-03 1.199039967522e-03 4.419002475570e-05
2.641526818175e-03 1.416639040322e-03 7.096887706570e-05
1.086707182404e-03 1.300959241528e-03 3.633803860877e-05
2.954973592580e-04 1.121205852255e-03 2.970122275353e-05
3.344092713581e-04 1.169905691510e-03 3.239469865879e-05
1.999917184466e-03 1.110730032343e-03 7.203521989308e-05
2.182585944074e-04 1.179597206103e-03 6.712530770135e-05
2.409623080836e-03 1.220839116384e-03 8.336085869101e-05
1.896107412410e-03 1.176045968897e-03 5.061327043508e-05
6.518429686111e-04 1.273506265116e-03 2.481733451800e-05
3.110125060525e-03 1.373589311994e-03 5.046144407856e-05
2.765237168191e-03 1.491547178679e-03 5.912709258544e-05
2.097994625219e-03 1.165599322038e-03 4.034727116730e-05
1.381754402119e-04 1.048310001099e-03 3.386509701151e-05
6.936827428474e-04 1.424685189314e-03 7.104191472964e-05
2.023777127571e-03 1.260614606827e-03 7.973695374144e-05
1.181935353058e-03 1.502426922504e-03 2.305761718318e-05
2.938176561345e-03 1.340065226481e-03 2.431914992490e-05
4.915914917900e-04 1.297084989712e-03 8.034870458916e-05
2.897922933858e-03 1.380143877393e-03 3.248448362793e-05
6.621888721477e-07 1.413626382972e-03 4.853319548270e-05
3.200662188872e-03 1.413626382972e-03 4.853319548270e-05
2.883691864861e-03 1.458992926252e-03 4.719670482184e-05
9.150082979196e-05 1.288215080605e-03 3.334479097812e-05
1.049644713385e-03 1.376330760511e-03 4.765298759953e-05
2.526386508636e-03 1.149997284874e-03 2.898538126071e-05
2.666727203381e-03 1.535755254431e-03 4.884775230242e-05
1.123605364670e-03 1.383522832660e-03 2.665652619409e-05
2.997580471920e-03 1.416128791896e-03 6.985435610819e-05
1.473700934431e-03 1.229669378394e-03 3.014235550880e-05
3.098046441370e-03 1.466563894177e-03 4.256054752923e-05
5.902962647076e-04 1.454978582938e-03 3.669133714488e-05
2.301464943636e-03 1.279947776810e-03 3.859219768954e-05
3.876240008015e-04 1.216861885595e-03 3.857495395923e-05
2.174781090743e-03 1.180984945975e-03 3.796540660277e-05
2.733941116334e-03 1.579692158629e-03 3.145269380479e-05
2.686972319544e-03 1.602061905328e-03 2.048071718613e-05
1.496220399413e-03 1.300644888745e-03 4.203628358146e-05
2.843637343338e-03 1.519111237092e-03 2.397744868119e-05
3.065681321033e-04 1.248574920188e-03 4.493047969202e-05
2.056241129457e-04 1.357183983186e-03 1.000000000000e-04
2.355289783245e-03 1.314512941384e-03 2.445613365032e-05
9.301687052989e-05 1.508748981441e-03 8.404770798235e-05
9.494240072231e-04 1.443591741619e-03 3.113350431370e-05
2.321566216319e-03 1.328287133441e-03 1.197197820060e-05
2.406812267399e-04 1.547605059174e-03 6.864334241590e-05
2.539229675523e-03 1.225851513433e-03 4.634265225173e-05
6.368792873556e-04 1.540181973719e-03 5.766760226025e-05
3.879442893763e-04 1.297084989788e-03 2.329849782454e-05
2.136669370212e-03 1.242698828875e-03 3.456809480690e-05
1.636854149488e-03 1.264710403018e-03 4.326354652039e-05
2.496638178859e-03 1.289749517145e-03 2.763589115370e-05
2.817759515827e-03 1.568286521879e-03 3.159116287732e-05
2.950367680088e-03 1.517647990964e-03 4.160690407162e-05
1.542166074682e-04 1.607465465526e-03 3.210026673646e-05
8.757150350417e-04 1.517723430901e-03 7.340605726880e-05
3.425184917178e-04 1.337760132013e-03 3.767666341301e-05
7.540188247428e-04 1.532790413423e-03 4.921931352948e-05
2.417182422165e-03 1.352085341006e-03 4.794817537814e-05
2.783210749367e-03 1.649652559935e-03 5.411572612948e-05
2.676747904389e-03 1.683212249200e-03 5.751128719785e-05
7.051703832605e-04 1.622944983851e-03 4.963286197954e-05
8.081535114492e-04 1.606918599997e-03 3.848825742207e-05
1.137796501301e-03 1.518072155379e-03 2.377198399108e-05
1.430362469139e-03 1.457106624693e-03 4.172882663175e-05
7.830727948784e-04 1.701506616031e-03 5.936844965973e-05
1.035539543301e-03 1.518072155455e-03 7.848497400899e-05
1.576675737780e-03 1.331776120956e-03 4.423111306329e-05
1.130766495896e-03 1.579146457449e-03 3.464434519922e-05
2.766159319081e-03 1.771943171316e-03 6.845463970467e-05
9.000524181501e-05 1.629890343325e-03 3.591425100323e-05
6.835629077117e-04 1.734765204115e-03 4.555224098477e-05
1.847523256030e-03 1.314408422046e-03 9.603118675777e-05
2.007971449153e-03 1.439654922513e-03 1.000000000000e-04
6.086227832324e-04 1.767302169691e-03 3.614645169652e-05
1.694061214013e-03 1.357894962012e-03 6.347329066452e-05
4.045204228510e-04 1.368239320937e-03 3.141183361611e-05
-3.511206865292e-05 1.522655939409e-03 4.469827621153e-05
3.164887931347e-03 1.522655939409e-03 4.469827621153e-05
2.617125876092e-03 1.817489734738e-03 8.738327791788e-05
3.039847632830e-03 1.504122815563e-03 2.670541735357e-05
2.328407636102e-03 1.392105178517e-03 4.943021049340e-05
1.773378374022e-03 1.440146043394e-03 4.993941772015e-05
9.549794989719e-04 1.623359610046e-03 5.408715291269e-05
1.395428300459e-03 1.515988465643e-03 2.242610423778e-05
4.563599187068e-06 1.608840569618e-03 4.952739162471e-05
3.204563599187e-03 1.608840569618e-03 4.952739162471e-05
7.454058165070e-04 1.793365434376e-03 3.964477982514e-05
6.505876875295e-04 1.878966021380e-03 8.314256274653e-05
3.092632570948e-03 1.541272760059e-03 2.991689059472e-05
3.019749794126e-03 1.581161362494e-03 5.245597974297e-05
3.525871266537e-04 1.412766714669e-03 3.699690885496e-05
1.245003388095e-03 1.650413786252e-03 1.000000000000e-04
1.074209388613e-03 1.635584571538e-03 4.522648411068e-05
1.533863111129e-03 1.430488973053e-03 6.336604382232e-05
2.504825738753e-03 1.817502466899e-03 2.491686014415e-05
8.119191653206e-04 1.808044431394e-03 2.846908457738e-05
1.859712638620e-03 1.536107775292e-03 7.682034772534e-05
1.119110829529e-03 1.713811794349e-03 4.095475775297e-05
1.481836109263e-03 1.523779943725e-03 4.250220742617e-05
1.957581657503e-03 1.550945541007e-03 2.216710254480e-05
3.117584177606e-03 1.612112766825e-03 3.751355881358e-05
3.154497964276e-03 1.684450552075e-03 4.115577796086e-05
2.188666037140e-03 1.437816409008e-03 8.070397421597e-05
2.110369148804e-03 1.505957953320e-03 2.198930848799e-05
2.518222843190e-03 1.864274021844e-03 2.202364738650e-05
1.414558101063e-03 1.583222592240e-03 4.727395226997e-05
1.523123115376e-03 1.635882323120e-03 7.338842624624e-05
3.452404517095e-04 1.547605059228e-03 3.591588255368e-05
3.058313711390e-03 1.666376156899e-03 4.107870313045e-05
1.173808413333e-03 1.784187386874e-03 4.817744572803e-05
2.457573709718e-03 1.864274021844e-03 3.862548608529e-05
2.726425006935e-03 1.873860609976e-03 3.558827207928e-05
7.632726693843e-04 1.878966021380e-03 2.954241910827e-05
1.681462957531e-03 1.468108041076e-03 4.613512730357e-05
7.605063346776e-04 1.975997460063e-03 6.347670298485e-05
2.353650520199e-03 1.864274021844e-03 6.529770343354e-05
2.423953761973e-03 1.914946833081e-03 2.136416593520e-05
2.957069672981e-03 1.699938309600e-03 6.558325544532e-05
1.647742177949e-03 1.690615307849e-03 6.272039188846e-05
8.919477980897e-04 1.985478753126e-03 6.830627475523e-05
3.103773825594e-03 1.709481714030e-03 1.540832120044e-05
1.762622838828e-03 1.690615307925e-03 5.216026898985e-05
1.957553232668e-03 1.634623290517e-03 6.151088245108e-05
6.570864567390e-04 2.007834001017e-03 4.473252255900e-05
2.044453466315e-03 1.650472649227e-03 2.682291433367e-05
2.078263149337e-04 1.646969150864e-03 3.449208935549e-05
1.015248158994e-03 1.721094719377e-03 5.864079650152e-05
1.877105993713e-03 1.735009096390e-03 6.713244749268e-05
1.778208612408e-03 1.786723774698e-03 4.447000746800e-05
9.963593396244e-04 2.009589522153e-03 3.885294878053e-05
1.840089374245e-03 1.819219253606e-03 2.485448737911e-05
7.124345345918e-04 2.048423139578e-03 2.345072086257e-05
1.793950184120e-03 1.900104497082e-03 6.826509554530e-05
5.170230963462e-05 1.718972172394e-03 6.105320170113e-05
3.251702309635e-03 1.718972172394e-03 6.105320170113e-05
3.074744766146e-03 1.821179495163e-03 1.000000000000e-04
-6.319969768319e-07 1.858739734294e-03 3.016037313032e-05
3.199368003023e-03 1.858739734294e-03 3.016037313032e-05
1.657761016294e-03 1.913311336935e-03 6.856295824703e-05
1.406228698735e-03 1.729302454901e-03 7.624988991616e-05
7.662365250824e-04 2.080345151292e-03 3.910344327989e-05
1.562547842052e-03 1.913282354455e-03 2.665023644421e-05
2.904313217112e-03 1.835331361086e-03 7.101809323924e-05
1.302008705436e-03 1.774947530461e-03 3.696079603991e-05
1.449976619511e-04 1.680814718636e-03 3.687290271609e-05
2.016159478331e-03 1.680907261164e-03 1.316778506303e-05
2.804176516245e-03 1.873589459779e-03 3.617817990574e-05
9.539391750268e-04 2.086110867884e-03 4.863983216092e-05
5.157007516514e-04 1.418583795536e-03 4.351903224190e-05
2.682542249408e-03 1.892716299355e-03 1.217398739519e-05
8.485359027195e-04 2.192490505064e-03 1.000000000000e-04
3.202912262989e-04 1.618722292601e-03 3.810595697327e-05
1.030760435901e-03 2.086110867949e-03 2.818142871295e-05
1.518997834581e-03 1.933712229763e-03 2.145364975043e-05
3.165726072689e-03 1.903267758591e-03 2.254012050313e-05
1.454116672767e-03 1.933694128965e-03 4.342751897944e-05
1.018778454818e-03 2.165020827644e-03 5.163304121319e-05
1.258671620094e-03 1.905656689831e-03 1.000000000000e-04
2.114098879712e-03 1.650437282116e-03 4.282252764991e-05
1.086900022119e-03 1.787455008829e-03 3.879235257392e-05
2.652460803563e-03 1.945835478877e-03 4.573767136755e-05
2.551589805590e-03 1.981111982566e-03 6.112387431266e-05
2.723116027586e-03 1.980705452548e-03 3.305367172905e-05
1.735716675732e-03 2.062773018751e-03 1.000000000000e-04
6.811699594057e-04 2.122180636290e-03 5.569385838158e-05
5.378403780761e-04 2.143652172924e-03 8.923507514524e-05
2.634944880550e-03 2.027992812722e-03 3.450100281818e-05
1.990963030026e-03 1.728072379616e-03 3.773102354058e-05
4.067852300244e-04 2.143726777400e-03 4.181373850841e-05
1.518331045166e-04 1.769125960834e-03 5.093598786004e-05
1.893014038685e-03 2.087240309972e-03 5.918890894667e-05
6.599269221788e-04 2.247088982966e-03 7.077790775209e-05
1.504072263840e-03 1.978665959809e-03 2.377440137063e-05
2.066930513050e-03 1.704347265559e-03 2.874615084653e-05
1.570862656348e-03 2.039184246302e-03 6.635561322697e-05
2.787110093729e-03 1.999087358679e-03 3.352811989547e-05
1.829324545911e-03 2.178277000931e-03 4.867280605069e-05
2.283035272128e-03 1.475184588305e-03 2.079447903857e-05
9.665940502352e-04 2.214742108683e-03 2.013683889020e-05
2.383513682165e-03 2.015645989040e-03 8.715182397325e-05
7.605300874878e-04 2.325844366241e-03 5.698518264540e-05
1.747589844061e-03 2.194825487159e-03 3.258516711449e-05
2.512398224233e-03 2.120791809749e-03 7.918086698172e-05
1.117268092139e-03 1.905656689831e-03 4.140352795470e-05
2.977052531675e-03 1.931790360586e-03 4.757552719069e-05
2.266697737209e-03 2.015645989040e-03 2.966412098263e-05
1.967268752105e-03 2.225857516391e-03 9.724672476657e-05
4.424284346955e-04 2.200241391815e-03 2.165646881948e-05
2.691265234949e-03 2.047159534215e-03 2.499139612813e-05
1.837278737039e-03 2.266470944358e-03 3.894011214593e-05
3.059959747686e-03 1.952869537833e-03 3.251741058940e-05
2.613813984978e-03 2.086531260505e-03 2.773455467504e-05
2.375623923511e-03 2.173158138669e-03 6.727541258341e-05
2.853871545984e-03 1.921853026124e-03 2.913359525001e-05
3.143559628616e-03 1.979504793330e-03 5.522298448092e-05
8.562950186049e-04 2.331860693217e-03 3.896854696062e-05
1.472596877423e-03 2.068037934658e-03 3.605873459351e-05
8.220362727270e-04 2.395408978140e-03 3.320654253019e-05
3.013295608622e-03 2.016936439484e-03 4.496319647846e-05
1.397032571961e-03 2.068037934658e-03 3.950557086835e-05
2.668698980733e-03 2.096378809992e-03 2.802687455568e-05
1.380782725772e-03 1.946418816879e-03 2.873489477013e-05
1.879931651615e-03 2.348031510523e-03 5.293401289408e-05
2.643345828493e-03 2.190270356662e-03 6.905726436610e-05
2.889246238734e-03 2.058209901158e-03 8.448572314497e-05
4.743675250909e-04 2.244239598870e-03 2.970454538243e-05
1.784137945198e-03 2.373777219867e-03 4.625911055095e-05
1.347915260401e-03 2.004970668864e-03 3.352038708250e-05
2.799237065390e-04 1.708973212082e-03 6.060016839371e-05
3.007798573263e-03 2.106408781394e-03 4.349000925350e-05
3.780047782142e-04 2.267094645241e-03 6.933146899010e-05
1.658563270087e-03 2.199280719677e-03 5.655281564485e-05
1.519871864322e-03 2.137518328192e-03 4.441285039167e-05
2.403438167358e-04 1.808782647351e-03 4.605266592524e-05
2.101201691599e-03 2.277297661741e-03 4.622494782101e-05
3.101866387896e-03 2.120298704674e-03 5.159775926715e-05
1.562466457943e-03 2.210541196520e-03 4.012494414209e-05
4.845845380877e-04 2.330940850611e-03 5.477682044941e-05
2.150070060895e-03 1.538592065086e-03 2.710928568195e-05
2.535579206010e-03 2.248271090962e-03 5.035951482802e-05
7.740242816574e-05 1.816642302303e-03 3.736875883351e-05
1.847644718115e-03 2.446259108963e-03 5.010859385968e-05
2.773633214984e-03 2.065302194826e-03 3.134463509846e-05
5.187749047405e-05 1.979178709947e-03 5.292908038592e-05
3.251877490474e-03 1.979178709947e-03 5.292908038592e-05
1.456297802103e-03 2.146533031901e-03 1.979716650623e-05
2.257514157139e-03 1.508874775542e-03 1.823720117642e-05
2.949209208911e-03 2.154434967546e-03 2.887309816900e-05
5.728110423243e-04 2.243378304393e-03 1.637507813793e-05
1.951129890677e-03 2.497379726613e-03 6.531438566577e-05
1.299517539846e-03 2.084721110848e-03 5.942627363121e-05
1.603031684836e-03 2.345653624020e-03 1.000000000000e-04
2.794913556249e-03 2.202346965938e-03 8.299082213780e-05
2.701628047135e-04 2.267110567653e-03 3.823260925063e-05
1.820685231012e-03 2.588587455243e-03 9.385426390779e-05
1.377789518363e-03 2.139833704543e-03 3.482428642394e-05
1.549027484549e-04 2.263249530411e-03 7.709209836853e-05
2.043418587342e-03 2.345840521495e-03 4.342442898028e-05
2.240556198670e-03 2.231016048425e-03 7.966276548201e-05
6.922539686601e-04 2.356261300366e-03 1.767373417748e-05
2.451634469338e-03 2.189955940441e-03 1.056910705339e-05
3.012734101335e-04 2.322557852694e-03 2.534624881767e-05
3.011186392407e-03 2.199832921620e-03 4.795232410887e-05
6.402039618248e-04 2.356261300366e-03 3.437627265780e-05
2.064925607991e-03 2.497380477015e-03 4.848133166443e-05
7.143274800979e-04 2.434678669749e-03 6.125011900850e-05
1.429388731957e-03 2.224476252271e-03 6.266035987984e-05
2.949775227433e-03 2.227955865818e-03 1.959196635146e-05
2.905912587183e-03 2.314369988585e-03 7.471124659123e-05
2.802259044820e-03 2.338005788232e-03 3.160251151919e-05
1.936087449154e-03 2.595364625185e-03 2.174230780043e-05
1.821785314821e-06 2.076994808917e-03 5.695068500668e-05
3.201821785315e-03 2.076994808917e-03 5.695068500668e-05
4.038242540253e-04 2.370558333569e-03 3.517743705705e-05
2.171545316283e-03 2.319988721594e-03 3.293669559492e-05
1.714131823549e-03 2.422455336460e-03 3.506200004311e-05
2.697238050271e-03 2.291319231651e-03 4.546455326815e-05
2.122852786817e-03 2.371734262838e-03 3.792060182463e-05
2.282514428514e-04 2.424437557962e-03 1.000000000000e-04
1.080073857850e-04 2.104572433422e-03 5.226310393690e-05
2.676045187370e-05 2.198075742140e-03 6.667184326459e-05
3.226760451874e-03 2.198075742140e-03 6.667184326459e-05
1.159361604285e-03 2.195051284643e-03 9.212178570327e-05
2.454669905046e-03 2.270688678478e-03 3.359799354669e-05
3.034667808296e-03 2.314364933738e-03 5.404397463656e-05
2.248648342535e-03 2.428281322459e-03 1.000000000000e-04
3.519997669683e-04 2.400226294061e-03 2.453826729074e-05
3.512266865996e-04 2.447439255073e-03 2.268102279772e-05
1.016026627103e-03 2.282819199507e-03 6.399442730118e-05
1.488698854755e-03 2.290715989207e-03 2.625191944975e-05
2.746931914317e-03 2.357519243407e-03 2.706490961466e-05
3.094123900949e-05 2.328614256175e-03 6.115013783256e-05
3.230941239009e-03 2.328614256175e-03 6.115013783256e-05
1.292205411082e-03 2.195051284643e-03 4.072202109376e-05
4.597836853217e-04 2.433909022767e-03 4.934929110112e-05
1.113102686990e-03 2.321430438445e-03 4.047848390296e-05
9.295169108107e-04 2.285503670666e-03 2.255692969805e-05
1.438232718145e-03 2.317810198134e-03 3.102745818064e-05
2.430786847300e-03 2.429133714642e-03 8.183908613118e-05
7.987900628274e-05 2.425329563840e-03 4.724152954796e-05
3.514088075410e-04 2.520951127797e-03 5.083107581008e-05
1.213953818680e-03 2.342044120698e-03 6.245778113105e-05
2.357473141069e-03 2.590073131820e-03 9.498571694836e-05
2.153421577206e-03 2.534008983750e-03 4.172398422426e-05
3.135168594675e-03 2.189621622484e-03 2.530935298621e-05
1.330067330631e-03 2.364267078281e-03 5.576323012054e-05
1.060841808429e-04 2.538943966266e-03 6.744120599160e-05
2.526779752386e-03 2.619570762660e-03 7.687129574107e-05
2.793209586121e-03 2.412390481689e-03 4.333062750033e-05
1.466966789984e-03 2.386286532379e-03 4.200242551764e-05
2.856252913479e-03 2.412390481689e-03 1.971269985748e-05
1.390175965140e-03 2.488440379132e-03 8.219348985633e-05
2.698335115319e-04 2.555959892182e-03 3.793909154014e-05
6.280896878297e-04 2.446990162613e-03 2.586204827591e-05
2.218709914685e-03 2.656283889182e-03 5.861896546060e-05
2.148068790268e-03 2.670495274643e-03 1.343748418484e-05
2.693487943190e-03 2.453590218917e-03 6.456665891825e-05
1.662437241382e-03 2.469121554597e-03 3.458041333136e-05
1.516398643439e-03 2.438833391358e-03 2.723110037622e-05
5.539598419847e-04 2.500446656702e-03 6.553177445382e-05
2.098831474691e-03 2.554665824526e-03 1.664368116816e-05
2.430029722261e-03 2.763634372358e-03 9.313117809127e-05
-3.225789161711e-05 2.439177006255e-03 6.546974799817e-05
3.167742108383e-03 2.439177006255e-03 6.546974799817e-05
9.310932142362e-04 2.346204050846e-03 3.719247968365e-05
1.256337651756e-03 2.449905261220e-03 5.343188597108e-05
8.038703276608e-04 2.477031530833e-03 3.780383800646e-05
1.738244667912e-05 2.514343284976e-03 2.460873249280e-05
3.217382446679e-03 2.514343284976e-03 2.460873249280e-05
2.784456762177e-03 2.488898355042e-03 3.301402823055e-05
2.900298507209e-03 2.530941149970e-03 9.022113922371e-05
-5.967140784090e-05 2.578483107433e-03 7.564700713033e-05
3.140328592159e-03 2.578483107433e-03 7.564700713033e-05
6.719303167135e-04 2.554841121742e-03 6.437507965275e-05
2.020977322957e-04 2.676122519165e-03 1.000000000000e-04
2.021763716099e-03 2.577899659953e-03 4.179561304430e-05
2.097395775130e-03 2.670495274643e-03 3.723553095402e-05
4.489128432713e-04 2.552098339682e-03 5.152704984475e-05
2.729888165602e-05 2.550776956317e-03 1.220782680021e-05
5.309942509363e-04 2.621566205281e-03 5.600500062077e-05
2.782849219958e-03 2.589159859828e-03 4.086567648776e-05
2.262845574628e-03 2.785784386018e-03 7.378699345644e-05
1.550472607270e-03 2.556236438383e-03 9.185052505985e-05
3.824421267602e-04 2.590332197489e-03 2.348821341614e-05
9.337218446640e-05 2.716765636119e-03 1.299792397776e-05
8.116867640805e-04 2.599806281268e-03 8.236898687938e-05
7.001185558460e-04 2.663953932578e-03 4.632594803321e-05
1.684493789069e-03 2.634091449192e-03 4.973794463774e-05
4.706093741819e-05 2.644629036953e-03 4.979120639970e-05
3.247060937418e-03 2.644629036953e-03 4.979120639970e-05
1.945903964590e-03 2.684294224544e-03 6.375131018049e-05
2.675868527849e-03 2.631922840550e-03 7.272829253255e-05
1.135232947091e-03 2.449905245856e-03 6.767281265638e-05
1.608626592947e-03 2.673556820614e-03 3.578016457483e-05
2.347082660926e-03 2.903233853728e-03 6.925181263114e-05
7.194095568382e-05 2.827975122206e-03 1.000000000000e-04
3.271940955684e-03 2.827975122206e-03 1.000000000000e-04
3.280849382755e-04 2.608831681157e-03 3.392442635025e-05
1.844376053206e-03 2.727232329799e-03 4.645009530062e-05
1.396528027549e-03 2.670725267363e-03 1.000000000000e-04
1.764016862697e-03 2.727232329799e-03 3.390909520869e-05
2.580436146356e-03 2.786775239282e-03 5.904501851440e-05
9.908930464881e-04 2.374800992983e-03 2.909330339034e-05
2.472788855051e-03 2.939401380157e-03 6.155394963257e-05
7.569827899073e-04 2.677828808611e-03 1.184421206321e-05
1.259147762483e-03 2.696110244787e-03 3.970588501725e-05
2.842677435928e-03 2.680224207457e-03 6.809363167468e-05
1.203956203982e-03 2.514365193337e-03 2.655017215684e-05
3.103144869674e-03 2.334338614896e-03 1.728663502672e-05
1.695196514482e-03 2.753440302847e-03 3.973259257528e-05
2.240088300273e-03 2.915149518533e-03 3.840406448727e-05
1.917436881627e-03 2.795854995210e-03 5.138417754401e-05
9.943546188821e-04 2.487301031724e-03 7.796447863238e-05
3.846243794104e-04 2.717915231159e-03 8.725012095040e-05
5.924372059186e-04 2.574760536981e-03 1.695473037066e-05
1.549344418232e-03 2.694864248496e-03 2.721493626035e-05
7.853799871939e-04 2.706101156945e-03 2.633859276040e-05
2.742931261419e-03 2.720859264501e-03 3.865886009123e-05
2.147393849152e-03 2.717015822572e-03 3.105772483004e-05
7.281045958127e-04 2.752365824313e-03 4.592439333208e-05
2.851874988813e-04 2.762364737028e-03 1.707975639376e-05
1.938975147687e-04 2.806772668674e-03 2.325058998774e-05
2.010863278882e-03 2.795612580400e-03 4.204254907694e-05
2.545837184779e-03 2.875068017488e-03 3.578484698560e-05
1.507539909320e-03 2.709747721845e-03 1.715999750741e-05
2.391961429368e-03 2.991006480312e-03 2.900316468969e-05
8.540313997690e-04 2.719883293057e-03 4.359759960708e-05
2.950507668362e-03 2.693299104691e-03 4.052640314681e-05
1.099157841486e-03 2.566758996996e-03 5.355465956959e-05
1.017505219554e-03 2.602729214998e-03 3.563778450383e-05
1.178706421058e-03 2.566992260995e-03 2.592603992391e-05
5.149813500895e-04 2.719384336974e-03 4.311512798387e-05
3.016777564071e-04 2.838204551507e-03 5.774987161809e-05
1.820003620034e-03 2.819802241909e-03 4.894883423219e-05
3.086348580782e-03 2.373091870888e-03 2.418489082930e-05
2.677205723507e-03 2.789256410420e-03 3.775636733230e-05
1.161537424038e-03 2.664375813834e-03 6.229116577185e-05
2.795124321594e-03 2.787082312041e-03 4.565962895439e-05
2.076846617191e-03 2.781653891258e-03 2.539705300138e-05
3.033386487803e-03 2.619144686890e-03 3.876443342748e-05
1.725671297807e-03 2.834929312095e-03 4.658867775476e-05
6.181794087632e-04 2.733296291515e-03 6.101643218915e-05
1.782689782970e-03 2.892647150685e-03 3.289677360825e-05
3.091878090872e-03 2.705670358398e-03 6.045607103679e-05
1.532156845846e-03 2.754506350093e-03 3.392137232086e-05
3.001906364361e-03 2.767593388392e-03 4.876559904789e-05
4.745209638855e-04 2.758329486362e-03 1.131309699379e-05
2.102095964627e-03 2.904482569340e-03 1.000000000000e-04
1.950670135042e-03 2.964458523215e-03 5.810503993061e-05
2.728587520954e-03 2.889666088759e-03 7.503633148744e-05
2.910080845822e-03 2.749991098750e-03 2.891481530890e-05
2.447966075372e-03 3.028899921021e-03 3.132317795295e-05
1.831921399756e-03 2.900791408697e-03 1.695803501375e-05
2.890261388754e-03 2.848150642089e-03 6.739081357540e-05
2.030680440395e-03 3.034004356519e-03 4.790569907794e-05
2.191646880669e-04 2.850497743303e-03 2.567392002111e-05
1.808361788127e-04 2.891797922327e-03 2.553678236360e-05
8.013730784393e-04 2.766324758608e-03 2.661428348858e-05
1.860823994052e-03 2.959650898843e-03 3.186966453813e-05
1.477982156681e-03 2.759290124549e-03 2.032667651390e-05
1.612832840554e-03 2.753440302847e-03 4.263108135241e-05
3.121587864996e-03 2.840821768802e-03 4.471494555199e-05
3.017808867704e-03 2.881315068996e-03 6.439780014059e-05
2.216801150355e-03 2.987285462590e-03 3.285714194974e-05
1.886813849739e-03 3.022977338058e-03 2.562741331441e-05
1.773515112140e-03 3.043167348962e-03 8.895190456010e-05
1.953613952875e-03 3.043718356044e-03 1.607877547272e-05
2.939541605682e-03 2.937468721605e-03 2.975038753437e-05
1.660512531017e-03 3.074571012151e-03 2.833312776762e-05
2.586907891806e-03 2.954699435906e-03 5.358592780894e-05
1.198946408806e-03 2.822296649528e-03 1.000000000000e-04
1.970506406895e-03 -4.559035813743e-05 8.669882462327e-05
1.970506406895e-03 3.154409641863e-03 8.669882462327e-05
9.458168421967e-04 2.602728912005e-03 3.605059285421e-05
2.154517339311e-03 -8.512219482979e-05 1.000000000000e-04
2.154517339311e-03 3.114877805170e-03 1.000000000000e-04
1.553907525364e-03 3.096660454246e-03 8.053639610138e-05
2.354421473020e-03 -7.893076617315e-05 1.000000000000e-04
2.354421473020e-03 3.121069233827e-03 1.000000000000e-04
7.734789462621e-04 2.853678012624e-03 6.508453655329e-05
-5.356361655014e-05 2.983694748199e-03 1.000000000000e-04
3.146436383450e-03 2.983694748199e-03 1.000000000000e-04
9.407460775010e-04 2.733188900653e-03 4.413195372402e-05
1.013715985713e-03 2.756180553306e-03 3.237440938488e-05
2.882423810058e-03 2.942833779963e-03 2.761615588348e-05
8.897790477124e-04 2.779151299320e-03 2.442125399388e-05
6.116544604078e-04 2.894180462445e-03 1.000000000000e-04
3.906244109853e-04 2.838204551560e-03 3.119678296009e-05
1.445637401122e-04 2.944353066806e-03 3.292315329282e-05
9.655487968663e-04 2.866710319576e-03 8.818415634085e-05
2.970238916840e-03 3.047740885520e-03 8.471478208258e-05
1.668672718003e-03 -4.176064130051e-05 4.970576278869e-05
1.668672718003e-03 3.158239358699e-03 4.970576278869e-05
4.725022986311e-04 2.812986956030e-03 4.221478381775e-05
2.672938697763e-03 2.997525069267e-03 4.251473872747e-05
1.103705586021e-03 2.979840210913e-03 8.409450849688e-05
9.992493843350e-04 3.002286174945e-03 2.253431125412e-05
-6.820894651287e-05 -4.279929106476e-05 7.412295796186e-05
-6.820894651287e-05 3.157200708935e-03 7.412295796186e-05
3.131791053487e-03 -4.279929106476e-05 7.412295796186e-05
3.131791053487e-03 3.157200708935e-03 7.412295796186e-05
3.698812908007e-04 2.899700773278e-03 3.370362012431e-05
2.257972894170e-04 2.959209240378e-03 4.965768846762e-05
1.439661978042e-03 3.061891651950e-03 3.888269796251e-05
4.397242756745e-04 2.899700773331e-03 3.613936474952e-05
1.301103013402e-03 2.729852681168e-03 1.225856042275e-05
4.736628257362e-04 3.024075044277e-03 8.951066891619e-05
1.335151678514e-03 2.792581336637e-03 3.644030870583e-05
1.469876850721e-03 3.157867711558e-03 2.342265443806e-05
2.832792061994e-03 2.942733697226e-03 2.201568104174e-05
8.458362564412e-04 2.948065569286e-03 5.373349199909e-05
6.185708804058e-04 3.052114301730e-03 5.808521271415e-05
1.532207415342e-04 3.036765707944e-03 5.656077020966e-05
2.476980132194e-04 3.048062224542e-03 3.858945917692e-05
2.986059526143e-03 3.157466569025e-03 2.614556842923e-05
2.849570761696e-03 2.998077557097e-03 3.581569118350e-05
9.222183263501e-04 3.032409674258e-03 6.005644010003e-05
7.362287375121e-04 2.946682768514e-03 3.510260169360e-05
2.764752798868e-03 3.033201113151e-03 5.598709622757e-05
1.338909885594e-03 2.882627574404e-03 5.241258258798e-05
1.021173892555e-03 3.093037055347e-03 5.599477023683e-05
7.527003624760e-04 3.053350964129e-03 7.282986971598e-05
6.875602266631e-05 3.066461383451e-03 3.297202756441e-05
4.814840005907e-05 -2.323584301299e-05 4.386755333777e-05
4.814840005907e-05 3.176764156987e-03 4.386755333777e-05
6.702989495563e-04 3.117140358608e-03 2.500619011010e-05
1.374207487578e-03 -4.807259444837e-05 7.243095724319e-05
1.374207487578e-03 3.151927405552e-03 7.243095724319e-05
1.105650153569e-03 3.123388417452e-03 3.368668028015e-05
2.066458117431e-04 -1.607099282102e-05 1.000000000000e-04
2.066458117431e-04 3.183929007179e-03 1.000000000000e-04
1.241701951586e-03 2.980097644753e-03 5.348875212779e-05
3.668356856072e-04 3.078092126586e-03 3.019682063366e-05
6.167403355678e-04 -4.138777675378e-05 4.273183975606e-05
6.167403355678e-04 3.158612223246e-03 4.273183975606e-05
9.418353259917e-04 3.117329111306e-03 2.656577756763e-05
1.192258169003e-03 3.034239235224e-03 1.983245527455e-05
3.166066825969e-04 3.077565239135e-03 2.003494575745e-05
7.170502954270e-04 3.155864662707e-03 3.570015285793e-05
4.112362410729e-04 3.143289194928e-03 4.486488122012e-05
9.739663205582e-04 -1.188755559796e-05 5.015552160349e-05
9.739663205582e-04 3.188112444402e-03 5.015552160349e-05
7.942456091910e-04 -4.001922534279e-05 4.160482014223e-05
7.942456091910e-04 3.159980774657e-03 4.160482014223e-05
1.060492582474e-03 3.164711828044e-03 2.526458189632e-05
5.359064778470e-04 3.157666258367e-03 3.810755289634e-05
1.206426391109e-03 3.115635614275e-03 6.278781487949e-05
4.847140541085e-04 3.159196125162e-03 1.310772549696e-05
8.788457245802e-04 -3.961288379654e-05 4.299627110651e-05
8.788457245802e-04 3.160387116203e-03 4.299627110651e-05
2.440625000000e-03 1.609375000000e-03 7.718012432402e-05
2.071875000000e-03 1.928125000000e-03 2.769618938380e-05
4.093750000000e-04 1.928125000000e-03 3.877022379364e-05
4.843750000000e-04 1.653125000000e-03 2.405112842530e-05
2.531250000000e-04 1.990625000000e-03 8.226392407427e-05
2.296875000000e-03 3.218750000000e-04 1.491475955615e-05
2.578125000000e-03 3.134375000000e-03 6.224465117202e-05
2.171875000000e-03 1.815625000000e-03 6.388778461309e-05
2.121875000000e-03 2.065625000000e-03 1.854550306552e-05
1.509375000000e-03 2.903125000000e-03 9.419814542860e-05
4.593750000000e-04 1.784375000000e-03 4.351623708076e-05
2.265625000000e-03 1.671875000000e-03 4.661224183105e-05
6.906250000000e-04 3.093750000000e-04 5.150354357073e-05
1.959375000000e-03 1.878125000000e-03 4.365409217706e-05
2.031250000000e-04 1.718750000000e-04 8.766406794532e-05
4.687500000000e-05 1.134375000000e-03 9.291292967074e-05
3.246875000000e-03 1.134375000000e-03 9.291292967074e-05
2.253125000000e-03 4.156250000000e-04 5.160900065552e-05
2.821875000000e-03 4.906250000000e-04 6.529326507233e-05
9.906250000000e-04 1.865625000000e-03 6.599530189683e-05
2.078125000000e-03 7.593750000000e-04 1.904121050924e-05
4.656250000000e-04 1.540625000000e-03 3.873904102785e-05
2.396875000000e-03 3.031250000000e-04 1.650269080669e-05
1.690625000000e-03 9.656250000000e-04 4.858270649389e-05
7.593750000000e-04 1.284375000000e-03 5.110901532140e-05
1.553125000000e-03 1.803125000000e-03 1.662967113362e-05
2.021875000000e-03 2.028125000000e-03 7.473515761762e-05
2.490625000000e-03 1.459375000000e-03 1.231643435148e-05
