Lx=2.525000e-04
Ly=3.985000e-04
Lz=2.525000e-04
Nx=290
Ny=456
Nz=290
eps=8.756952130264e-07
