# 2D packing, generated 2026-09-28T19:11:27.570066+00:00
# generator = preprocess/generate_packing_gravity.py
# periodic axes = xy
# porosity_achieved = 0.374939  (target 0.375000)
# 287 distinct grains; 315 rows including 28 periodic edge images.
# Centres span [-R, L+R]: a grain need only be PARTLY inside.
# Do NOT drop the out-of-box rows -- they carry the conduction
# paths that cross the domain edge, and k_eff depends on them.
# header row is 'Lx Ly'; grain rows are 'x y r', all in metres
2.000000000000e-03 2.000000000000e-03
8.374299305909e-04 2.032500160072e-06 5.302188455817e-05
8.374299305909e-04 2.002032500160e-03 5.302188455817e-05
9.211366839543e-04 2.062418945622e-05 3.266632259712e-05
9.211366839543e-04 2.020624189456e-03 3.266632259712e-05
5.591609205420e-04 2.168773030582e-05 7.197835802914e-05
5.591609205420e-04 2.021687730306e-03 7.197835802914e-05
4.603205163752e-04 1.006768684449e-04 5.454717077759e-05
1.041612214606e-03 1.650812674621e-05 1.907978323009e-05
1.041612214606e-03 2.016508126746e-03 1.907978323009e-05
6.532019452851e-04 9.985973915220e-05 5.031055112376e-05
-1.962637865266e-05 5.857221992253e-05 7.588860807938e-05
-1.962637865266e-05 2.058572219923e-03 7.588860807938e-05
1.980373621347e-03 5.857221992253e-05 7.588860807938e-05
1.980373621347e-03 2.058572219923e-03 7.588860807938e-05
7.637787421160e-04 8.392982074360e-05 5.709178281050e-05
1.436307193209e-03 2.741183820262e-05 6.381144649051e-05
1.436307193209e-03 2.027411838203e-03 6.381144649051e-05
7.186537314681e-04 2.147969132482e-04 8.133676417990e-05
8.110955629284e-04 2.963133746971e-04 4.191268317692e-05
1.878286275428e-03 1.146209679943e-04 4.057299372075e-05
8.928852413202e-05 8.530828406323e-05 3.625992846561e-05
1.807335478275e-03 1.745522297603e-04 5.230209562633e-05
1.839445596992e-04 1.249173530213e-04 6.634934278984e-05
1.271266131985e-03 3.444671840748e-05 9.663947401548e-05
1.271266131985e-03 2.034446718407e-03 9.663947401548e-05
4.467218912418e-05 2.033798810994e-04 8.251945369897e-05
2.044672189124e-03 2.033798810994e-04 8.251945369897e-05
1.077584732415e-03 2.531607040229e-05 1.795536101164e-05
1.937482222253e-03 1.558947270914e-04 3.020443502612e-05
8.833127288170e-04 9.023576637519e-05 4.640170712871e-05
7.425218961991e-04 3.283541748372e-04 3.377721983421e-05
1.587621746356e-03 5.514272318039e-05 9.002358731855e-05
1.587621746356e-03 2.055142723180e-03 9.002358731855e-05
6.339926361938e-04 4.065701785259e-04 1.000000000000e-04
2.784667441451e-04 1.729696877095e-04 3.968596136054e-05
1.685551793303e-03 1.857620715518e-04 6.999646581703e-05
1.888872134870e-03 2.034898458776e-04 3.421734545242e-05
1.552306142912e-04 2.157889248570e-04 2.873122890853e-05
1.392352221995e-03 1.673799431846e-04 8.289686007221e-05
5.320925011682e-04 4.769687519434e-04 2.385312744688e-05
1.018898683973e-03 1.276093163379e-04 9.424091045700e-05
1.151420399445e-03 1.053320292875e-04 3.972414552659e-05
5.663452409489e-04 5.319420902254e-04 4.091814790990e-05
8.825873729052e-04 1.943000331053e-04 5.713805386894e-05
-7.680524193392e-05 3.142501520436e-04 8.173906463304e-05
1.923194758066e-03 3.142501520436e-04 8.173906463304e-05
5.305823547683e-05 3.354820334349e-04 4.984861135910e-05
9.096300453241e-04 3.061725637539e-04 5.711382512346e-05
1.763536520796e-03 2.360997470858e-04 2.236684483055e-05
7.963426242477e-04 4.091309551520e-04 6.236618349999e-05
9.895183900134e-04 3.643185880379e-04 4.169462360285e-05
1.731559116240e-03 2.651258675659e-04 2.081961221613e-05
4.788952413680e-04 5.789489984431e-04 5.836503458062e-05
1.783868012812e-03 4.309426714721e-04 1.000000000000e-04
1.511646194468e-03 1.601634471320e-04 3.661521109540e-05
1.594190108472e-03 1.858395599203e-04 2.136527138489e-05
4.317800307230e-07 4.040138878138e-04 3.654715808145e-05
2.000431780031e-03 4.040138878138e-04 3.654715808145e-05
1.216156028720e-04 4.687280200416e-04 1.000000000000e-04
1.600384740161e-03 2.413571334619e-04 3.171017467648e-05
1.655101766401e-03 3.089524493623e-04 5.521810034640e-05
7.390593485984e-04 4.915901784479e-04 3.515576589415e-05
1.291151189666e-03 2.369081871772e-04 3.988727279177e-05
1.213048621185e-03 1.604799643395e-04 4.219015879485e-05
1.898446992039e-03 4.725325690707e-04 2.187891319573e-05
1.491962640474e-03 2.491820209759e-04 4.599784532086e-05
1.661383671952e-03 4.868289432907e-04 3.463168338315e-05
1.180251694788e-03 2.766454548557e-04 7.791695257654e-05
9.300560213088e-04 4.744196848098e-04 8.343741748191e-05
1.409411379612e-03 2.876814023455e-04 3.860834809962e-05
1.703635589967e-03 5.314447501877e-04 2.681581347839e-05
2.218836728832e-04 2.086536472709e-04 2.558076333597e-05
3.226077782757e-04 2.120109015995e-04 1.924325711853e-05
2.836850008884e-04 2.445502862105e-04 3.148932289894e-05
-3.305252084754e-05 5.172501739921e-04 5.992561555872e-05
1.966947479152e-03 5.172501739921e-04 5.992561555872e-05
3.913895295691e-04 2.104083393820e-04 4.955718191680e-05
6.844438772217e-04 6.152195897574e-04 1.000000000000e-04
1.866964356291e-03 5.509611121005e-04 4.558766419901e-05
2.360930664782e-04 5.296851406312e-04 2.969525977721e-05
3.381585261647e-04 2.716705735152e-04 2.927778853116e-05
3.989787594964e-04 2.957644256239e-04 3.613562990803e-05
1.286131681759e-03 3.093022057974e-04 2.773573678453e-05
8.050897879159e-04 6.401530392148e-04 2.319542470835e-05
-6.014922013585e-05 6.422578670248e-04 6.798511280163e-05
1.939850779864e-03 6.422578670248e-04 6.798511280163e-05
3.233785433779e-05 6.981331970341e-04 4.007001872085e-05
2.032337854338e-03 6.981331970341e-04 4.007001872085e-05
7.849856100511e-04 6.808186585512e-04 2.004948091078e-05
5.463280480458e-04 6.565712167232e-04 4.417329614621e-05
1.777207010291e-03 5.793441564177e-04 4.855041717988e-05
-2.492108351462e-05 7.290432784753e-04 2.499932197574e-05
1.975078916485e-03 7.290432784753e-04 2.499932197574e-05
1.072684084054e-03 2.444337581834e-04 3.437031570231e-05
1.975974392525e-04 5.616468064368e-04 2.002974856932e-05
1.841326453042e-05 7.803380000872e-04 4.214987150959e-05
2.018413264530e-03 7.803380000872e-04 4.214987150959e-05
1.825770942448e-03 6.642007271703e-04 4.818587504023e-05
1.547011251704e-03 4.865843947115e-04 7.974100161094e-05
1.354112224580e-03 3.766518383331e-04 6.614735806564e-05
3.802881018849e-04 6.047511606375e-04 4.356199584285e-05
5.983693134455e-04 7.264856307990e-04 4.067324698861e-05
1.438510538580e-03 4.084034718936e-04 2.349529136809e-05
4.484574645215e-04 6.969784351450e-04 6.171057618557e-05
1.436305534753e-03 5.686249995382e-04 5.805020759362e-05
1.726739998147e-03 6.659796368816e-04 5.086104540201e-05
1.648570135334e-03 6.985321037836e-04 3.381593230455e-05
4.369213761513e-05 5.851993585786e-04 4.013436158446e-05
1.941279380986e-03 8.354305368094e-04 5.263843786029e-05
1.249744369325e-03 3.705909573861e-04 3.839636209237e-05
1.320703652799e-03 6.238224375898e-04 7.005347201835e-05
7.554173840289e-04 7.405614276002e-04 4.404101840212e-05
8.698492958673e-05 7.930933657623e-04 2.759805033832e-05
1.410652505173e-03 6.446940973123e-04 2.222796905411e-05
1.709599328219e-03 8.176208998742e-04 1.000000000000e-04
3.167367116793e-04 7.034612202587e-04 7.016960895285e-05
1.059948100474e-03 3.195115033873e-04 4.178006003198e-05
1.396267488258e-03 7.162409456483e-04 4.931442295262e-05
8.531766910684e-04 7.697891615191e-04 5.799398805580e-05
3.143233307991e-05 8.727336723266e-04 4.492732811700e-05
2.031432333080e-03 8.727336723266e-04 4.492732811700e-05
1.497889234561e-03 7.382057363310e-04 5.465399220908e-05
1.586104498250e-03 7.382057363310e-04 3.356127148081e-05
6.599274803179e-04 7.780688146641e-04 3.964009415943e-05
3.958981013414e-04 8.478762522283e-04 9.451866346510e-05
9.384536585500e-04 8.093961139643e-04 3.603192254793e-05
-5.114751755593e-05 9.731252960428e-04 8.506463257066e-05
1.948852482444e-03 9.731252960428e-04 8.506463257066e-05
5.769129604861e-04 8.769427044507e-04 8.881501559021e-05
1.570279326787e-03 9.368114659236e-04 8.334790381758e-05
1.160558311579e-03 4.100770128857e-04 5.696017618583e-05
1.673722479263e-03 9.300453698031e-04 1.801021027777e-05
4.740247906302e-04 9.594654234615e-04 4.170146249187e-05
2.123671741987e-04 7.070053423842e-04 3.426008584494e-05
1.861667638740e-03 1.045167088260e-03 2.803362912033e-05
5.678740223410e-05 1.028005128474e-03 3.602105162735e-05
1.465564344525e-03 9.853314520542e-04 3.206187290932e-05
1.708309416164e-03 1.025704005994e-03 8.082940659245e-05
2.961377813125e-04 9.170716032981e-04 2.689022443833e-05
1.221670712111e-03 6.697484002786e-04 3.911024723749e-05
1.054556999868e-03 8.343900578615e-04 8.273121608040e-05
1.320405441005e-03 7.719672880378e-04 4.481567557934e-05
5.436173541394e-04 9.944027207666e-04 3.327287420611e-05
1.236915201377e-03 8.283547013925e-04 5.593232935312e-05
7.257958026647e-04 8.169183148472e-04 3.683159702924e-05
1.256687569818e-04 1.074364529553e-03 4.700807037394e-05
2.433213574699e-04 1.106371596285e-03 7.492054284868e-05
4.121216508698e-04 9.616385512324e-04 2.023980966568e-05
8.017021239566e-04 8.850497595284e-04 6.516675279283e-05
1.466107424851e-04 1.151288173929e-03 3.171173180606e-05
4.069946871282e-04 1.068773214861e-03 8.652188965671e-05
1.598803570147e-03 1.051604515249e-03 3.169777541877e-05
1.810128326853e-03 1.105716959005e-03 4.866639729170e-05
7.030841258273e-04 9.682863463203e-04 6.388300092956e-05
1.906388886653e-03 1.074539784484e-03 2.488106053868e-05
5.043575502677e-04 1.125629828631e-03 2.622651010145e-05
1.980825410383e-04 1.275340959775e-03 1.000000000000e-04
1.380541515464e-03 7.795553190158e-04 1.579724107595e-05
1.322064318852e-03 8.504692733983e-04 3.204168102344e-05
9.345294744474e-04 9.003160984588e-04 5.420982848826e-05
3.525644852507e-05 1.115204814061e-03 5.220036857746e-05
2.035256448525e-03 1.115204814061e-03 5.220036857746e-05
1.162726118103e-03 9.172437004589e-04 5.352326726346e-05
5.816856181625e-04 1.171443874629e-03 6.365428259130e-05
4.879506491811e-04 1.180727070650e-03 3.053925295287e-05
5.134172272998e-04 1.236352239880e-03 3.054587171099e-05
1.896309730427e-03 1.179458328071e-03 6.475769112693e-05
1.030074555180e-03 9.840222791380e-04 6.889065484226e-05
1.802287003201e-03 1.203231466980e-03 3.222393274341e-05
7.428480096197e-04 1.171443874629e-03 9.750810886588e-05
1.629805646703e-03 1.135061844561e-03 5.378849220142e-05
1.246690242424e-03 9.221664555757e-04 3.058504202286e-05
7.830749281900e-06 1.337019608702e-03 1.000000000000e-04
2.007830749282e-03 1.337019608702e-03 1.000000000000e-04
8.698317383587e-04 9.485959288681e-04 2.651649360897e-05
1.327411387307e-04 1.402117860778e-03 4.085591153954e-05
2.561863961479e-04 1.469953369451e-03 1.000000000000e-04
4.427019403963e-04 1.280135692865e-03 5.262649483658e-05
1.153746913974e-03 1.053172514383e-03 7.280129046213e-05
9.006604822870e-04 1.191162779084e-03 6.153154569328e-05
3.706460357054e-04 1.469953369558e-03 1.445963955749e-05
5.127798718250e-04 1.290603208845e-03 1.822888861541e-05
8.361309569179e-04 1.249156434119e-03 2.390420582729e-05
1.287775290981e-03 1.082666655531e-03 6.443394628519e-05
6.249392876215e-05 1.529404475074e-03 1.000000000000e-04
2.062493928762e-03 1.529404475074e-03 1.000000000000e-04
1.534083688331e-03 1.051604515249e-03 3.302210639803e-05
6.391433472910e-04 1.253928245731e-03 3.499973416541e-05
1.888801606480e-04 1.589298775567e-03 3.701625924744e-05
2.732720880653e-04 1.626784359921e-03 5.532639854200e-05
6.949219272275e-04 1.292976482533e-03 3.308855247107e-05
1.700238276823e-03 1.253671236080e-03 8.160977431272e-05
1.818741374446e-03 1.386415603917e-03 9.543478712682e-05
1.461755587982e-03 1.095907323753e-03 5.179589252541e-05
1.055316817766e-03 1.099371059374e-03 3.593136056180e-05
1.109761468889e-03 1.207318807148e-03 8.496916170937e-05
1.928523647587e-03 1.435798672205e-03 2.494309676182e-05
1.542110084840e-03 1.115040002743e-03 3.080498259486e-05
5.252634067429e-04 1.408504112660e-03 1.000000000000e-04
1.546875640554e-03 1.195824602315e-03 4.901957484444e-05
3.878176998500e-04 1.526075797975e-03 4.309621622461e-05
1.947082966718e-03 1.565450533830e-03 2.090909193211e-05
1.346135686467e-04 1.653963069281e-03 4.393083702848e-05
1.217763719779e-03 1.278118565676e-03 4.417065401338e-05
1.004299063980e-03 1.287268222412e-03 4.737216913686e-05
1.064086481000e-03 1.307239617487e-03 1.566267721913e-05
4.805614327681e-05 1.720828179173e-03 6.544526094372e-05
2.048056143277e-03 1.720828179173e-03 6.544526094372e-05
6.457093451557e-04 1.408504112768e-03 2.044593841284e-05
8.867644905482e-04 1.302622952617e-03 4.972153935046e-05
2.070868758448e-04 1.687295414999e-03 3.435119120780e-05
1.717599543912e-03 1.468635574097e-03 3.491011449977e-05
1.964058107869e-03 1.727995194746e-03 1.885797781087e-05
1.141866627002e-03 1.344794054070e-03 5.620514435850e-05
1.785397577120e-03 1.558607934664e-03 7.774688249960e-05
7.763180022824e-04 1.378642747865e-03 8.435843518999e-05
9.558110224699e-04 1.379885873633e-03 5.389787350827e-05
-4.808831099969e-05 1.820782183652e-03 7.324345200510e-05
1.951911689000e-03 1.820782183652e-03 7.324345200510e-05
2.598555797446e-04 1.717412884712e-03 2.640733159484e-05
1.272901967951e-03 1.396722999653e-03 8.413631612871e-05
8.837703557715e-04 1.414093752214e-03 2.584977018026e-05
8.663939789023e-04 1.539497509734e-03 1.000000000000e-04
1.556038743981e-04 1.752015069673e-03 4.653302538184e-05
1.065813323243e-03 1.451310676655e-03 7.467608385867e-05
7.433830182786e-04 1.564517583615e-03 2.553007117029e-05
1.833824390512e-03 1.904918036474e-03 7.161882405001e-05
3.421429216236e-04 1.737387902458e-03 5.826974893720e-05
6.639769194586e-04 1.485848209041e-03 5.881923011669e-05
9.883240257192e-04 1.574676481215e-03 2.690429053699e-05
1.002848142688e-04 1.791721011808e-03 2.156073537803e-05
1.182047288755e-03 1.493870090315e-03 4.887552001453e-05
4.291078893889e-05 1.886056950576e-03 3.874597332905e-05
1.933252036710e-03 1.953664981817e-03 3.911566455817e-05
2.479113134953e-04 1.860614133431e-03 9.599563826788e-05
1.105827630750e-03 1.621100524743e-03 9.943853466520e-05
3.511533017187e-04 1.949369639088e-03 4.015298609776e-05
1.746055905491e-03 1.911132584308e-03 1.636941078127e-05
6.873802325872e-04 1.581711767151e-03 3.305300407567e-05
1.379732295722e-03 1.115820991593e-03 3.261011816095e-05
1.173713855954e-04 1.845160911805e-03 3.454428963204e-05
1.748565814400e-03 1.959535639266e-03 2.963386826496e-05
1.418411896415e-03 1.193565768516e-03 5.422513878308e-05
7.582240336977e-04 1.641637492377e-03 4.877282655701e-05
1.557712633412e-03 1.323558052028e-03 7.712814199396e-05
1.224132042818e-04 1.928046279829e-03 4.647144489174e-05
1.660683229958e-03 1.362602517872e-03 3.299639689798e-05
1.620407703043e-03 1.426573649337e-03 4.259741058169e-05
4.684238403906e-05 1.959367844326e-03 3.467026862372e-05
1.439437258897e-03 1.323558052135e-03 4.114723252107e-05
1.245177663283e-03 1.712424044630e-03 6.717084808660e-05
9.808148903322e-04 1.673397673504e-03 3.042741497525e-05
1.011365713640e-03 1.727119968688e-03 3.137418536493e-05
1.553472043172e-03 1.426573649337e-03 2.433824928898e-05
1.439548807272e-03 1.474799097724e-03 9.937188590651e-05
1.587544565047e-03 1.519627515552e-03 5.526423976978e-05
1.520346142591e-03 1.605042466273e-03 5.341575741079e-05
6.864686069112e-04 1.696009835015e-03 4.125613465328e-05
1.654430947402e-03 1.564633051090e-03 2.535391186912e-05
4.641765737457e-04 1.526381852547e-03 3.276581911947e-05
9.142211268705e-04 1.667890977297e-03 3.459884529117e-05
1.316023302811e-03 1.529495988435e-03 3.572178569153e-05
6.168253149293e-04 1.712557633227e-03 3.032619518132e-05
1.358255605345e-03 1.550129827922e-03 1.128164726134e-05
1.584226395669e-03 1.654368226492e-03 2.729184665870e-05
1.538017996190e-03 1.681407843114e-03 2.496769230747e-05
1.790230637251e-03 -8.194158646708e-08 2.812853373529e-05
1.790230637251e-03 1.999918058414e-03 2.812853373529e-05
1.327511654710e-03 1.767186859571e-03 3.103910877997e-05
1.272801901077e-03 1.796126195446e-03 2.097273249384e-05
9.571596331808e-04 1.768771573766e-03 3.698629564775e-05
5.556592931589e-04 1.765513210699e-03 5.057859239694e-05
1.323167741506e-03 1.853456452875e-03 5.533990038930e-05
1.420603381377e-03 1.872010102403e-03 3.667504521069e-05
2.859548641138e-04 -9.256999807031e-06 3.706483098650e-05
2.859548641138e-04 1.990743000193e-03 3.706483098650e-05
1.113206991838e-03 1.814141393265e-03 9.373788777135e-05
6.401057873554e-04 1.792466770832e-03 3.799154952221e-05
1.374612752021e-03 1.938711650456e-03 4.423545430339e-05
1.498505146043e-03 1.923916610480e-03 5.693569675276e-05
1.236919767992e-03 1.889717057032e-03 3.790176316026e-05
7.476408713917e-04 1.844810213120e-03 8.160623578021e-05
8.843757894854e-04 1.853768790342e-03 5.542184138616e-05
9.889736594123e-04 1.917307691256e-03 6.696241545549e-05
1.144897864825e-03 -4.368021475281e-05 5.192956937670e-05
1.144897864825e-03 1.956319785247e-03 5.192956937670e-05
4.839051445033e-04 1.806034469691e-03 3.182671864565e-05
5.385232882865e-04 1.859269751647e-03 4.439881572928e-05
6.084280438362e-04 1.847972655459e-03 2.591762558360e-05
4.331882833134e-04 1.556991562910e-03 1.079136757118e-05
6.023117228608e-04 1.916761231360e-03 4.147454815592e-05
4.432994320608e-04 1.881904543321e-03 5.347823259457e-05
6.743690110792e-04 1.929154544404e-03 3.011991036933e-05
1.650390625000e-03 1.798828125000e-03 4.175826277768e-05
1.068359375000e-03 6.230468750000e-04 7.509096721015e-05
3.574218750000e-04 4.433593750000e-04 1.698040161184e-05
1.699218750000e-04 9.316406250000e-04 3.794194574289e-05
1.779296875000e-03 1.736328125000e-03 3.443533027590e-05
5.371093750000e-04 2.324218750000e-04 3.885686474617e-05
5.644531250000e-04 1.599609375000e-03 5.977232704293e-05
1.447265625000e-03 1.748046875000e-03 5.878812218086e-05
2.792968750000e-04 3.691406250000e-04 2.486127599985e-05
4.511718750000e-04 4.042968750000e-04 2.998020544544e-05
9.121093750000e-04 6.425781250000e-04 2.459307090735e-05
2.167968750000e-04 8.222656250000e-04 5.164684194590e-05
1.357421875000e-03 9.550781250000e-04 1.623329040286e-05
1.197265625000e-03 5.410156250000e-04 4.512639667886e-05
8.808593750000e-04 1.052734375000e-03 3.662413847388e-05
1.431640625000e-03 8.574218750000e-04 4.556394871727e-05
1.685546875000e-03 1.677734375000e-03 2.554572665787e-05
1.880859375000e-03 1.681640625000e-03 2.310720438589e-05
4.355468750000e-04 1.642578125000e-03 2.020280929661e-05
1.369140625000e-03 1.638671875000e-03 2.833384819019e-05
1.972656250000e-04 3.105468750000e-04 3.154515302283e-05
1.650390625000e-03 1.908203125000e-03 2.148062438408e-05
