# 2D packing, generated 2026-10-01T15:39:22.844765+00:00
# generator = preprocess/generate_packing_gravity.py
# periodic axes = xy
# porosity_achieved = 0.374809  (target 0.375000)
# 282 distinct grains; 310 rows including 28 periodic edge images.
# Centres span [-R, L+R]: a grain need only be PARTLY inside.
# Do NOT drop the out-of-box rows -- they carry the conduction
# paths that cross the domain edge, and k_eff depends on them.
# header row is 'Lx Ly'; grain rows are 'x y r', all in metres
2.000000000000e-03 2.000000000000e-03
1.313195584342e-03 2.249122615246e-05 8.957239897296e-05
1.313195584342e-03 2.022491226152e-03 8.957239897296e-05
1.464958001446e-03 8.614224669834e-05 6.586793294417e-05
1.167036618721e-03 4.138720864451e-05 5.780419946445e-05
1.167036618721e-03 2.041387208645e-03 5.780419946445e-05
1.228813631221e-03 1.113761190724e-04 3.298721878390e-05
1.361598795997e-03 1.737115825087e-04 6.920605936728e-05
1.011087819329e-03 6.550836841285e-05 1.000000000000e-04
1.011087819329e-03 2.065508368413e-03 1.000000000000e-04
1.216793688087e-03 2.550414486950e-04 9.683026800330e-05
4.437665266824e-04 3.423723420225e-05 4.123976603818e-05
4.437665266824e-04 2.034237234202e-03 4.123976603818e-05
8.934671718916e-04 1.142643275095e-04 2.732588893721e-05
8.302854058373e-04 1.670029984829e-04 5.497442872794e-05
1.083340611612e-03 1.983701260319e-04 4.815724641178e-05
5.745142412166e-04 3.707927617013e-05 3.125004510325e-05
9.412021016733e-04 1.971643346521e-04 4.905520838176e-05
1.478843254683e-03 2.119059886685e-04 5.410282321058e-05
1.884072994838e-03 3.001692709332e-05 5.617383228699e-05
1.884072994838e-03 2.030016927093e-03 5.617383228699e-05
-9.171534594743e-06 1.321134286229e-05 4.203072156559e-05
-9.171534594743e-06 2.013211342862e-03 4.203072156559e-05
1.990828465405e-03 1.321134286229e-05 4.203072156559e-05
1.990828465405e-03 2.013211342862e-03 4.203072156559e-05
8.721359913691e-04 3.198987870288e-04 9.177805799179e-05
1.781042443344e-03 7.815165102870e-05 5.754629588648e-05
3.154776107247e-04 7.783753133562e-06 3.837377156506e-05
3.154776107247e-04 2.007783753134e-03 3.837377156506e-05
6.747714998840e-04 1.753174497843e-05 1.549644436286e-05
1.396381495953e-03 2.763022318875e-04 3.912100100763e-05
1.098399939186e-03 2.670888787084e-04 2.217492475099e-05
6.913796622341e-04 3.724984420441e-04 9.647612398897e-05
1.060359947829e-03 3.611917356058e-04 7.932578301870e-05
1.656714888925e-03 1.360009277946e-04 7.958098850276e-05
1.334267363707e-03 2.789365859936e-04 2.304918524377e-05
8.197117575355e-04 4.525572090947e-04 5.086360654972e-05
1.333553024294e-03 3.666256517960e-04 6.383669910332e-05
1.808894893836e-03 1.990998431215e-04 6.656749162702e-05
9.506543016311e-04 4.781785392415e-04 8.105265751690e-05
5.630985086103e-04 3.854772318389e-04 3.245993355386e-05
4.925246967857e-05 2.547601960809e-05 1.766674255186e-05
1.711977505868e-03 2.526403945828e-04 4.415553378235e-05
1.116907259308e-03 5.089107650819e-04 7.884663409973e-05
3.655818519157e-04 7.539633386923e-05 4.578023047326e-05
5.886804387388e-04 4.412204511613e-04 2.709524626039e-05
5.154710221790e-04 9.137159881125e-05 4.896066507157e-05
1.479059194593e-03 3.263854303089e-04 5.754340762196e-05
8.256282646055e-04 5.866112689560e-04 8.332118243894e-05
1.624014354915e-03 3.539440788638e-04 9.000848267988e-05
1.018831654241e-03 5.833319883748e-04 4.426852816970e-05
1.954024250694e-03 6.646572538558e-05 2.270399060324e-05
1.754093215773e-05 1.522932371947e-04 8.407032223956e-05
2.017540932158e-03 1.522932371947e-04 8.407032223956e-05
1.516681500153e-03 4.018044763857e-04 2.673877318868e-05
1.217502418785e-03 5.032789046071e-04 2.190605762385e-05
4.338572759188e-04 1.304336021166e-04 4.151940838220e-05
1.752412654885e-03 4.373673754534e-04 6.311111190126e-05
1.325108766452e-04 1.879061892621e-04 3.628905500347e-05
1.091201142041e-03 6.176051809979e-04 3.284616714784e-05
3.644429250927e-04 1.741975887271e-04 4.053934270508e-05
1.917332441612e-03 2.407469914835e-04 4.959273942873e-05
1.300550346758e-03 4.885171670215e-04 6.244361726852e-05
1.666860617447e-03 4.596791100236e-04 2.407793423456e-05
1.231841069854e-03 5.677130189553e-04 4.184466581563e-05
4.842092454064e-04 5.136009256331e-04 1.000000000000e-04
3.153900904231e-04 6.009225080375e-04 9.006580636651e-05
1.604822897490e-03 4.900728143210e-04 4.500503270708e-05
1.435708394290e-03 4.458460958209e-04 6.543664926642e-05
1.514862407172e-03 5.411251504696e-04 5.843205591032e-05
1.431751451219e-03 5.311916991345e-04 2.000063512361e-05
1.169099643445e-03 6.290336448096e-04 4.588620554410e-05
1.986564755602e-04 2.108895507329e-04 3.373578316345e-05
1.689875714004e-03 5.307424285425e-04 4.927115379947e-05
9.497255280631e-04 6.408718629327e-04 4.565640721511e-05
1.756206674764e-03 5.624192111758e-04 2.422920488856e-05
8.746674177324e-05 2.883906906768e-04 6.893999076516e-05
1.426737574322e-03 5.926889060984e-04 4.170062492036e-05
2.276236300781e-04 3.152906204675e-04 7.377497988238e-05
6.348936424687e-04 5.061954307394e-04 4.710001210049e-05
1.296304934343e-04 4.024304843600e-04 5.264482136763e-05
2.231160376255e-04 4.365388048047e-04 4.686863309283e-05
8.821716760198e-04 6.970597704526e-04 4.075972772322e-05
1.256548388685e-03 6.715884922725e-04 5.136706301891e-05
1.340688588237e-03 6.975636896610e-04 3.669135018363e-05
1.719398415225e-03 6.245563050936e-04 4.798870311393e-05
6.183720004062e-04 6.207997551657e-04 6.868908856819e-05
1.492227762821e-03 6.308348638219e-04 3.408907691710e-05
1.844919166767e-03 4.329486422836e-04 2.950093581666e-05
1.617950690157e-03 6.876934999698e-04 7.150165758400e-05
8.225451769804e-04 7.189952192466e-04 2.267864510601e-05
1.162607268273e-03 7.387173409143e-04 6.398663841056e-05
4.428632897541e-04 6.465859096777e-04 3.926413480356e-05
1.506426020100e-03 7.049215423132e-04 4.134583897086e-05
-1.784848559660e-05 2.957005298763e-04 3.538612452541e-05
1.982151514403e-03 2.957005298763e-04 3.538612452541e-05
2.095390421230e-04 6.687610822820e-04 3.565823228729e-05
1.251206527841e-03 7.625130057826e-04 2.775246162963e-05
1.333074242792e-03 7.890527328297e-04 5.511400524556e-05
1.453764273645e-03 8.242679906254e-04 7.060869728183e-05
1.037511438617e-03 6.630684904332e-04 3.750649586708e-05
1.911636073409e-03 3.342730229481e-04 4.410661480693e-05
6.828978568395e-06 3.917882726146e-04 6.218403581860e-05
2.006828978568e-03 3.917882726146e-04 6.218403581860e-05
7.115628429412e-04 6.776984143158e-04 4.049877955579e-05
3.922603153199e-04 6.889802374425e-04 2.483167365257e-05
1.352179162213e-03 8.988057968657e-04 5.538594974570e-05
1.734903445882e-03 7.218157529123e-04 5.032721920764e-05
1.669398047181e-03 7.856082123233e-04 3.910541173465e-05
9.544702836303e-04 7.240694670020e-04 3.641944850564e-05
8.564844701764e-04 7.728213254839e-04 3.923814990757e-05
2.620158351296e-04 7.062191744368e-04 2.798589882916e-05
1.221899228440e-03 8.314837901955e-04 4.610945896283e-05
6.942015863460e-05 5.077281666626e-04 6.865188491840e-05
3.367162262175e-04 7.394654165278e-04 4.971316765924e-05
9.263137835866e-04 7.930145165656e-04 3.336816645959e-05
8.789861686272e-04 8.465804665039e-04 3.787700119232e-05
1.565004753818e-03 8.634203114108e-04 4.732072505511e-05
5.209989560396e-04 6.711693966902e-04 4.094033520357e-05
1.060759493219e-03 7.348385582850e-04 3.793497004648e-05
2.500474338531e-04 7.782022117961e-04 4.498534314398e-05
1.816965140324e-03 7.218151511807e-04 3.173447524150e-05
4.001008965958e-04 7.466832262664e-04 1.407810504904e-05
1.261125664977e-03 9.173473202080e-04 3.753620825078e-05
1.000590574611e-03 7.795093529955e-04 3.569620629409e-05
1.500153279943e-03 9.185375982586e-04 3.445651498607e-05
1.804700042475e-03 8.549574366098e-04 1.000000000000e-04
7.597691212125e-04 7.703822153639e-04 5.750797483778e-05
4.184687931908e-04 8.349959733949e-04 7.602294291396e-05
1.544649577875e-04 5.504106192347e-04 2.643919407031e-05
1.162910084892e-04 6.112389773410e-04 4.497630770412e-05
1.670765571343e-03 8.864296632206e-04 3.758076222577e-05
1.703392318798e-03 9.870827814201e-04 6.649432908726e-05
1.432435118889e-03 9.482232846877e-04 3.886428465577e-05
1.483737969208e-03 9.658901200704e-04 1.539527232085e-05
1.088972073813e-03 7.992965170677e-04 3.130085003858e-05
-5.089546978382e-05 5.051019611086e-04 5.169240845393e-05
1.949104530216e-03 5.051019611086e-04 5.169240845393e-05
1.302118683513e-04 7.098034647624e-04 5.365741067116e-05
1.679999771938e-04 7.909284368009e-04 3.583673661268e-05
1.128463278316e-03 9.536364335287e-04 1.000000000000e-04
1.301733124925e-03 1.053524171796e-03 1.000000000000e-04
1.567082188611e-03 9.997558065017e-04 7.040365174620e-05
1.183326082199e-03 1.062439977022e-03 1.874223911510e-05
2.876767512383e-04 8.790866732264e-04 6.200077986485e-05
1.424594277291e-03 1.104419180690e-03 3.298558076299e-05
7.998578284476e-04 8.715090713951e-04 4.508521704945e-05
9.435540992214e-05 7.967235743289e-04 3.800654280002e-05
1.653660402649e-03 1.116432604810e-03 7.208647872912e-05
2.634071858478e-05 8.172788197872e-04 3.304636955104e-05
2.026340718585e-03 8.172788197872e-04 3.304636955104e-05
1.789962154161e-03 1.198614461180e-03 8.707389630802e-05
5.644295308589e-04 8.348984825332e-04 6.993782731244e-05
9.683490486056e-04 8.824032795407e-04 5.839865481108e-05
6.823120479319e-04 8.469683794525e-04 4.856099227284e-05
9.871242590398e-04 9.860410113261e-04 4.500612067194e-05
1.162848582137e-03 1.151987877082e-03 7.024693091010e-05
8.594509560276e-04 9.039445671957e-04 2.272223617457e-05
1.037142909924e-03 1.038455154813e-03 2.463396472727e-05
1.451773592276e-04 9.119075621945e-04 8.422947513074e-05
1.651534349435e-03 1.249674762286e-03 6.047069995205e-05
1.734479689824e-03 1.335020396933e-03 5.854109293243e-05
2.764043941917e-04 1.041214474297e-03 1.000000000000e-04
1.387232609623e-03 1.225381716947e-03 9.195097735873e-05
-1.908042277879e-05 9.237414729181e-04 8.045404071918e-05
1.980919577221e-03 9.237414729181e-04 8.045404071918e-05
1.249766186056e-03 1.230938585062e-03 4.562771427415e-05
1.516709009156e-03 1.278190083618e-03 4.788056996353e-05
1.215732794406e-04 1.051395308208e-03 5.516547126924e-05
7.270602769065e-04 9.518237376119e-04 6.331187333244e-05
1.723857180429e-04 1.133474261143e-03 3.903867539867e-05
4.605097780161e-04 1.063997440053e-03 8.550971910334e-05
1.650906483594e-03 1.353191145787e-03 2.698467460914e-05
9.692748465633e-04 1.095321631386e-03 6.390907668292e-05
8.608386216473e-04 1.139568119463e-03 5.320696227485e-05
1.675106407372e-03 1.412466545161e-03 3.702780495274e-05
6.116415838312e-04 1.017631851690e-03 6.954964351144e-05
1.611034730146e-03 1.431474479258e-03 2.980393559791e-05
1.056639767061e-04 1.176458561661e-03 4.033034159198e-05
1.659372631968e-03 1.525905260981e-03 7.627965901672e-05
7.498067218353e-04 1.195985039509e-03 7.133600879678e-05
1.080185633592e-03 1.192889794399e-03 2.198175173483e-05
1.555089226158e-03 1.432529569282e-03 2.615152241072e-05
1.480767861883e-03 1.437556747165e-03 4.833967303697e-05
1.561099593289e-03 1.487562432540e-03 2.920858958801e-05
3.691376277674e-04 1.152429012814e-03 4.164771442744e-05
3.381733593378e-05 1.027075151870e-03 3.563145140395e-05
2.033817335934e-03 1.027075151870e-03 3.563145140395e-05
1.508672722874e-03 1.511678255604e-03 2.849888435564e-05
1.915922684355e-03 1.232232704115e-03 4.329573752067e-05
1.288722968216e-03 1.301283975953e-03 3.240859152172e-05
1.401625483639e-03 1.542530960129e-03 8.290580460489e-05
4.385968541566e-04 1.175037467341e-03 2.767183368809e-05
1.554154745959e-03 1.558431167542e-03 3.385091575426e-05
1.787982814513e-03 1.585462843114e-03 6.545145143060e-05
1.502326962952e-03 1.602846234832e-03 3.440463415805e-05
3.928167708130e-04 1.261414681656e-03 6.988065787397e-05
5.683031550994e-04 1.105721904882e-03 2.862406430279e-05
1.107652000799e-03 1.246694915487e-03 3.842844924891e-05
1.902712510129e-03 1.663713700428e-03 6.748720554206e-05
1.178900219580e-03 1.293665452824e-03 4.690935044769e-05
1.452536114370e-03 1.637375162521e-03 2.473864472984e-05
1.408626837724e-03 1.670960313483e-03 3.054234753830e-05
5.338988389904e-04 1.143517405226e-03 2.248519925384e-05
9.432302705323e-04 1.214631475431e-03 5.821036823369e-05
2.024899231786e-05 1.685607765286e-03 5.207124181385e-05
2.020248992318e-03 1.685607765286e-03 5.207124181385e-05
1.016256534817e-03 1.233464748699e-03 1.720532945147e-05
1.518265870592e-03 1.707189903127e-03 7.114941178096e-05
1.274569173091e-03 1.550751853340e-03 4.441620691228e-05
-3.835927110120e-05 1.767198085201e-03 4.804972773493e-05
1.961640728899e-03 1.767198085201e-03 4.804972773493e-05
1.787336071019e-03 1.706469371397e-03 5.555701089641e-05
1.859945673695e-03 1.791977677178e-03 5.662083695710e-05
1.304778291815e-03 1.647208424728e-03 5.644332508466e-05
1.161700924140e-03 1.646901531051e-03 8.663437606983e-05
5.893580822807e-04 1.245823690285e-03 9.388620459141e-05
8.630176850784e-04 1.260940033358e-03 3.441004745561e-05
1.254450407989e-03 1.718149006348e-03 3.020111089527e-05
1.422725183558e-03 1.726573139358e-03 2.622085576832e-05
1.447185317286e-03 1.769898286302e-03 2.353219941159e-05
7.180487849557e-04 1.317865872011e-03 5.359726195813e-05
5.357279358936e-05 1.784168162482e-03 4.543554756454e-05
1.938436056946e-03 1.837031272071e-03 2.491440597026e-05
1.788239642419e-05 1.892256914277e-03 6.796453480097e-05
2.017882396424e-03 1.892256914277e-03 6.796453480097e-05
4.837275740329e-04 1.328225366866e-03 4.008334634056e-05
9.751717025878e-04 1.640637387973e-03 1.000000000000e-04
1.779099729936e-04 1.215849835646e-03 4.195669533216e-05
1.661529408455e-03 1.767885367672e-03 8.444109919730e-05
5.615687677312e-04 1.415048938459e-03 7.652532048434e-05
8.047859484475e-04 1.650162684901e-03 7.014026791069e-05
1.205342874536e-03 1.761451578490e-03 3.527150289696e-05
1.082752065931e-04 1.254995856868e-03 3.792704312054e-05
2.405593103491e-04 1.343234151316e-03 1.000000000000e-04
1.162159325471e-04 1.357289036605e-03 2.513518851103e-05
1.317343513544e-03 1.739634945023e-03 3.626082132827e-05
1.135156016392e-03 1.765645579680e-03 3.504055769155e-05
6.850943729264e-04 1.411807070752e-03 4.595645265401e-05
3.667192585987e-04 1.355477630226e-03 2.675265408728e-05
4.632354106605e-04 1.421008576955e-03 2.198846740243e-05
1.221073590768e-04 1.438026908740e-03 5.170549773026e-05
1.396321487384e-03 1.770840188556e-03 2.531552118979e-05
4.478517070989e-04 1.522059021831e-03 7.962437635210e-05
6.446236354903e-04 1.470670608199e-03 2.343407728850e-05
5.561898221004e-04 1.578253103262e-03 4.242037752908e-05
1.764157635128e-03 1.871612277406e-03 5.688145878038e-05
1.560723784844e-03 1.785295683628e-03 1.775056076947e-05
2.994175572831e-04 1.498860921551e-03 6.638504994743e-05
1.886912468959e-03 1.909713122950e-03 6.416360751628e-05
1.187926133796e-03 1.836473455599e-03 4.174554141603e-05
1.785351918606e-03 -2.652578314063e-05 4.716205308516e-05
1.785351918606e-03 1.973474216859e-03 4.716205308516e-05
1.866735689964e-04 1.510426642559e-03 4.530232308904e-05
1.280261460747e-03 1.841753705351e-03 5.074064217964e-05
6.115652755598e-04 1.500863503193e-03 2.133718659186e-05
1.425486073976e-03 1.836537057989e-03 4.655048783861e-05
2.270123054248e-04 1.635176539738e-03 8.580736981730e-05
6.983609730874e-04 1.656820052346e-03 3.649272849142e-05
1.549957659028e-03 1.867421501137e-03 6.507808499919e-05
6.091293297517e-04 1.657104726330e-03 5.255419765183e-05
3.510828766790e-04 1.597938656191e-03 4.334686195769e-05
6.687412482858e-04 1.718942667454e-03 3.232985068965e-05
5.979720516038e-04 1.762464268299e-03 5.075088678379e-05
1.448710938809e-03 -5.132318826347e-05 6.474353123964e-05
1.448710938809e-03 1.948676811737e-03 6.474353123964e-05
1.036059021804e-03 1.789890270801e-03 6.027088636103e-05
1.537887700975e-03 1.969667773327e-03 2.687054886117e-05
9.531249010816e-04 1.765012612464e-03 2.631415059823e-05
5.201477055591e-04 1.782919550251e-03 2.754537331662e-05
6.874068496649e-04 1.793874640349e-03 4.306589786129e-05
5.534246655824e-04 1.842130648858e-03 4.037598131621e-05
1.117391167363e-03 1.827540001900e-03 2.935290439118e-05
4.145327151619e-04 1.867980008979e-03 1.000000000000e-04
1.646321229725e-03 1.906385084554e-03 3.886480010272e-05
7.481209170120e-04 1.831595171793e-03 2.841162642389e-05
1.127799760074e-04 1.641434691143e-03 2.825978671220e-05
1.352264456424e-03 1.916673965966e-03 2.192308480240e-05
9.203624773633e-04 1.857455071313e-03 7.176232142761e-05
1.217858403161e-03 1.896772344432e-03 2.557382408515e-05
1.109064684567e-03 1.900330127969e-03 4.391200446016e-05
1.648709450246e-04 1.774036361620e-03 6.632284174445e-05
8.424775943578e-04 1.914313095603e-03 2.466848281564e-05
5.576483237874e-04 -5.511040434449e-05 6.246973084803e-05
5.576483237874e-04 1.944889595656e-03 6.246973084803e-05
6.310226805370e-04 1.851887177041e-03 3.783298383902e-05
4.752732754860e-04 -2.213971530733e-05 2.334378957916e-05
4.752732754860e-04 1.977860284693e-03 2.334378957916e-05
8.749020213524e-04 1.957784953792e-03 2.956386101328e-05
1.020865287742e-03 1.919490872466e-03 4.634476349834e-05
2.862813789452e-04 1.901076135080e-03 3.245285502484e-05
1.106872747900e-03 -2.442552901005e-05 3.136434091029e-05
1.106872747900e-03 1.975574470990e-03 3.136434091029e-05
7.903502636623e-04 1.894793561644e-03 3.099365577050e-05
2.206551086895e-04 1.918376287665e-03 3.541541905921e-05
7.039201215846e-04 1.913094005513e-03 5.735269686867e-05
7.906887604349e-04 -2.054879733545e-05 4.927099368270e-05
7.906887604349e-04 1.979451202665e-03 4.927099368270e-05
1.923828125000e-03 1.423828125000e-03 2.728408916884e-05
1.021484375000e-03 1.404296875000e-03 2.328751386136e-05
8.691406250000e-04 1.431640625000e-03 3.469390895138e-05
-3.710937500000e-05 6.777343750000e-04 3.942113979455e-05
1.962890625000e-03 6.777343750000e-04 3.942113979455e-05
6.621093750000e-04 1.582031250000e-04 6.246526583472e-05
4.394531250000e-04 3.066406250000e-04 8.205697623262e-05
1.150390625000e-03 1.447265625000e-03 6.027905558045e-05
1.777343750000e-04 5.273437500000e-05 3.049121486077e-05
-1.953125000000e-06 1.525390625000e-03 2.110375235056e-05
1.998046875000e-03 1.525390625000e-03 2.110375235056e-05
1.953125000000e-06 1.333984375000e-03 7.850836074597e-05
2.001953125000e-03 1.333984375000e-03 7.850836074597e-05
