# 2D packing, generated 2026-09-28T18:42:33.752375+00:00
# generator = preprocess/generate_packing_gravity.py
# periodic axes = xy
# porosity_achieved = 0.250225  (target 0.250000)
# 360 distinct grains; 400 rows including 40 periodic edge images.
# Centres span [-R, L+R]: a grain need only be PARTLY inside.
# Do NOT drop the out-of-box rows -- they carry the conduction
# paths that cross the domain edge, and k_eff depends on them.
# header row is 'Lx Ly'; grain rows are 'x y r', all in metres
2.000000000000e-03 2.000000000000e-03
8.757405862396e-04 9.012685237935e-05 6.420981670879e-05
5.369963265800e-04 6.544974605898e-06 4.683165721768e-05
5.369963265800e-04 2.006544974606e-03 4.683165721768e-05
1.136842748446e-03 9.225442456807e-05 7.756151458997e-05
9.843702668116e-04 1.367192875902e-04 5.399028207983e-05
1.076456868333e-03 2.132821242436e-04 5.767004782812e-05
1.247394145709e-03 2.312010590796e-04 1.000000000000e-04
1.436993979658e-03 2.145313952882e-04 9.033137719860e-05
1.337765250573e-03 4.096184114300e-04 1.000000000000e-04
7.364690580774e-04 7.542091967391e-05 7.583597936535e-05
7.364690580774e-04 2.075420919674e-03 7.583597936535e-05
1.530768450452e-03 1.552143797306e-05 3.928017282676e-05
1.530768450452e-03 2.015521437973e-03 3.928017282676e-05
2.443240588317e-04 5.295752100489e-05 5.472596699118e-05
2.443240588317e-04 2.052957521005e-03 5.472596699118e-05
9.060109631766e-05 2.440745560929e-05 3.775685282126e-05
9.060109631766e-05 2.024407455609e-03 3.775685282126e-05
4.341460466883e-04 5.158166405516e-05 5.003988645698e-05
6.062401697721e-04 9.753601370306e-05 4.468514622451e-05
9.592928828307e-04 2.555953933150e-04 6.690046513998e-05
1.588517007439e-03 1.237808930278e-05 1.851177653311e-05
1.588517007439e-03 2.012378089303e-03 1.851177653311e-05
1.119459450367e-03 2.999078913158e-04 3.904213613791e-05
1.179274108845e-03 3.602373952731e-04 4.591340528191e-05
1.227970836707e-04 8.135396979699e-05 2.766093590985e-05
1.579889597917e-03 6.195554527553e-05 2.831430628512e-05
8.014457689686e-04 1.957676558025e-04 6.093139241620e-05
1.575209138866e-03 2.209861933292e-04 4.803448921783e-05
1.534331138730e-03 3.245169923591e-04 5.654055539396e-05
1.473970107426e-03 3.958442796221e-04 3.689962094185e-05
1.562955795965e-03 4.397498883076e-04 6.178025388280e-05
4.657444830676e-05 9.272821256538e-05 4.112880631349e-05
1.464389995000e-03 4.743928569984e-04 4.223133268954e-05
1.036813528549e-03 3.660310763354e-04 6.680031382913e-05
1.527759059409e-03 6.017265386651e-04 1.000000000000e-04
8.338460746394e-04 3.339666970677e-04 8.101492908255e-05
1.840363926255e-03 1.167526199880e-05 1.750778837900e-05
1.840363926255e-03 2.011675261999e-03 1.750778837900e-05
1.802798515680e-03 2.111653592759e-05 2.122588850678e-05
1.802798515680e-03 2.021116535928e-03 2.122588850678e-05
1.132692869301e-03 4.585696438001e-04 6.289401949305e-05
6.838782324288e-04 1.900025293560e-04 4.933878960533e-05
1.025702958005e-03 4.815565356907e-04 4.653754944075e-05
1.739086045773e-03 2.110900778362e-05 4.248658184444e-05
1.739086045773e-03 2.021109007784e-03 4.248658184444e-05
1.082992532050e-03 5.272187893384e-04 2.183848037078e-05
1.229733027455e-03 5.075186047042e-04 4.579280891398e-05
6.971184268985e-04 2.934283585131e-04 5.493107607973e-05
1.369652109058e-03 5.962252704507e-04 5.767392217131e-05
6.541035762544e-04 1.294986862394e-04 1.286933332105e-05
6.204433714371e-04 2.931784223494e-04 2.159561031596e-05
3.441473423560e-04 1.142825542647e-04 5.657922533170e-05
9.428193293333e-04 4.815602057062e-04 3.634615767165e-05
2.114718131062e-04 2.041555369689e-04 1.000000000000e-04
1.680947557854e-03 5.962174562207e-04 5.283136941574e-05
9.752877883107e-04 5.483859224030e-04 3.717543038443e-05
1.869072406547e-03 2.430625192843e-05 1.348996581080e-05
1.635727150647e-03 6.713652906425e-04 2.847840147952e-05
1.407543415201e-03 7.274954672848e-04 7.398170205554e-05
1.938268356779e-03 4.766520730768e-05 4.554978221566e-05
7.239317570618e-04 3.849720552022e-04 4.008123554080e-05
1.115808207348e-03 5.292884809974e-04 9.738108541389e-06
3.754947265459e-04 2.382379730385e-04 6.725210620323e-05
2.961066950005e-04 3.019573623417e-04 2.933779106716e-05
6.191999662918e-04 3.691083468658e-04 5.369096197978e-05
7.875815660784e-04 4.918918329849e-04 8.354738980331e-05
1.727247671161e-03 7.221283550046e-04 7.617778672595e-05
5.171580485041e-04 8.986743162471e-05 3.881990298628e-05
8.963136449715e-04 4.815604018344e-04 1.015956750200e-05
1.591483413811e-03 7.480870027270e-04 5.963210542798e-05
1.047354974608e-03 5.792035831146e-04 4.118892862238e-05
4.675079723665e-04 1.052603769735e-04 1.316156547033e-05
1.661796067052e-03 8.748281036103e-04 8.530706110124e-05
4.983732193099e-04 3.690152958480e-04 6.713582094971e-05
1.847501663393e-03 9.572873486875e-05 5.715705939265e-05
1.503635880365e-03 7.894816913092e-04 3.747979142809e-05
6.648254015865e-04 4.547893247738e-04 4.338071426113e-05
3.402552948089e-04 3.156743071579e-04 1.689265409517e-05
1.449725740401e-03 8.129502869516e-04 2.131717801822e-05
-4.664425732538e-05 1.398514189881e-04 4.786288791817e-05
1.953355742675e-03 1.398514189881e-04 4.786288791817e-05
3.037161071268e-05 1.653284655656e-04 3.325754202135e-05
2.030371610713e-03 1.653284655656e-04 3.325754202135e-05
1.173664708816e-03 6.395988272799e-04 9.769567532846e-05
1.304772569118e-03 6.629924314341e-04 3.475825321006e-05
-9.658023892003e-05 7.207159875865e-04 1.000000000000e-04
1.903419761080e-03 7.207159875865e-04 1.000000000000e-04
1.275857005125e-03 7.280013844077e-04 3.636224364331e-05
1.793975153860e-03 8.189459109685e-04 4.140711159709e-05
5.691844144322e-04 4.595236092511e-04 4.773904586596e-05
3.964143041766e-04 3.690439371089e-04 3.481956476137e-05
4.127769682191e-04 4.733751832802e-04 6.783715552201e-05
5.084006005058e-04 4.485990950488e-04 1.304476806047e-05
7.910403170338e-05 2.094382857404e-04 3.247316324082e-05
1.795784831060e-03 9.148741686189e-04 5.453823762247e-05
6.647376049227e-04 5.526218964315e-04 5.348829852170e-05
1.371421591779e-03 8.785647469735e-04 8.084349786615e-05
7.602038931358e-04 6.564883617502e-04 8.331050319453e-05
1.040399535155e-03 6.567765476376e-04 3.667209028264e-05
1.726020921196e-03 9.940675796204e-04 5.012920006381e-05
9.164527227050e-04 6.414670100947e-04 7.294113705177e-05
1.551410157190e-03 8.367861174787e-04 2.973899601072e-05
1.073095470130e-03 7.076074239380e-04 2.371010469260e-05
8.525563742252e-04 7.222945210715e-04 3.008893447155e-05
1.204596368795e-03 7.934289242513e-04 5.921361843907e-05
9.553263073952e-05 2.767685029931e-04 3.680109623128e-05
1.813466299710e-03 1.005810572944e-03 3.810122823330e-05
1.909821199857e-03 1.005575293025e-03 5.825403669638e-05
1.844414689810e-03 1.085026104046e-03 4.453477402238e-05
5.820472803057e-04 6.783995061529e-04 9.618846121736e-05
1.772150572987e-03 1.050552609521e-03 2.279902562463e-05
1.286580132201e-03 7.913876771320e-04 2.279556376400e-05
9.439426323735e-04 8.063954260996e-04 9.410611914196e-05
1.625442062761e-03 1.006409445022e-03 5.120408178744e-05
1.692472927381e-03 1.143992784448e-03 1.000000000000e-04
1.379914522550e-05 1.005575686173e-03 4.572394899497e-05
2.013799145225e-03 1.005575686173e-03 4.572394899497e-05
1.481102165928e-03 1.014280836836e-03 9.335033454373e-05
6.936225753725e-04 7.700531999273e-04 4.799497041104e-05
1.848567463196e-03 1.193444025708e-03 6.373257492516e-05
1.553610878615e-03 1.125005797319e-03 3.889392195628e-05
6.306696282814e-04 7.810627484724e-04 1.591343049697e-05
-2.561752793685e-05 1.084906501593e-03 4.277520253232e-05
1.974382472063e-03 1.084906501593e-03 4.277520253232e-05
1.101527939232e-03 7.683222350306e-04 4.333237879011e-05
1.272801976147e-03 8.325545183193e-04 1.941733228781e-05
1.561247690609e-03 1.213269009598e-03 4.838888909267e-05
1.771108461852e-03 1.273313396939e-03 4.752843958602e-05
1.248629393676e-03 8.921965616462e-04 4.270307223832e-05
7.748467939721e-04 9.018434583008e-04 1.000000000000e-04
-3.563999450936e-05 1.176077591236e-03 4.894511922358e-05
1.964360005491e-03 1.176077591236e-03 4.894511922358e-05
2.183706976569e-04 3.981573481522e-04 9.412445280602e-05
2.928198969440e-04 5.521215981021e-04 7.565743257108e-05
1.694246734535e-03 1.276953689106e-03 2.941944442093e-05
1.366121662910e-03 1.014334373392e-03 2.163019712724e-05
1.598300029698e-03 1.329990027286e-03 7.407201179254e-05
1.367744962324e-03 1.077936364838e-03 3.665692541906e-05
8.040700558109e-05 3.967170030213e-04 4.381751165925e-05
6.428310286132e-04 8.232402026869e-04 2.554847582829e-05
1.894658801545e-03 1.353935689442e-03 1.000000000000e-04
1.493023936385e-03 1.329986104717e-03 3.120355503893e-05
1.078587527889e-03 8.616765262597e-04 5.144541236253e-05
1.161394596717e-03 8.726759570324e-04 3.104434254685e-05
6.517224256222e-04 9.018434584080e-04 2.312436834995e-05
1.741455594727e-03 1.373196502970e-03 5.440920152986e-05
8.164449454489e-05 1.176077591236e-03 6.833936983067e-05
6.613847813926e-04 9.514437653700e-04 2.382979754461e-05
5.006041053037e-04 4.836516115686e-04 2.055034498416e-05
1.179120174061e-03 9.484435213364e-04 4.671311250876e-05
1.792136316711e-03 1.502845952965e-03 8.076037504937e-05
1.081739739903e-03 9.652078996403e-04 5.209981477225e-05
1.657076217160e-03 1.439419778658e-03 5.014357067894e-05
1.673142581261e-03 1.529112019271e-03 4.088446845008e-05
1.151095494744e-03 1.047194195587e-03 5.524653224792e-05
1.511304326461e-03 1.388220920035e-03 2.983304362462e-05
6.890126661738e-04 1.027404465795e-03 5.209557553664e-05
4.608226084980e-04 5.870678831379e-04 5.559061183497e-05
1.082931567528e-05 1.237583139984e-03 2.545680325267e-05
2.010829315675e-03 1.237583139984e-03 2.545680325267e-05
6.146531306778e-04 1.027404465795e-03 2.226395995941e-05
3.833470312476e-04 5.891271207567e-04 2.191232765946e-05
1.891920115996e-03 1.472860493997e-03 1.895633458082e-05
1.260962555784e-03 1.142195108281e-03 8.796920078821e-05
1.574712016645e-03 1.528872327039e-03 5.754640135160e-05
4.042285440110e-05 1.353935689442e-03 4.576405285655e-05
2.040422854401e-03 1.353935689442e-03 4.576405285655e-05
1.637594455780e-03 1.618748272470e-03 5.214356115576e-05
6.142242731995e-04 1.115741304805e-03 6.364854245649e-05
3.552475527690e-04 6.575841893207e-04 4.689692418072e-05
1.487881292843e-03 1.529148523516e-03 2.928479037452e-05
4.342293879649e-04 7.278614671443e-04 5.882453092422e-05
2.761075559950e-04 6.597063587915e-04 3.227151533275e-05
9.953924682181e-04 9.303160370392e-04 4.007064400053e-05
1.747666480045e-03 1.638722071794e-03 5.972602201929e-05
8.145698917785e-04 1.089010288497e-03 8.776111644622e-05
1.673394960769e-03 1.702659972043e-03 3.758891559039e-05
3.354895409495e-04 7.449040624977e-04 4.137522269377e-05
1.898582187903e-03 1.518471074680e-03 2.682618534137e-05
1.774287211423e-03 1.796214098965e-03 1.000000000000e-04
1.957775622148e-04 7.665261944403e-04 1.000000000000e-04
1.375593877007e-03 1.526074186930e-03 8.304474266155e-05
7.078287731895e-04 1.140864716931e-03 3.090879610877e-05
2.117258933608e-06 1.408103048035e-03 2.033878344641e-05
2.002117258934e-03 1.408103048035e-03 2.033878344641e-05
1.470873621978e-03 1.583929029900e-03 2.738902367808e-05
9.942196487846e-04 1.079558318026e-03 9.189944042574e-05
9.078914993771e-04 1.210189918023e-03 6.468013948499e-05
1.004399585749e-03 1.210177161862e-03 3.181792811531e-05
1.622710301069e-03 1.797089026799e-03 5.157943556716e-05
9.810026287002e-04 1.272848477711e-03 3.160761863275e-05
1.071274482133e-03 1.272847912710e-03 5.866423491657e-05
5.095993321313e-04 8.011394122468e-04 4.629580831732e-05
3.822176917475e-04 8.281561638983e-04 5.409431414721e-05
1.167963710252e-03 1.272847912713e-03 3.802499326179e-05
1.539246715218e-03 1.797326982780e-03 3.188448954138e-05
1.266176169653e-03 1.528740442289e-03 2.577156367392e-05
1.269436220623e-03 1.601784258119e-03 4.734497244582e-05
1.350852403753e-03 1.655971300339e-03 4.793293270426e-05
1.137224073976e-03 1.332198346174e-03 2.881341410247e-05
1.406716253019e-03 1.792950796507e-03 1.000000000000e-04
1.230960440347e-03 1.363948059769e-03 7.015400828491e-05
1.567823290141e-03 1.841077915547e-03 1.875978752929e-05
-2.233919024901e-05 1.457222799598e-03 3.250494515556e-05
1.977660809751e-03 1.457222799598e-03 3.250494515556e-05
1.276726855069e-03 1.678729935746e-03 2.915917027250e-05
1.147120382976e-03 1.683938701144e-03 1.000000000000e-04
4.780070641582e-04 9.093853551804e-04 6.646613365474e-05
3.522345636721e-04 9.477437454519e-04 6.502564549044e-05
1.715098207589e-04 1.176077591290e-03 2.152595638335e-05
4.831280431554e-06 1.587724316408e-03 1.000000000000e-04
2.004831280432e-03 1.587724316408e-03 1.000000000000e-04
1.868504305452e-03 1.592478724501e-03 3.640985492769e-05
9.120185384524e-04 1.348174839257e-03 7.053378072882e-05
2.251006609466e-04 9.477437415865e-04 6.210825723513e-05
1.913897085338e-03 1.797325969035e-03 3.891940208865e-05
1.265850143452e-03 1.736605971619e-03 2.738688478947e-05
7.520136218024e-04 1.191045792230e-03 3.192401602758e-05
6.958549762861e-04 1.197474006370e-03 2.460133583563e-05
6.300046620933e-04 1.225173682474e-03 4.683770066073e-05
1.514194841703e-03 1.849352606898e-03 2.106036287454e-05
1.490958111046e-03 1.926692449337e-03 5.806176477526e-05
1.290936912997e-03 1.772158086583e-03 1.588416604178e-05
5.239279509650e-04 1.224992157551e-03 5.921324186155e-05
1.036765536606e-03 1.389946244358e-03 6.102099988771e-05
1.895145235971e-03 1.892787734865e-03 5.470335917434e-05
1.234365577046e-03 1.798523443443e-03 4.207572498671e-05
1.584597186288e-03 1.929120768411e-03 3.542487311438e-05
5.891869228861e-04 1.339993903502e-03 7.301435473328e-05
2.861859377441e-04 1.026161133319e-03 3.729344090586e-05
7.012580254954e-04 1.340180222173e-03 3.903940965879e-05
1.802270953982e-03 1.945478563129e-03 5.112721781483e-05
1.672838648854e-03 1.929120768411e-03 5.281658945228e-05
1.664293701326e-04 1.235070162222e-03 3.494953838286e-05
1.879377608832e-03 -2.098235665774e-05 3.295629634980e-05
1.879377608832e-03 1.979017643342e-03 3.295629634980e-05
1.289107470941e-03 1.841310467437e-03 2.716323123830e-05
9.657902605228e-04 1.422834318447e-03 1.720377388843e-05
6.793676318086e-04 1.445870276926e-03 6.606248469743e-05
8.173731693176e-04 1.200847920373e-03 2.411164283187e-05
3.667220399705e-04 1.064705510156e-03 5.199111961610e-05
4.471680744315e-04 1.225171150441e-03 1.754684693933e-05
1.097430109196e-04 1.279061799413e-03 3.680425917237e-05
8.314318163634e-04 1.239446975896e-03 1.696794630981e-05
9.886440980526e-04 1.454660213804e-03 1.962371903323e-05
9.364095560331e-04 1.465513565030e-03 3.372646946516e-05
3.827127891047e-04 1.225173683721e-03 4.690844098031e-05
1.208108094240e-03 -6.595933239149e-05 9.596189681663e-05
1.208108094240e-03 1.934040667609e-03 9.596189681663e-05
1.582423284887e-04 1.587841544882e-03 5.338274664994e-05
8.075264427920e-04 1.348174718965e-03 3.395831493903e-05
5.569457473600e-04 1.464792402092e-03 5.588158523330e-05
2.727109458379e-04 1.120386982716e-03 5.727237935057e-05
3.028890715290e-04 1.225173682632e-03 3.291527792029e-05
1.311577057949e-04 1.728521390322e-03 8.916178816083e-05
8.201382413390e-04 1.447723898705e-03 6.493578871538e-05
1.353506111853e-05 1.716038130689e-03 2.848979941418e-05
2.013535061119e-03 1.716038130689e-03 2.848979941418e-05
-2.720687195085e-05 1.864005299628e-03 2.810741151251e-05
1.972793128049e-03 1.864005299628e-03 2.810741151251e-05
3.258799877161e-04 1.291921501929e-03 3.767281819896e-05
4.406673421607e-04 1.264253926586e-03 2.207288198968e-05
3.111074687726e-05 1.760916482945e-03 1.598320148139e-05
4.011443371246e-04 1.309001017969e-03 3.762946403125e-05
1.346322499353e-03 1.938635973373e-03 4.232888269588e-05
6.210685026945e-04 1.523791836423e-03 3.125433247605e-05
4.655223625596e-04 1.372184972576e-03 5.257442878305e-05
9.944406078197e-04 1.680766532043e-03 5.105319052996e-05
2.164198477012e-04 1.347156819908e-03 8.493412534179e-05
4.337874031706e-04 1.492246407995e-03 7.029965732255e-05
6.776269089913e-04 1.540918144240e-03 2.699763798438e-05
7.514693114730e-04 1.523962450048e-03 3.766898039483e-05
1.029976874239e-03 1.771081515857e-03 4.600165049834e-05
6.336665260085e-04 1.603723806066e-03 4.966440637604e-05
3.530971036411e-05 1.821226584690e-03 4.412371402999e-05
2.035309710364e-03 1.821226584690e-03 4.412371402999e-05
8.204918739425e-04 1.548792841569e-03 3.563849215702e-05
8.936976932937e-04 1.525172604457e-03 3.964589729555e-05
7.647100281111e-04 1.608956603175e-03 4.640597576407e-05
9.743249968142e-04 1.534935929939e-03 4.157038553894e-05
5.219995762378e-04 1.589870319006e-03 6.112741679521e-05
1.111017535608e-03 1.808734516869e-03 2.991317317981e-05
8.344197636761e-04 1.609024477881e-03 2.330380398232e-05
1.053613862376e-03 1.863617241289e-03 4.950544951328e-05
1.033622371280e-03 -1.629780223299e-05 7.223257920544e-05
1.033622371280e-03 1.983702197767e-03 7.223257920544e-05
9.173156342358e-04 1.689495160590e-03 2.656415692528e-05
3.224658521626e-04 1.492028059580e-03 4.102212045858e-05
2.678125029966e-04 1.571853058646e-03 5.571990606002e-05
5.784385047035e-04 1.703695170453e-03 6.454780309122e-05
6.995320468241e-04 1.645177350140e-03 2.816021594928e-05
3.806432608303e-04 1.619008381194e-03 6.656829957568e-05
4.314423058500e-04 1.777641453269e-03 1.000000000000e-04
2.760194854771e-04 1.681411903362e-03 5.405978974259e-05
7.290874716156e-04 1.769883008297e-03 1.000000000000e-04
3.121814043309e-04 1.749051785908e-03 2.263989130311e-05
5.959315797680e-04 1.803892382626e-03 3.596099871707e-05
6.333248840916e-04 1.842786596533e-03 1.799286197567e-05
1.927235069534e-03 1.982227936053e-03 1.500847992894e-05
7.850869734802e-06 -4.446614306029e-05 6.990545535727e-05
7.850869734802e-06 1.955533856940e-03 6.990545535727e-05
2.007850869735e-03 -4.446614306029e-05 6.990545535727e-05
2.007850869735e-03 1.955533856940e-03 6.990545535727e-05
2.852591569955e-04 1.816821785131e-03 5.028185972113e-05
8.850425267630e-04 1.769064912458e-03 5.308292213415e-05
1.076450918872e-04 1.846656022819e-03 3.120382746604e-05
8.345365617700e-04 1.813234880657e-03 1.401288784611e-05
8.626583411905e-04 1.863640986242e-03 4.370743429495e-05
3.419861149614e-04 -5.433159193965e-05 9.035625280053e-05
3.419861149614e-04 1.945668408060e-03 9.035625280053e-05
9.111652818451e-04 -5.049561352571e-05 5.491051030173e-05
9.111652818451e-04 1.949504386474e-03 5.491051030173e-05
4.603687259416e-04 1.950476014872e-03 2.762057905777e-05
7.917678466486e-04 1.888843412432e-03 3.152969131399e-05
2.010542377395e-04 1.831340472301e-03 3.516555830847e-05
8.176585313399e-04 1.954138526344e-03 3.871121102175e-05
5.526344525384e-04 1.895471866514e-03 6.528956932758e-05
6.624215861323e-04 1.894968312259e-03 4.174162018743e-05
6.377247852575e-04 -1.105780711548e-05 5.542333507696e-05
6.377247852575e-04 1.988942192885e-03 5.542333507696e-05
1.611531476710e-04 1.905602569227e-03 4.840651964488e-05
2.199334545355e-04 1.957450642547e-03 2.997298776722e-05
1.093503057366e-04 1.961547928614e-03 2.783925184068e-05
4.964893227244e-04 1.945599405714e-03 8.827724453188e-06
7.276644846369e-04 1.905226649829e-03 2.400921262445e-05
1.826171875000e-03 3.652343750000e-04 4.254994111994e-05
1.939453125000e-03 4.941406250000e-04 4.857872397420e-05
9.179687500000e-05 5.722656250000e-04 5.242097999053e-05
1.740234375000e-03 2.324218750000e-04 5.308240336859e-05
-4.492187500000e-05 2.910156250000e-04 1.000000000000e-04
1.955078125000e-03 2.910156250000e-04 1.000000000000e-04
1.794921875000e-03 5.019531250000e-04 5.529049901915e-05
1.376953125000e-03 1.283203125000e-03 4.692721904502e-05
2.929687500000e-05 8.652343750000e-04 2.180572547873e-05
5.410156250000e-04 2.167968750000e-04 2.278661659403e-05
1.697265625000e-03 3.691406250000e-04 5.277740788992e-05
1.142578125000e-03 1.494140625000e-03 4.352536184769e-05
1.337890625000e-03 6.835937500000e-05 8.673282543428e-05
1.337890625000e-03 2.068359375000e-03 8.673282543428e-05
1.669921875000e-03 1.191406250000e-04 6.699206310239e-05
1.439453125000e-03 1.177734375000e-03 1.974160140443e-05
4.941406250000e-04 1.048828125000e-03 3.581530497149e-05
1.269531250000e-04 1.041015625000e-03 3.224452537043e-05
1.525390625000e-03 1.669921875000e-03 1.642453414100e-05
9.570312500000e-05 9.238281250000e-04 3.274519216547e-05
1.035156250000e-04 1.451171875000e-03 4.719007085512e-05
-6.054687500000e-05 8.847656250000e-04 6.376795228638e-05
1.939453125000e-03 8.847656250000e-04 6.376795228638e-05
1.416015625000e-03 1.384765625000e-03 6.310740008361e-05
1.283203125000e-03 9.941406250000e-04 2.974012391222e-05
1.677734375000e-03 4.824218750000e-04 5.282745756229e-05
6.054687500000e-05 6.816406250000e-04 5.839654657406e-05
4.511718750000e-04 1.134765625000e-03 2.462636770710e-05
3.535156250000e-04 1.392578125000e-03 5.807058104421e-05
1.115234375000e-03 1.166015625000e-03 2.789185357712e-05
-1.757812500000e-05 5.878906250000e-04 2.939319010313e-05
1.982421875000e-03 5.878906250000e-04 2.939319010313e-05
1.884765625000e-03 1.685546875000e-03 3.396343136903e-05
4.101562500000e-05 7.910156250000e-04 5.468750000000e-05
2.041015625000e-03 7.910156250000e-04 5.468750000000e-05
1.972656250000e-04 1.486328125000e-03 2.421758899044e-05
1.794921875000e-03 6.113281250000e-04 5.426735933379e-05
4.785156250000e-04 1.738281250000e-04 3.141373696158e-05
1.068359375000e-03 1.552734375000e-03 4.885548388671e-05
7.636718750000e-04 1.275390625000e-03 5.240784322265e-05
1.466796875000e-03 1.244140625000e-03 2.508513439620e-05
9.199218750000e-04 1.611328125000e-03 2.568149465291e-05
9.550781250000e-04 1.845703125000e-03 2.764920557058e-05
5.878906250000e-04 9.589843750000e-04 3.531921226875e-05
3.710937500000e-05 4.824218750000e-04 5.078125000000e-05
2.037109375000e-03 4.824218750000e-04 5.078125000000e-05
1.855468750000e-04 6.191406250000e-04 2.890296861689e-05
9.121093750000e-04 9.628906250000e-04 5.078125000000e-05
1.580078125000e-03 1.705078125000e-03 4.321965585278e-05
1.837890625000e-03 2.011718750000e-04 3.168938839483e-05
1.517578125000e-03 1.035156250000e-04 2.916464293800e-05
1.650390625000e-03 2.792968750000e-04 3.395276005756e-05
5.839843750000e-04 8.652343750000e-04 4.768185787396e-05
1.462890625000e-03 1.658203125000e-03 4.719939833435e-05
8.457031250000e-04 1.677734375000e-03 4.703747882341e-05
1.888671875000e-03 5.761718750000e-04 4.687500000000e-05
4.863281250000e-04 2.558593750000e-04 4.399662059342e-05
1.699218750000e-04 1.103515625000e-03 4.453810254294e-05
1.777343750000e-04 5.292968750000e-04 2.597549738974e-05
1.494140625000e-03 8.808593750000e-04 4.296875000000e-05
1.490234375000e-03 1.458984375000e-03 3.369895394771e-05
6.035156250000e-04 2.324218750000e-04 1.750209856041e-05
9.355468750000e-04 4.042968750000e-04 3.997992333054e-05
1.380859375000e-03 1.193359375000e-03 4.207160005574e-05
1.291015625000e-03 1.267578125000e-03 4.207160005574e-05
1.224609375000e-03 1.474609375000e-03 3.388795969532e-05
1.888671875000e-03 4.199218750000e-04 2.937112224498e-05
5.488281250000e-04 5.449218750000e-04 4.078244730043e-05
1.462890625000e-03 5.664062500000e-05 3.925732664500e-05
1.947265625000e-03 1.724609375000e-03 3.925732664500e-05
1.660156250000e-04 1.953125000000e-06 3.906250000000e-05
1.660156250000e-04 2.001953125000e-03 3.906250000000e-05
1.642578125000e-03 1.757812500000e-05 3.906250000000e-05
1.642578125000e-03 2.017578125000e-03 3.906250000000e-05
5.917968750000e-04 1.777343750000e-04 2.290324274545e-05
