Lx=1.500000e-03
Ly=1.500000e-03
Lz=8.926488e-05
Nx=857
Ny=857
Nz=51
eps=8.756952130264e-07
