# 2D packing, generated 2026-09-30T17:09:12.062812+00:00
# generator = preprocess/generate_packing_gravity.py
# periodic axes = xy
# porosity_achieved = 0.325113  (target 0.325000)
# 76 distinct grains; 89 rows including 13 periodic edge images.
# Centres span [-R, L+R]: a grain need only be PARTLY inside.
# Do NOT drop the out-of-box rows -- they carry the conduction
# paths that cross the domain edge, and k_eff depends on them.
# header row is 'Lx Ly'; grain rows are 'x y r', all in metres
1.000000000000e-03 1.000000000000e-03
4.753136275741e-04 2.767041710570e-05 3.491598864627e-05
4.753136275741e-04 1.027670417106e-03 3.491598864627e-05
9.159815772946e-04 -1.010030500084e-06 8.257577070427e-05
9.159815772946e-04 9.989899694999e-04 8.257577070427e-05
8.128891133186e-04 3.625898734069e-05 2.704652227833e-05
7.402385720208e-04 8.474744118465e-05 6.029904367570e-05
6.179138399539e-04 9.309812798224e-05 5.228019549530e-05
5.116332336689e-04 1.103529672603e-04 5.539200375882e-05
1.212442817234e-04 1.655086769371e-05 4.215998341755e-05
1.212442817234e-04 1.016550867694e-03 4.215998341755e-05
6.779469763759e-04 1.696508405780e-04 4.500464681191e-05
5.788911353545e-04 1.910056037764e-04 4.962469733400e-05
7.532315610360e-04 1.868440814321e-04 1.904911266322e-05
3.722102109901e-05 1.118131347547e-04 8.303846014513e-05
1.037221021099e-03 1.118131347547e-04 8.303846014513e-05
2.444063125079e-04 2.143348290706e-05 6.144591740573e-05
2.444063125079e-04 1.021433482907e-03 6.144591740573e-05
8.397993272401e-04 7.234271389146e-05 1.750518361133e-05
8.229284485009e-04 2.195587579584e-04 5.794378429817e-05
7.175717664236e-04 2.562107245637e-04 5.019425427193e-05
1.661328039871e-04 8.875487226876e-05 4.152699844617e-05
6.339692108813e-04 2.532136618525e-04 3.346246783800e-05
7.880002671371e-04 3.167972908794e-04 4.270932254754e-05
5.838075038982e-04 2.904179255193e-04 2.899063164897e-05
2.929723370068e-04 1.753999942872e-04 1.000000000000e-04
-7.063850715166e-05 3.363646217085e-04 1.000000000000e-04
9.293614928483e-04 3.363646217085e-04 1.000000000000e-04
1.843409331472e-04 2.246096248902e-04 1.925773954406e-05
4.248739098008e-04 2.319610948751e-04 4.351773673707e-05
4.912068257907e-04 3.231066925581e-04 6.921060042300e-05
3.982445332592e-04 3.350254822408e-04 2.399803741198e-05
3.668443864783e-04 2.630999327530e-04 1.466653958718e-05
1.185075873542e-04 4.013536225194e-04 1.000000000000e-04
-1.314127586089e-05 4.684661375270e-04 4.407201153662e-05
9.868587241391e-04 4.684661375270e-04 4.407201153662e-05
5.257330264283e-05 5.373103913548e-04 5.110135317829e-05
2.093115676965e-04 2.757770091216e-04 3.067035620410e-05
8.168109446759e-04 3.694531758043e-04 1.731389914095e-05
3.302961158386e-04 2.990102124291e-04 2.912255097595e-05
2.494243041457e-04 4.372208638200e-04 3.574149323062e-05
8.101133526277e-04 4.465113521121e-04 6.003558402559e-05
6.873790081802e-04 5.048003152935e-04 7.582936995796e-05
5.957242456112e-04 3.605151871045e-04 4.179964424890e-05
9.024800400036e-04 4.955817761249e-04 4.455660421588e-05
7.927762478135e-04 5.403649980677e-04 3.540666860376e-05
5.324342558411e-04 4.327868743542e-04 4.796244551542e-05
8.798020265037e-04 6.441019434020e-04 1.000000000000e-04
1.410619201807e-04 5.783025110042e-04 4.586345843272e-05
7.500985032520e-04 5.924037870370e-04 3.189475464418e-05
6.901868432146e-04 7.099058891146e-04 1.000000000000e-04
3.352286381106e-04 4.463701158200e-04 5.054951648631e-05
2.379339009727e-04 5.837814577270e-04 5.116342879013e-05
6.851477785366e-05 6.306699323274e-04 4.360984739918e-05
8.340875180489e-04 7.934373708260e-04 5.498102434449e-05
1.798010756230e-04 6.381960114979e-04 2.509037824432e-05
2.415180502155e-04 6.910516371053e-04 5.616666665740e-05
5.249907378168e-06 6.651456070853e-04 2.720113489432e-05
1.005249907378e-03 6.651456070853e-04 2.720113489432e-05
4.393056352009e-04 5.092731785778e-04 7.105988859706e-05
-1.511451350713e-05 7.264076582652e-04 3.151028866203e-05
9.848854864929e-04 7.264076582652e-04 3.151028866203e-05
3.819704755325e-04 7.034576933757e-04 8.474365717109e-05
5.758990552162e-04 5.042165016761e-04 3.565224158174e-05
2.689235739771e-04 8.029651704502e-04 5.905368556752e-05
4.938719235323e-05 7.021832756185e-04 3.041798570103e-05
9.805834739160e-05 8.231776940768e-04 1.000000000000e-04
1.098058347392e-03 8.231776940768e-04 1.000000000000e-04
5.260006225848e-04 7.729820359068e-04 7.204665664126e-05
3.911275609889e-06 8.925634141687e-04 1.695344982074e-05
1.003911275610e-03 8.925634141687e-04 1.695344982074e-05
2.223579964458e-04 8.664092121661e-04 1.964533517518e-05
3.682910058019e-04 8.299919898759e-04 4.252796077028e-05
1.992383833572e-04 9.259262574925e-04 4.420482390979e-05
3.200779938640e-04 9.232850979873e-04 6.248685960117e-05
6.256199278457e-04 8.416153116232e-04 4.634400407294e-05
9.352420073338e-04 7.657737801764e-04 3.184150017902e-05
7.345946003296e-04 8.635359815340e-04 5.991970877472e-05
4.513677519047e-04 8.687616612197e-04 4.914992360116e-05
4.129083482954e-04 9.455002727378e-04 3.296465244630e-05
9.108942301749e-04 8.193653368687e-04 2.608395237612e-05
6.264449976716e-04 9.293222032685e-04 4.136677411813e-05
8.349087976429e-04 8.953475760113e-04 4.531776440573e-05
7.838510264469e-04 9.438096325342e-04 2.424471963586e-05
7.101719155712e-04 -2.535857892362e-05 5.383843929588e-05
7.101719155712e-04 9.746414210764e-04 5.383843929588e-05
5.341796875000e-04 6.240234375000e-04 4.898497827642e-05
3.779296875000e-04 3.613281250000e-05 4.469625946829e-05
3.779296875000e-04 1.036132812500e-03 4.469625946829e-05
1.044921875000e-04 2.392578125000e-04 4.940543608337e-05
