# 2D packing, generated 2026-09-30T17:09:01.432709+00:00
# generator = preprocess/generate_packing_gravity.py
# periodic axes = xy
# porosity_achieved = 0.325034  (target 0.325000)
# 168 distinct grains; 191 rows including 23 periodic edge images.
# Centres span [-R, L+R]: a grain need only be PARTLY inside.
# Do NOT drop the out-of-box rows -- they carry the conduction
# paths that cross the domain edge, and k_eff depends on them.
# header row is 'Lx Ly'; grain rows are 'x y r', all in metres
1.500000000000e-03 1.500000000000e-03
2.944153861702e-04 1.322180608430e-05 7.983251764724e-05
2.944153861702e-04 1.513221806084e-03 7.983251764724e-05
1.909938230897e-04 7.425652308741e-05 4.025608177921e-05
-2.155141661142e-05 6.295981906428e-05 7.127180949868e-05
-2.155141661142e-05 1.562959819064e-03 7.127180949868e-05
1.478448583389e-03 6.295981906428e-05 7.127180949868e-05
1.478448583389e-03 1.562959819064e-03 7.127180949868e-05
1.201466121786e-03 -4.416749978856e-06 4.265785266953e-05
1.201466121786e-03 1.495583250021e-03 4.265785266953e-05
2.590607608391e-04 1.150103245265e-04 2.792125278790e-05
6.607680340825e-04 3.289703867209e-05 8.931865665476e-05
6.607680340825e-04 1.532897038672e-03 8.931865665476e-05
7.748008103424e-04 7.579073204983e-05 3.251469222480e-05
1.965335199096e-04 1.691172357063e-04 5.476625912125e-05
8.613569367376e-04 9.424060847720e-05 5.104390569431e-05
7.615901020638e-04 2.076451390854e-04 1.000000000000e-04
1.123350612334e-03 7.092756348955e-05 6.587307659534e-05
7.493033282532e-05 1.311333713943e-04 4.686539791108e-05
1.259420676284e-03 1.226009356475e-04 7.967847520683e-05
1.361259545015e-03 1.986973572112e-04 4.745080096160e-05
6.607510546673e-04 3.308371628084e-04 5.920155335348e-05
4.457071441270e-06 1.492353473261e-04 1.883892897257e-05
1.504457071441e-03 1.492353473261e-04 1.883892897257e-05
9.912772258334e-04 1.712777124505e-04 1.000000000000e-04
1.998061249231e-05 2.157964319955e-04 4.950854901448e-05
1.519980612492e-03 2.157964319955e-04 4.950854901448e-05
4.049572406826e-04 3.463457000333e-05 3.085716894343e-05
5.288132045337e-04 9.295664411044e-06 4.473075665578e-05
5.288132045337e-04 1.509295664411e-03 4.473075665578e-05
1.024579326682e-04 2.238621398439e-04 3.336222599017e-05
6.719699255779e-05 2.842498889324e-04 3.364957430825e-05
1.115715177843e-03 1.643219318549e-04 2.463233390547e-05
-1.025925931364e-05 3.389521483527e-04 6.117560968282e-05
1.489740740686e-03 3.389521483527e-04 6.117560968282e-05
1.285486664855e-03 2.333019581330e-04 3.404994620132e-05
3.770637326770e-04 8.840831014771e-05 2.972057975166e-05
4.646350919414e-04 4.828286457780e-05 3.036151581018e-05
1.431248833430e-03 2.452886607296e-04 3.662809825731e-05
1.166572310733e-03 2.663544873284e-04 8.937248640254e-05
1.058935902793e-03 3.450297911245e-04 4.394069609525e-05
1.342342612585e-03 2.920816049206e-04 4.772808762263e-05
8.871077421021e-04 2.523679117941e-04 3.113191775283e-05
9.476645330930e-04 3.287176603696e-04 6.337005650390e-05
1.555663081203e-04 2.321194694093e-04 2.038425728239e-05
5.538500595768e-04 3.946272325951e-04 6.528631523440e-05
8.797125209675e-05 4.051842054387e-04 5.729784428822e-05
8.498759447370e-04 3.025612670255e-04 2.962817981251e-05
7.934312696371e-04 3.485869901665e-04 4.316275681474e-05
1.409346237980e-03 3.466692694198e-04 1.958858364840e-05
4.210195960773e-04 4.929904924307e-04 1.000000000000e-04
1.375062064538e-03 3.660951741665e-04 1.981676209462e-05
1.125843232743e-03 3.754011065829e-04 2.703210757027e-05
3.359849338599e-05 4.554510255243e-04 1.675048471025e-05
1.737334837942e-04 4.383726088441e-04 3.466232844224e-05
1.007974187491e-03 4.228085122747e-04 4.839049478322e-05
8.687775719167e-04 4.450017598846e-04 7.714823002243e-05
1.085885404998e-03 4.081669497579e-04 2.464215681638e-05
9.579361508869e-04 5.013586649580e-04 2.832868704330e-05
2.510630337094e-04 5.101077437013e-04 7.081680738902e-05
6.612245863646e-04 4.365323952030e-04 4.649504368094e-05
7.484715174678e-04 4.617136314195e-04 4.431337300637e-05
6.964054740488e-04 5.067115969003e-04 2.450306044954e-05
9.562814313406e-05 5.541684960759e-04 9.074246927111e-05
5.960505811680e-04 4.921692972163e-04 3.919715918443e-05
7.941799620964e-04 5.650728542637e-04 6.420949094996e-05
5.307261284524e-04 5.638641866178e-04 3.029732717073e-05
3.247628070422e-04 5.908304264958e-04 3.725196767085e-05
6.029390228547e-04 5.736515608812e-04 4.257589524304e-05
1.276343035756e-03 4.139977413309e-04 8.991076245271e-05
5.469986244874e-04 6.284823000886e-04 3.575512653429e-05
2.639395360263e-04 6.053347546323e-04 2.527696526364e-05
1.421930507047e-03 3.896663538107e-04 2.339358990364e-05
1.150647389648e-03 4.350067966942e-04 3.752860905441e-05
1.184827811406e-03 5.155766948173e-04 4.681278624331e-05
9.207213175524e-04 5.320532332428e-04 1.952336861029e-05
1.281503943919e-03 5.872382520801e-04 7.351686628803e-05
1.102011783697e-03 4.415155394793e-04 1.154062046778e-05
6.885797062432e-04 6.004791792921e-04 4.716867899237e-05
5.976740632807e-04 6.306140999533e-04 1.462946265096e-05
1.073572829868e-03 5.027746566884e-04 5.503975952847e-05
1.124280589757e-03 6.027375020057e-04 5.704893752182e-05
6.029312216688e-04 7.043590835418e-04 5.850909274511e-05
8.810324328472e-04 6.230945428819e-04 4.024096644098e-05
1.016266144847e-03 6.619081648634e-04 6.611066696867e-05
2.016047654441e-04 5.846376104682e-04 1.810472518076e-05
1.116746045786e-03 7.302006292155e-04 5.537438736759e-05
1.384884631240e-03 4.093988577016e-04 1.857983769223e-05
1.793734539842e-04 6.371133897365e-04 2.635855099506e-05
9.044070740148e-04 7.208858420485e-04 6.030517308933e-05
-9.632339197014e-05 7.104532796960e-04 1.000000000000e-04
1.403676608030e-03 7.104532796960e-04 1.000000000000e-04
2.321545628894e-04 6.466089270422e-04 2.681770087055e-05
5.070658203610e-04 7.043477598232e-04 3.734608388688e-05
1.002128068710e-03 7.878995287207e-04 5.818632846691e-05
1.170370746338e-04 7.348882290392e-04 8.959723106047e-05
7.031852345005e-06 8.118496002925e-04 4.465701132218e-05
1.507031852345e-03 8.118496002925e-04 4.465701132218e-05
1.245016679212e-03 7.147402328382e-04 5.871783447269e-05
-9.785729982249e-05 9.114684573446e-04 1.000000000000e-04
1.402142700178e-03 9.114684573446e-04 1.000000000000e-04
1.100058098267e-03 8.358792372633e-04 5.086571143603e-05
3.936378867700e-04 6.334405047470e-04 4.309444265824e-05
1.000571801769e-03 9.442497507895e-04 9.623944235007e-05
3.195590691908e-05 9.733234535074e-04 4.340400786386e-05
1.531955906919e-03 9.733234535074e-04 4.340400786386e-05
6.952563196097e-04 7.991549247756e-04 7.381692962756e-05
5.345370762760e-04 7.836045027353e-04 4.616944267949e-05
1.205953222691e-03 9.503231729200e-04 1.000000000000e-04
3.072003040241e-04 6.837128175016e-04 5.689945650248e-05
2.368721175558e-04 7.339675691109e-04 2.953897383924e-05
8.928623651969e-04 1.010005085639e-03 2.995519615682e-05
2.567779125930e-04 8.630272481996e-04 1.000000000000e-04
4.398869316663e-04 8.712886806015e-04 8.285445063597e-05
1.322298792672e-03 1.021389560337e-03 3.560064846849e-05
1.412502402687e-04 9.505550745405e-04 4.491283916970e-05
6.087233874604e-04 8.425801628804e-04 2.299633252310e-05
-7.521550408360e-05 1.110182697108e-03 1.000000000000e-04
1.424784495916e-03 1.110182697108e-03 1.000000000000e-04
1.096158352505e-03 1.072923719600e-03 6.385808512388e-05
9.671816300953e-05 1.019047178645e-03 3.587278904825e-05
9.632937660547e-04 1.130190224105e-03 8.082248280572e-05
5.712234468785e-04 9.663975643270e-04 7.930245556655e-05
4.512986580109e-04 1.006177187214e-03 4.689964298214e-05
3.278890040218e-04 1.025397440572e-03 7.725932047633e-05
7.998196198886e-05 1.105065674201e-03 5.175877239093e-05
8.160132597306e-04 1.015719304102e-03 4.710606066923e-05
3.465769391991e-05 1.161803395991e-03 2.085990852889e-05
7.323262396634e-04 1.015719304102e-03 3.658095939798e-05
5.055921630891e-04 1.048078989602e-03 2.168276298234e-05
5.550633318188e-04 1.086733727821e-03 4.109929245333e-05
1.269831754746e-03 1.058613909148e-03 2.565249006809e-05
7.641180293889e-04 1.083465682135e-03 3.823259803130e-05
1.772682008596e-05 1.243147379669e-03 6.222754722559e-05
1.517726820086e-03 1.243147379669e-03 6.222754722559e-05
2.338195527718e-04 1.080354558428e-03 3.168720981094e-05
8.565106525687e-04 1.161930304007e-03 2.942467498636e-05
8.852406980243e-04 1.226646072758e-03 4.138177882372e-05
9.566314831288e-04 1.241446919284e-03 3.063374058246e-05
4.722467542560e-04 1.115239116618e-03 4.648576817186e-05
6.429719872153e-04 1.163615760712e-03 7.568590236363e-05
5.455370111647e-04 1.213493165461e-03 3.253925718385e-05
1.071030951273e-03 1.165602903812e-03 3.210744027541e-05
9.154919788796e-04 1.345387823735e-03 8.115298740246e-05
1.423448740466e-03 1.286489519680e-03 4.153634471433e-05
2.846596944055e-04 1.156028922725e-03 5.947874249426e-05
-2.317401189275e-05 1.328273229383e-03 2.625017378274e-05
1.476825988107e-03 1.328273229383e-03 2.625017378274e-05
1.319496222178e-03 1.148253516863e-03 1.195984951635e-05
7.747071253276e-04 1.205300767777e-03 6.248713417234e-05
1.968649137769e-04 1.232645001463e-03 5.704570569954e-05
4.155817232740e-04 1.071969665063e-03 2.203310171263e-05
1.143349272635e-03 1.191610949447e-03 4.474548005983e-05
6.979979808332e-04 1.254183285991e-03 2.824490807825e-05
6.006432243539e-04 1.322739162145e-03 8.897128198709e-05
7.618963570341e-04 1.343484584693e-03 6.109864922713e-05
3.871590832802e-04 1.103788586859e-03 2.062655403019e-05
1.132563294047e-04 1.343657095080e-03 7.643798873727e-05
8.175291861994e-04 -2.806703853611e-05 7.888019552636e-05
8.175291861994e-04 1.471932961464e-03 7.888019552636e-05
1.079242697953e-03 1.224441141756e-03 2.727874863509e-05
1.245670045466e-03 1.254476938384e-03 7.534503173185e-05
6.905026117465e-04 1.404031845750e-03 3.220304170336e-05
4.150235521822e-04 1.343621483994e-03 9.781939867568e-05
1.123202200184e-03 1.277205445957e-03 4.139813752076e-05
2.088701891654e-05 1.382638164281e-03 2.381980400253e-05
1.520887018917e-03 1.382638164281e-03 2.381980400253e-05
1.020266700788e-03 1.237492982744e-03 3.312436661917e-05
1.169827969315e-03 1.340913854152e-03 3.754947991427e-05
5.100734073427e-04 1.434326610778e-03 2.865335578629e-05
1.060497965938e-03 1.272397893374e-03 2.013827919264e-05
4.563378044794e-04 -2.818791506381e-05 3.686439603517e-05
4.563378044794e-04 1.471812084936e-03 3.686439603517e-05
1.226169892705e-03 1.387888747708e-03 3.580618945902e-05
3.917739240689e-04 1.467175696896e-03 2.786601640606e-05
2.532545896505e-04 1.372745050807e-03 6.655036062136e-05
1.327443341714e-03 1.181183972803e-03 2.022162677287e-05
1.056136720143e-03 1.352841984335e-03 5.968933443074e-05
1.711305653415e-04 -2.721751473885e-05 4.991529932147e-05
1.711305653415e-04 1.472782485261e-03 4.991529932147e-05
1.345169092961e-03 1.318889097431e-03 4.318370801685e-05
1.340110015264e-03 -3.801696934501e-05 1.000000000000e-04
1.340110015264e-03 1.461983030655e-03 1.000000000000e-04
1.480533822452e-03 1.393685632898e-03 1.801833158123e-05
3.735351562500e-04 2.563476562500e-04 2.494259765806e-05
5.200195312500e-04 2.006835937500e-04 3.486729547536e-05
2.563476562500e-04 3.208007812500e-04 3.571169608935e-05
1.422363281250e-03 5.141601562500e-04 4.052862339430e-05
8.305664062500e-04 8.833007812500e-04 6.929467467032e-05
1.000488281250e-03 -1.318359375000e-05 2.038888009065e-05
1.000488281250e-03 1.486816406250e-03 2.038888009065e-05
4.643554687500e-04 2.915039062500e-04 5.442532902290e-05
