# 2D packing, generated 2026-10-01T15:39:32.359022+00:00
# generator = preprocess/generate_packing_gravity.py
# periodic axes = xy
# porosity_achieved = 0.324798  (target 0.325000)
# 271 distinct grains; 303 rows including 32 periodic edge images.
# Centres span [-R, L+R]: a grain need only be PARTLY inside.
# Do NOT drop the out-of-box rows -- they carry the conduction
# paths that cross the domain edge, and k_eff depends on them.
# header row is 'Lx Ly'; grain rows are 'x y r', all in metres
2.000000000000e-03 2.000000000000e-03
1.343767621226e-03 2.299441471728e-05 3.570827845776e-05
1.343767621226e-03 2.022994414717e-03 3.570827845776e-05
1.394053955911e-03 5.548400198258e-05 2.407492433166e-05
1.654697536345e-03 3.330479830218e-05 1.000000000000e-04
1.654697536345e-03 2.033304798302e-03 1.000000000000e-04
1.517083847567e-03 8.377816068755e-05 4.639338086171e-05
1.327343475961e-03 1.386332693045e-04 8.109111048128e-05
1.146256842087e-03 1.373516123134e-04 1.000000000000e-04
1.794826566902e-03 9.909725985071e-05 5.480566366383e-05
1.454586685187e-03 1.531480826281e-04 4.697728571025e-05
1.705756391772e-03 2.266774765546e-04 1.000000000000e-04
4.271277292840e-04 2.168584595494e-05 3.840748046824e-05
4.271277292840e-04 2.021685845955e-03 3.840748046824e-05
1.548115977808e-03 1.768211913205e-04 4.950144072510e-05
3.566575927202e-04 4.220517763370e-05 3.498953907322e-05
1.247808817716e-03 2.013527252203e-04 1.942489971175e-05
2.062129913311e-04 4.226617115166e-05 6.647120822354e-05
2.062129913311e-04 2.042266171152e-03 6.647120822354e-05
7.038474995573e-04 5.864256758056e-05 4.670250305878e-05
3.127629555553e-04 1.253927065576e-04 5.906948171145e-05
-3.493959031259e-05 4.695556997891e-05 5.360181220655e-05
-3.493959031259e-05 2.046955569979e-03 5.360181220655e-05
1.965060409687e-03 4.695556997891e-05 5.360181220655e-05
1.965060409687e-03 2.046955569979e-03 5.360181220655e-05
7.743729346727e-04 1.117184711530e-05 3.823994833275e-05
7.743729346727e-04 2.011171847115e-03 3.823994833275e-05
1.898151592499e-03 1.299975232002e-04 5.304092783611e-05
-1.168268099076e-05 1.342099839638e-04 3.669890160220e-05
1.988317319009e-03 1.342099839638e-04 3.669890160220e-05
9.873202147085e-04 1.373680219535e-04 5.893662822606e-05
1.548838975332e-03 3.033129403944e-04 6.920403149618e-05
5.053824990635e-04 4.393768134661e-05 4.294957113785e-05
6.117020041380e-04 8.612195188210e-05 4.883907940928e-05
4.088517806137e-04 9.369551173577e-05 3.547105723416e-05
4.929377128341e-04 1.524707888986e-04 6.494549662340e-05
1.281026890681e-03 2.472992532466e-04 3.703391715464e-05
1.206614004983e-03 2.582269263222e-04 3.477453818483e-05
6.111090041457e-04 1.948277606677e-04 5.986834891652e-05
1.673338586225e-03 4.240327033645e-04 1.000000000000e-04
5.228845197209e-04 2.738263712303e-04 5.855606393072e-05
1.039840162125e-03 1.996418213777e-04 2.206874438390e-05
6.640269306885e-05 6.289161742739e-05 4.829434289580e-05
6.296374504664e-04 3.035310132988e-04 5.038177535309e-05
1.831067399036e-03 4.166609813242e-04 5.710232715206e-05
-5.013049050886e-05 4.167187989099e-04 6.168131115556e-05
1.949869509491e-03 4.167187989099e-04 6.168131115556e-05
5.447063556747e-04 4.224173638875e-04 9.162874982011e-05
3.924329312862e-04 1.859003011788e-04 4.097319645723e-05
3.993544590140e-04 2.931220301413e-04 6.647193269732e-05
4.012045595552e-04 4.114642891326e-04 5.188498763742e-05
1.260525261285e-04 1.680016762360e-04 7.256192028062e-05
1.880850097879e-03 5.070075480265e-04 4.605203924508e-05
2.359506847734e-04 1.860563631024e-04 3.880991519884e-05
1.497150388376e-03 4.423023489256e-04 7.713280421861e-05
2.286818100209e-04 3.018586786673e-04 7.722080533618e-05
4.365953857298e-05 1.281155866489e-04 1.897799611726e-05
1.793163552860e-03 5.096782313157e-04 4.167528043479e-05
1.261165102855e-03 3.480268283856e-04 6.563319062100e-05
1.727831911419e-03 5.448152557704e-04 3.250586068305e-05
1.409091214166e-03 2.330470030970e-04 4.360678969353e-05
4.434973324442e-04 4.696805930367e-04 2.007209929893e-05
3.846702398448e-04 5.139565472007e-04 5.193250985663e-05
1.789403901304e-03 6.317484867016e-04 7.401904810398e-05
7.440431397931e-04 3.013991222609e-04 6.404377559474e-05
1.346146093831e-03 2.675190126139e-04 2.802110953528e-05
1.121444845966e-04 4.353731855820e-04 1.000000000000e-04
-8.070552661669e-08 4.843298190619e-04 2.243904121568e-05
1.999919294473e-03 4.843298190619e-04 2.243904121568e-05
6.786227877182e-04 3.721220474594e-04 3.221496675044e-05
1.578182722002e-03 5.052432455807e-04 2.509912368509e-05
4.837624488856e-04 5.527275242878e-04 5.222847636045e-05
1.955225533276e-03 5.084266920688e-04 2.833711384545e-05
4.210579960469e-04 5.664835856733e-04 1.196717448698e-05
-5.209541686342e-05 6.187132017521e-04 8.219219925706e-05
1.947904583137e-03 6.187132017521e-04 8.219219925706e-05
1.390192894825e-03 3.044049389978e-04 2.943054181601e-05
6.768330436901e-04 4.513879392887e-04 4.363675725093e-05
4.152966599429e-04 6.260823298906e-04 4.790945163368e-05
2.500825696039e-04 4.376325981756e-04 3.692996230078e-05
5.248666714826e-04 6.666810770195e-04 6.887252715004e-05
1.528930917976e-03 5.762809445500e-04 6.056347855928e-05
1.646064638381e-03 6.246569158792e-04 6.616672101578e-05
6.319833012237e-04 5.208240362918e-04 3.899432505624e-05
1.697313714184e-03 7.827230726070e-04 1.000000000000e-04
9.856706299845e-04 2.502406391401e-04 5.205668021052e-05
1.532787535086e-03 7.985207947545e-04 6.528289928122e-05
1.090999661182e-03 2.931501906265e-04 6.167737107476e-05
2.813178937644e-04 5.223987112340e-04 5.176409372258e-05
1.158646525254e-03 3.668192962635e-04 3.833880433736e-05
1.871456359068e-03 7.251265150649e-04 4.883502662601e-05
1.004232601438e-03 3.427322393945e-04 3.825711855060e-05
1.837334883216e-03 8.162676889906e-04 4.398324593863e-05
1.302902599907e-04 6.345481600340e-04 1.000000000000e-04
2.757042016138e-04 6.201288458277e-04 4.612714109076e-05
1.066394051693e-03 4.022979485648e-04 4.783654908418e-05
5.746511225187e-04 5.297323508003e-04 1.902581612293e-05
2.338655595912e-05 6.998528574266e-04 2.509586821918e-05
2.023386555959e-03 6.998528574266e-04 2.509586821918e-05
9.905743251256e-04 4.137247804451e-04 2.883941470873e-05
4.174183863789e-04 7.295876076865e-04 5.561760783099e-05
6.174209883804e-05 7.707273967891e-04 5.245876073723e-05
-3.822455613539e-05 8.806623390041e-04 9.613145986024e-05
1.961775443865e-03 8.806623390041e-04 9.613145986024e-05
1.311012760938e-04 8.854728266889e-04 7.286787196253e-05
1.018763509685e-03 5.109552620563e-04 7.080189454655e-05
1.199243630980e-03 4.476112829073e-04 5.163288404870e-05
1.378901585439e-03 4.416923626420e-04 4.111757209397e-05
1.429997788141e-03 7.985109428606e-04 3.750685912328e-05
1.331058878608e-03 8.109605678054e-04 6.221225696326e-05
1.816705224164e-03 9.110297410423e-04 5.208310848884e-05
6.213930480563e-05 1.007278265897e-03 6.543741511633e-05
2.062139304806e-03 1.007278265897e-03 6.543741511633e-05
3.271173208794e-04 7.367206711821e-04 3.493486193494e-05
1.422614336543e-03 9.074081881395e-04 7.074588773401e-05
1.525319505382e-03 8.954763933670e-04 3.195988840076e-05
3.612788883819e-04 8.198265292443e-04 5.065896384755e-05
6.139479040110e-04 6.793925191319e-04 2.111106440618e-05
7.370559608965e-04 4.513115443001e-04 1.658621118885e-05
1.297226015408e-03 5.022055532026e-04 6.053253847649e-05
7.335406756657e-04 5.465150716326e-04 6.576220027961e-05
1.623544858027e-03 9.310630685482e-04 6.566950202562e-05
4.790850646417e-04 8.390884760495e-04 6.868620686128e-05
2.818587801077e-04 9.286650940852e-04 8.395494837731e-05
1.947974804174e-03 1.026122312141e-03 4.998176367741e-05
1.738329619814e-03 9.935108172291e-04 6.169679614911e-05
1.117615918485e-03 4.658427902344e-04 3.200605012143e-05
1.259864207061e-03 9.590468706511e-04 1.000000000000e-04
1.880278240219e-03 1.025739250172e-03 1.771589249478e-05
1.530145279441e-03 9.625399942987e-04 3.289153359448e-05
1.574842123561e-03 1.033163567910e-03 4.745197389478e-05
1.120766647982e-03 5.312027216038e-04 3.319137369941e-05
1.113664093053e-03 9.590468706511e-04 4.620011400766e-05
1.818964340472e-04 9.752080582708e-04 2.631162926576e-05
1.823535112585e-03 1.046463089990e-03 3.862229266378e-05
5.769190394503e-04 8.401939099427e-04 2.915401294095e-05
2.705128534998e-06 1.083589656882e-03 2.937758956336e-05
2.002705128535e-03 1.083589656882e-03 2.937758956336e-05
1.890212088807e-03 1.148448151264e-03 8.322504503557e-05
1.389193090624e-03 1.023221913837e-03 4.437588542294e-05
2.194294971460e-04 1.047842361843e-03 5.058365768598e-05
1.707119133443e-03 1.155404204973e-03 1.000000000000e-04
1.126275527479e-03 1.107889286271e-03 1.000000000000e-04
5.573382828200e-04 8.947217473370e-04 2.732747460860e-05
8.987203715610e-04 1.373679377198e-04 2.966321492147e-05
6.746384353980e-04 6.793925191319e-04 3.957946698091e-05
1.493741606333e-03 1.046085780614e-03 3.467157617332e-05
1.309444790888e-04 1.127495706845e-03 6.847201748577e-05
2.431930872613e-04 1.145522911097e-03 4.521496562922e-05
1.431342387855e-03 1.105514638999e-03 4.808305612231e-05
6.032011052444e-04 8.953198412112e-04 1.853924750037e-05
1.809659964848e-03 1.231152462539e-03 2.747978944452e-05
1.515630903007e-03 1.121231429409e-03 3.765824831948e-05
1.286540002065e-03 1.130287277779e-03 6.182203755348e-05
1.959649202372e-04 1.214736676176e-03 3.857671078869e-05
2.331548967849e-05 1.185406271766e-03 5.374759178743e-05
2.023315489678e-03 1.185406271766e-03 5.374759178743e-05
-5.294240673291e-05 1.289555588345e-03 6.890228369597e-05
1.947057593267e-03 1.289555588345e-03 6.890228369597e-05
6.944152776272e-04 9.025531302622e-04 7.296127552529e-05
1.385382133849e-03 1.207394319285e-03 6.353266612846e-05
1.034870285890e-04 1.306296969405e-03 8.842046543036e-05
1.839338088862e-03 1.289032021492e-03 3.756507499216e-05
1.852365214534e-03 1.429417409499e-03 1.000000000000e-04
9.900765104146e-04 1.117760049067e-03 3.655623093622e-05
1.250091186881e-03 1.275613471068e-03 8.798463654208e-05
2.695632084151e-04 1.225197584369e-03 3.576129176010e-05
8.493708010800e-04 3.014019752885e-04 4.128388573072e-05
2.393664589413e-04 1.302697008716e-03 4.741325033606e-05
1.011622564463e-03 1.201117748674e-03 4.777296143200e-05
2.071191417791e-04 1.393922172654e-03 4.729171936203e-05
7.951811088959e-06 1.347990266201e-03 1.540084759309e-05
2.007951811089e-03 1.347990266201e-03 1.540084759309e-05
4.074636635494e-04 9.286650941923e-04 4.164993506435e-05
1.557166373677e-03 1.212370877633e-03 6.040895241914e-05
5.078107686958e-04 9.700463218401e-04 6.282110374619e-05
1.108425931198e-03 1.275624440476e-03 5.367086621180e-05
6.422429185563e-04 1.067458096168e-03 1.000000000000e-04
8.150945962793e-04 1.091899324953e-03 7.457112062480e-05
3.190913063375e-06 1.429540473562e-03 5.068172509660e-05
2.003190913063e-03 1.429540473562e-03 5.068172509660e-05
1.154019326351e-03 1.350570539694e-03 3.386922894320e-05
7.319392153412e-04 1.184227563626e-03 4.671280789978e-05
6.376687682395e-04 1.222745674254e-03 5.512331374210e-05
2.837797390544e-04 1.393817378918e-03 2.936898074000e-05
9.076457752924e-05 1.445898619205e-03 3.840663349667e-05
1.077807478761e-03 1.371965526059e-03 4.528878495931e-05
1.889081617644e-04 1.521681831938e-03 8.175932675015e-05
1.833771116096e-05 1.585840315626e-03 1.000000000000e-04
2.018337711161e-03 1.585840315626e-03 1.000000000000e-04
8.984463081434e-04 1.206002650457e-03 6.550866664556e-05
1.693401656237e-03 1.429535765694e-03 5.896361257414e-05
1.904020264632e-03 1.540872841260e-03 2.284365381052e-05
1.160606074634e-03 1.467572029495e-03 8.118734341165e-05
7.162925918358e-04 1.267759943235e-03 3.475060944463e-05
1.736349669054e-03 1.526067015462e-03 4.663576551331e-05
1.631360716345e-03 1.277082706011e-03 3.803893577396e-05
3.843072375731e-04 1.034195823273e-03 6.312469412985e-05
1.825817313590e-03 1.612431458401e-03 7.771565757170e-05
6.636620928402e-04 1.314859755994e-03 3.587772613326e-05
1.576397544812e-04 1.657589551504e-03 5.669407676083e-05
5.728180998629e-04 1.311281313514e-03 5.462298588029e-05
1.010798033624e-03 1.372679890260e-03 2.172446806793e-05
2.395526033491e-04 1.669765498717e-03 2.611886829069e-05
1.281221692870e-03 1.468079325849e-03 3.901065066262e-05
3.762868144732e-04 1.393198684634e-03 6.314020553205e-05
1.916667718890e-03 1.668913818764e-03 2.926122393300e-05
9.467359802923e-04 1.372620210658e-03 4.233761320507e-05
1.268869159944e-03 1.594310536329e-03 8.549662370646e-05
6.741910125926e-05 1.761906588628e-03 8.096006056826e-05
2.067419101259e-03 1.761906588628e-03 8.096006056826e-05
1.025738352936e-03 1.418855947966e-03 2.444470577012e-05
1.115429931428e-03 1.611179725759e-03 6.886713193646e-05
5.257577061862e-04 1.458568108437e-03 1.000000000000e-04
7.965944980206e-04 1.268019502401e-03 4.555171622444e-05
3.279652553799e-04 1.663951718330e-03 6.248484255974e-05
7.427264650831e-04 1.353029296840e-03 5.188589476698e-05
6.881217893661e-04 1.453476578592e-03 6.244407843986e-05
1.651744094224e-03 1.526074137708e-03 3.796980961650e-05
1.715048608061e-03 1.618416193708e-03 3.299398605504e-05
1.782077704881e-04 1.761731593358e-03 2.982874686666e-05
1.743677488039e-03 1.671942757277e-03 2.371681080625e-05
1.513774284608e-03 1.526074137401e-03 1.000000000000e-04
1.680437331423e-03 1.683431401778e-03 4.055842835159e-05
1.626223963081e-03 1.587960078388e-03 2.835122969738e-05
1.862322017299e-03 1.760567024541e-03 7.468501472030e-05
1.186700829588e-03 1.677049725182e-03 2.699209331955e-05
8.471426235191e-04 1.416122186956e-03 6.634200158273e-05
1.588581514397e-03 1.674928619778e-03 5.169008621346e-05
2.696180639339e-04 1.774945532335e-03 6.253168801280e-05
1.417466844819e-03 1.705340817878e-03 1.000000000000e-04
1.239579608026e-03 1.800004138245e-03 1.000000000000e-04
1.764402311705e-04 1.887202138789e-03 8.334420820706e-05
-3.761266317593e-05 1.833500956052e-03 4.615179956749e-05
1.962387336824e-03 1.833500956052e-03 4.615179956749e-05
1.561190552371e-03 1.790447783525e-03 6.703203550184e-05
4.520915285037e-04 1.609239063982e-03 6.771624718102e-05
4.181011345018e-04 1.710219818974e-03 3.883270226774e-05
1.748714499064e-03 1.764205769249e-03 3.898076140695e-05
1.660130052799e-03 1.799325094029e-03 3.000899164761e-05
2.851508050243e-04 1.893168876502e-03 2.456660840927e-05
9.465789430130e-04 1.462995732759e-03 4.349548114662e-05
1.716431761201e-03 1.829528930877e-03 3.388274631367e-05
1.378846572274e-03 1.844028080065e-03 4.396417060230e-05
3.995578356778e-04 1.823830801305e-03 7.628276123536e-05
3.651596431318e-05 1.875706760684e-03 3.672699539218e-05
2.036515964313e-03 1.875706760684e-03 3.672699539218e-05
2.715485472717e-04 1.959836135660e-03 3.632744283559e-05
6.391773869719e-04 1.538200062543e-03 3.410752038070e-05
1.470534695750e-03 1.891776237834e-03 5.941183569925e-05
1.025989915706e-03 1.482525822472e-03 3.828182003311e-05
1.578196487693e-03 1.905327347336e-03 4.909942732838e-05
9.665956299421e-04 1.585232302781e-03 8.025182910955e-05
1.036364302336e-03 1.680786845629e-03 3.647292749484e-05
7.863595877125e-04 1.582849612977e-03 1.000000000000e-04
9.282380316835e-04 1.764054866387e-03 1.000000000000e-04
1.327688962449e-03 1.895519185528e-03 2.861981584050e-05
1.774586099345e-03 1.830562508443e-03 2.428077686911e-05
5.835859495960e-04 1.577480291098e-03 2.931728110432e-05
5.802250099695e-04 1.681603956932e-03 7.486063850785e-05
3.636494826662e-04 -4.868144377105e-05 5.616666419226e-05
3.636494826662e-04 1.951318556229e-03 5.616666419226e-05
1.674965715745e-03 1.892875712457e-03 4.182886241512e-05
7.285005346595e-04 1.774297544199e-03 1.000000000000e-04
1.056056023629e-03 1.762681336680e-03 2.782538832772e-05
5.161806013118e-04 1.784889633359e-03 4.666973121587e-05
1.842677041925e-03 -6.546954214460e-05 1.000000000000e-04
1.842677041925e-03 1.934530457855e-03 1.000000000000e-04
4.712798994429e-04 1.959127296215e-03 3.816275062110e-05
5.958343616240e-04 1.819196958077e-03 4.005817254990e-05
1.103929836071e-03 1.804472977510e-03 3.572336562295e-05
1.383381737520e-03 1.944210585994e-03 4.229853268165e-05
1.297196391285e-03 -4.004423117863e-05 4.266742156459e-05
1.297196391285e-03 1.959955768821e-03 4.266742156459e-05
7.409643271567e-05 1.950829122724e-03 3.716575006688e-05
1.043539492518e-03 -7.252674580090e-05 1.000000000000e-04
1.043539492518e-03 1.927473254199e-03 1.000000000000e-04
-1.053339417318e-05 1.948857170138e-03 4.748705862569e-05
1.989466605827e-03 1.948857170138e-03 4.748705862569e-05
8.309768610784e-04 1.867184330299e-03 3.663388773888e-05
8.928205395311e-04 1.886689205575e-03 2.764630852307e-05
1.452173246544e-03 -1.127084647033e-05 3.816784753312e-05
1.452173246544e-03 1.988729153530e-03 3.816784753312e-05
6.325100777508e-04 -5.693912444235e-05 8.912150401629e-05
6.325100777508e-04 1.943060875558e-03 8.912150401629e-05
7.687005391221e-04 1.948774204393e-03 2.441499471746e-05
8.482205167973e-04 1.948322796736e-03 4.631666619710e-05
1.286560041701e-03 1.902239075218e-03 1.251285981417e-05
9.433593750000e-04 7.753906250000e-04 1.625326159209e-05
1.119140625000e-03 7.285156250000e-04 5.456330939041e-05
9.355468750000e-04 9.238281250000e-04 4.990015600683e-05
4.277343750000e-04 1.212890625000e-03 2.632876088533e-05
8.886718750000e-04 6.503906250000e-04 3.835751687126e-05
1.380859375000e-03 6.503906250000e-04 2.323634492906e-05
7.988281250000e-04 7.597656250000e-04 3.446141941103e-05
1.259765625000e-03 6.621093750000e-04 8.705818524686e-05
8.613281250000e-04 4.433593750000e-04 1.931401227400e-05
-2.539062500000e-05 2.636718750000e-04 4.815945770564e-05
1.974609375000e-03 2.636718750000e-04 4.815945770564e-05
1.412109375000e-03 1.361328125000e-03 3.689970169195e-05
1.044921875000e-03 8.457031250000e-04 6.169223396401e-05
7.871093750000e-04 1.582031250000e-04 4.487647430840e-05
1.537109375000e-03 1.349609375000e-03 4.992602351943e-05
1.001953125000e-03 6.660156250000e-04 4.943737634427e-05
