# 2D packing, generated 2026-09-28T18:44:23.390996+00:00
# generator = preprocess/generate_packing_gravity.py
# periodic axes = xy
# porosity_achieved = 0.399735  (target 0.400000)
# 258 distinct grains; 286 rows including 28 periodic edge images.
# Centres span [-R, L+R]: a grain need only be PARTLY inside.
# Do NOT drop the out-of-box rows -- they carry the conduction
# paths that cross the domain edge, and k_eff depends on them.
# header row is 'Lx Ly'; grain rows are 'x y r', all in metres
2.000000000000e-03 2.000000000000e-03
6.172520606047e-04 2.858043327407e-05 9.475242698567e-05
6.172520606047e-04 2.028580433274e-03 9.475242698567e-05
5.015632282792e-04 4.153657127552e-06 2.348708021073e-05
5.015632282792e-04 2.004153657128e-03 2.348708021073e-05
4.403130657108e-04 4.018346159393e-05 4.757440761907e-05
4.403130657108e-04 2.040183461594e-03 4.757440761907e-05
3.515915915348e-04 3.973039702479e-05 3.581674335735e-05
1.136019706860e-03 2.097242900830e-05 3.943385331203e-05
1.136019706860e-03 2.020972429008e-03 3.943385331203e-05
9.219066697174e-04 4.526441610490e-05 2.521507525703e-05
5.135503965387e-04 8.717499588361e-05 2.380546059809e-05
4.670881419394e-04 1.221392340981e-04 3.434296392131e-05
7.871299916673e-04 4.605355729061e-05 7.592669838006e-05
7.871299916673e-04 2.046053557291e-03 7.592669838006e-05
5.523510144273e-04 1.763744001379e-04 6.666428776207e-05
8.705909864324e-04 1.400688551346e-04 4.978970419283e-05
7.064748290396e-04 1.274504074208e-04 3.802962731867e-05
3.920243351413e-04 1.145594886856e-04 4.110256846866e-05
2.776544983280e-04 6.645633211678e-05 4.280239781328e-05
7.664970611945e-04 1.472054287366e-04 2.516000173587e-05
1.080983420553e-03 3.697815821088e-05 1.582291338110e-05
3.175381745914e-04 2.133655637755e-04 8.263443500821e-05
1.275427295135e-03 2.245266031304e-05 4.211402312514e-05
1.275427295135e-03 2.022452660313e-03 4.211402312514e-05
6.596475169419e-04 1.861877680796e-04 3.708944279972e-05
1.915363581290e-03 6.286529458029e-05 4.523567654948e-05
1.099199204364e-03 8.343053269596e-05 3.306969225858e-05
4.638062022292e-04 2.768166278689e-04 6.723477005680e-05
1.657329057057e-03 5.421293018034e-05 5.118122464125e-05
1.219371809578e-03 1.520103618997e-04 9.905052393446e-05
6.262529319594e-04 2.685920221724e-04 5.151190865008e-05
8.125753415174e-04 2.147705508301e-04 4.479442975516e-05
1.787145665127e-03 5.889881102755e-05 5.207933357502e-05
9.035576919926e-04 2.702779958122e-04 6.177991760504e-05
1.701511482993e-03 1.987937705549e-04 1.000000000000e-04
8.309299643774e-04 3.076731384358e-04 1.990963809444e-05
8.576647298022e-04 3.630283511700e-04 4.156350448972e-05
1.356571192870e-04 1.490650550295e-05 3.652307462106e-05
1.356571192870e-04 2.014906505503e-03 3.652307462106e-05
8.351816614481e-05 5.305745804351e-05 2.808316048452e-05
7.173118700691e-04 3.642093330682e-04 8.052758736893e-05
8.109941903413e-04 4.091613573586e-04 2.338135629807e-05
6.168300991457e-04 4.659982563307e-04 6.250238185804e-05
7.806722541511e-04 4.560484760801e-04 3.104739241161e-05
3.851716251063e-04 3.343819682739e-04 3.021914902287e-05
3.034426023732e-04 3.478812228424e-04 5.261780730903e-05
1.376839163758e-03 2.214205981350e-04 7.303595094342e-05
5.528430745613e-04 3.512988617832e-04 4.884787955926e-05
1.973848678940e-03 7.935014868665e-05 1.551915110804e-05
1.853577895272e-03 9.336551153004e-05 2.276184130196e-05
7.294717966610e-04 5.576098305655e-04 8.269001753309e-05
9.193657003597e-04 3.904511829754e-04 2.595702181130e-05
1.892699200393e-03 1.599993199198e-04 5.450753567689e-05
9.688250676074e-04 7.265899905738e-05 2.641118506562e-05
1.828404782129e-03 2.131840557190e-04 2.770665553603e-05
3.617625089606e-05 1.027172211665e-04 4.052696276895e-05
2.036176250896e-03 1.027172211665e-04 4.052696276895e-05
1.085634718194e-03 2.134532435499e-04 4.812572118361e-05
1.034867330700e-03 2.767192908345e-04 3.299100297743e-05
1.117929182483e-03 3.133118528057e-04 5.476485314051e-05
2.156365457995e-04 3.784487007483e-04 4.035733776563e-05
-9.300381311126e-05 3.138437331743e-04 1.000000000000e-04
1.906996186889e-03 3.138437331743e-04 1.000000000000e-04
1.764070850335e-03 3.280877345757e-04 4.363376347530e-05
8.540370201447e-04 5.728563405720e-04 4.252218158069e-05
1.274044144500e-03 3.021365628884e-04 5.586093270441e-05
1.504141146139e-03 2.250665384886e-04 5.431823729900e-05
1.450449997913e-03 2.974772907252e-04 3.280910928825e-05
1.642659702514e-03 4.048334135107e-04 1.000000000000e-04
7.993586998544e-05 4.143009772654e-04 1.000000000000e-04
2.079935869985e-03 4.143009772654e-04 1.000000000000e-04
1.494179667537e-03 4.020848153641e-04 4.850560982809e-05
1.546214457464e-03 5.042580498334e-04 3.851705878551e-05
1.404551935673e-03 4.190822712581e-04 4.271969777885e-05
9.672086079894e-04 6.370394267702e-04 8.758268708000e-05
1.815189649125e-03 4.760470262397e-04 8.337793544106e-05
2.728130781905e-04 4.245459072713e-04 2.993910167028e-05
1.202334747057e-03 4.430340962204e-04 1.000000000000e-04
2.133360045994e-04 5.438815487925e-04 8.597523599205e-05
1.225433904522e-04 6.506959122846e-04 5.388556654873e-05
1.095523305468e-03 6.905613575451e-04 5.144701716642e-05
8.066360025094e-04 7.076152640484e-04 8.599888704831e-05
1.607978357896e-03 5.453736007035e-04 3.521127014958e-05
1.305392454285e-03 5.607759790910e-04 5.647377416347e-05
1.567728815582e-03 5.968737262092e-04 3.015147599525e-05
4.290395991115e-04 3.701532948706e-04 2.638481166017e-05
1.493367227549e-03 6.539053587976e-04 6.356219904975e-05
6.208593637037e-04 7.169467393744e-04 1.000000000000e-04
1.609488646942e-03 6.088359956656e-04 1.328790021726e-05
1.930758574809e-03 5.000289816845e-04 3.465183082526e-05
4.783058061300e-04 4.327349969616e-04 5.326218556430e-05
5.077237722860e-04 7.767814290607e-04 2.798379637786e-05
1.694044288399e-03 6.655129907441e-04 8.850570603279e-05
5.383617828977e-04 9.010439110939e-04 1.000000000000e-04
1.897878696872e-03 5.641156151579e-04 3.737721167233e-05
1.415281233762e-03 7.308501905254e-04 4.606411875474e-05
6.218964834600e-04 9.838801017294e-04 1.764297734129e-05
1.036222170432e-03 7.080294059520e-04 1.037334624021e-05
2.318500511176e-04 6.908432844639e-04 6.214818153653e-05
7.213006320666e-04 7.729061837152e-04 1.497785787397e-05
3.331777679162e-04 4.222813508522e-04 2.735280379927e-05
5.871950898788e-04 1.039229453694e-03 4.656034952989e-05
7.020659939771e-04 8.000769754398e-04 1.621167301858e-05
1.163832441816e-03 7.626944214576e-04 4.789741910471e-05
8.902092290243e-04 7.461452057046e-04 6.028505621762e-06
1.019300796429e-03 8.041782849147e-04 8.536919923025e-05
1.575240609301e-03 7.159959649919e-04 3.919233377992e-05
1.231622970890e-03 6.227072521096e-04 3.984558660113e-05
1.630687285995e-03 8.036965837479e-04 6.351013238237e-05
1.779982037262e-03 8.348324300706e-04 8.899679756550e-05
-5.077556134014e-05 8.515682857324e-04 8.107106916927e-05
1.949224438660e-03 8.515682857324e-04 8.107106916927e-05
1.589410958124e-04 7.660055917434e-04 4.256616364262e-05
4.477489067728e-04 9.871769536166e-04 2.501836090078e-05
1.503543724511e-03 7.803864599630e-04 5.514906844434e-05
3.227360885020e-04 9.883541665631e-04 1.000000000000e-04
4.937200106070e-04 1.138240167895e-03 8.960393349467e-05
6.119760644800e-04 1.208933107651e-03 4.817119491739e-05
3.559965921830e-04 1.209919313792e-03 6.565597742524e-05
8.991187134776e-04 8.148928155357e-04 3.528955191910e-05
1.073532706820e-04 9.298792920710e-04 9.538669130175e-05
1.135016790439e-03 8.453246010945e-04 3.744452396460e-05
1.664601656181e-03 9.201686131328e-04 5.451242331566e-05
1.537299357787e-03 8.998596028594e-04 6.900114158954e-05
6.834709740873e-04 1.295869856577e-03 6.438776924632e-05
2.533339169336e-04 1.229210133372e-03 3.880339558361e-05
9.247323513710e-04 8.922679325789e-04 4.387079777629e-05
5.912594952642e-04 1.309956227714e-03 2.889337972375e-05
-3.494961857096e-05 9.937798790230e-04 6.060496649612e-05
1.965050381429e-03 9.937798790230e-04 6.060496649612e-05
1.190604963738e-03 9.052603308984e-04 4.430103688048e-05
1.713687910494e-03 9.740134201633e-04 1.834856491967e-05
1.113465733267e-03 9.844030889398e-04 6.621457309267e-05
1.859772628632e-03 9.398275185111e-04 4.287627424182e-05
1.601902156460e-03 9.792752554888e-04 3.165498604472e-05
4.437035405332e-04 1.289448654194e-03 5.273922844787e-05
5.068620037267e-04 1.359906488693e-03 4.188263961266e-05
1.001652796519e-03 9.416750281306e-04 4.755029373227e-05
1.806835004804e-04 1.283435277317e-03 5.185226748693e-05
8.573069366001e-04 9.273277391295e-04 3.212510074726e-05
1.361356320676e-03 6.364081217780e-04 3.761222558595e-05
5.673435460096e-05 1.093329439094e-03 7.473189414015e-05
2.056734354601e-03 1.093329439094e-03 7.473189414015e-05
1.673545521923e-03 1.052596323097e-03 6.989362450038e-05
3.824720326299e-04 1.346842493320e-03 3.118541639818e-05
4.205957009632e-04 1.472551099887e-03 1.000000000000e-04
1.224912092994e-03 1.071526677669e-03 7.524500006495e-05
1.571200744245e-03 1.121271564621e-03 5.335710497612e-05
1.358017779062e-03 1.138614267401e-03 7.381159493883e-05
6.111203152852e-04 1.407807827879e-03 6.889661561658e-05
1.098987552733e-04 1.305511505631e-03 2.229487405193e-05
1.753212781913e-03 9.486085832468e-04 2.788607570306e-05
1.814505683737e-03 1.097151106944e-03 7.794039046981e-05
5.140420982774e-04 1.571450348790e-03 3.606355354986e-05
6.750562193015e-04 1.483635640039e-03 3.028834755466e-05
1.102380117288e-03 1.196813245039e-03 1.000000000000e-04
9.206771949578e-04 9.783915003107e-04 4.136060198680e-05
1.485289468078e-03 1.208493316201e-03 6.906993991695e-05
1.893846591994e-03 1.154950509882e-03 2.022146924679e-05
7.784764952475e-04 1.562918379755e-03 1.000000000000e-04
1.700794327742e-03 1.186721751316e-03 6.681171768621e-05
6.459085770171e-04 1.626930591411e-03 4.638782988450e-05
1.382240416114e-03 1.254088321342e-03 4.361551435511e-05
6.051136524498e-04 1.711217071068e-03 4.141552693784e-05
-1.498427421184e-05 1.167593472188e-03 2.850912643892e-05
1.985015725788e-03 1.167593472188e-03 2.850912643892e-05
1.263465016699e-03 1.162000744699e-03 2.284916249067e-05
1.588459826213e-03 1.281610759115e-03 5.738275185325e-05
3.268738575341e-04 1.544282785883e-03 1.802211111288e-05
1.360325972338e-04 1.347294468486e-03 2.606884298717e-05
1.008360506966e-03 1.297891919201e-03 3.756173117638e-05
1.103958804074e-03 1.396807006854e-03 1.000000000000e-04
8.892619727698e-04 1.639495746252e-03 3.467559301024e-05
3.494279453809e-05 1.209428682232e-03 3.662839725787e-05
2.034942794538e-03 1.209428682232e-03 3.662839725787e-05
1.831486020235e-03 1.256284227529e-03 8.123981585467e-05
5.344624096713e-04 1.766045860884e-03 4.801486717846e-05
1.245534580787e-03 1.457560068316e-03 5.406050023419e-05
3.552765772249e-04 1.583936519291e-03 2.912513148786e-05
1.603745584017e-05 1.385953480554e-03 1.000000000000e-04
2.016037455840e-03 1.385953480554e-03 1.000000000000e-04
1.172788772366e-03 1.518362409985e-03 3.882879741032e-05
1.309883082228e-03 1.298000692714e-03 4.102419338633e-05
1.886719779872e-03 1.354685248239e-03 3.160312402311e-05
1.063936260292e-04 1.482916202446e-03 3.238599630380e-05
5.087510805884e-05 1.506983778845e-03 2.594441280407e-05
1.868548939761e-03 1.469184920715e-03 6.931807973822e-05
2.851176873841e-04 1.555721923169e-03 2.527259534691e-05
1.799773728175e-03 1.520075958373e-03 1.623849477565e-05
7.071726168424e-04 1.712117365674e-03 5.854114911494e-05
1.730520552037e-03 1.271747028806e-03 2.090284904061e-05
6.169647510021e-04 1.783317201033e-03 2.688222071653e-05
4.245923030639e-04 1.625993657690e-03 5.195182417084e-05
1.681717702084e-03 1.312787499210e-03 4.094842598503e-05
1.532313734181e-03 1.354213705822e-03 3.439726514919e-05
1.452970317886e-03 1.420073554397e-03 6.871867621617e-05
1.886386730394e-04 1.364910981430e-03 2.940854646065e-05
1.004979386318e-03 1.570597311106e-03 1.000000000000e-04
1.599616536472e-03 1.447850339992e-03 8.053501132116e-05
5.836001084046e-04 1.833566047400e-03 3.343482444396e-05
1.964210255589e-03 1.511822963041e-03 3.541534376761e-05
1.718150559495e-03 1.537525524016e-03 6.722903787295e-05
1.916763084270e-03 1.562389609234e-03 3.392598426569e-05
1.866799488916e-03 1.582260309470e-03 1.984394774636e-05
1.912828189434e-05 1.526113399320e-03 1.112044050802e-05
7.182427517662e-04 1.866488582065e-03 9.622671191330e-05
1.064550236679e-04 1.586135118099e-03 7.077198458921e-05
2.389151196372e-04 1.650332757693e-03 7.642520952001e-05
3.491096613661e-04 1.717454270304e-03 5.260244054780e-05
1.326854097550e-03 1.458271422545e-03 2.726212944097e-05
1.626730745647e-03 1.576753936304e-03 3.225186830915e-05
1.146312283519e-03 1.636030086914e-03 5.334754112328e-05
1.330113687872e-03 1.586327337426e-03 1.000000000000e-04
1.964123062412e-03 1.594496959388e-03 2.329157827886e-05
1.931449490456e-03 1.635014349416e-03 2.875860134629e-05
1.516667666122e-03 1.495819584304e-03 1.528546400750e-05
8.822502319243e-04 1.903210638365e-03 7.184174982280e-05
1.099897665849e-04 1.738851253389e-03 7.995366958213e-05
5.398981144960e-04 1.904029265021e-03 4.948036903135e-05
1.233069655950e-03 1.744225886932e-03 8.533617989082e-05
1.501036464711e-03 1.657397845276e-03 8.510973949452e-05
2.009410107460e-04 1.839432595276e-03 5.565140894468e-05
2.704628421230e-04 1.762819734139e-03 3.811440093141e-05
1.806713151998e-03 1.610039390141e-03 4.635307036691e-05
1.388428343961e-03 1.766370829967e-03 7.159285315327e-05
1.467157533524e-04 1.893909462121e-03 2.121280908878e-05
1.731152058626e-03 1.636909783009e-03 3.300204470741e-05
-2.875174661841e-05 1.798497043605e-03 7.106562782922e-05
1.971248253382e-03 1.798497043605e-03 7.106562782922e-05
4.281427624398e-04 1.769819168445e-03 4.220427663354e-05
1.636266495020e-03 1.716277157301e-03 6.238241988939e-05
1.065134771088e-03 1.726304463042e-03 6.692331612162e-05
4.152792747401e-05 1.890273578355e-03 4.450789969255e-05
2.041527927474e-03 1.890273578355e-03 4.450789969255e-05
4.791739894473e-04 1.831688093196e-03 3.780887137258e-05
1.777600362070e-03 1.692061786196e-03 3.910335279087e-05
1.717478920684e-03 1.790541745995e-03 4.617482194634e-05
3.867234743649e-04 -8.377067960558e-05 8.746810557522e-05
3.867234743649e-04 1.916229320394e-03 8.746810557522e-05
1.075331294417e-04 1.925710949259e-03 2.925116575913e-05
-6.339739306269e-05 -6.293179408666e-05 7.037926259315e-05
-6.339739306269e-05 1.937068205913e-03 7.037926259315e-05
1.936602606937e-03 -6.293179408666e-05 7.037926259315e-05
1.936602606937e-03 1.937068205913e-03 7.037926259315e-05
9.969849840013e-04 -1.722531456625e-05 6.778102652779e-05
9.969849840013e-04 1.982774685434e-03 6.778102652779e-05
1.544046167184e-03 1.776686065260e-03 4.086837150959e-05
1.478416746073e-03 1.820766181445e-03 3.246750782071e-05
1.619183443551e-03 1.814897859209e-03 3.770693253844e-05
1.119023685772e-03 1.828637356852e-03 4.873152580244e-05
1.214058438982e-03 1.896319533344e-03 6.794104943320e-05
1.777894199839e-03 1.821677082078e-03 2.179145725412e-05
1.548309340911e-03 1.908659918442e-03 7.982805808363e-05
2.740860288489e-04 1.883607603989e-03 2.979815313468e-05
1.376189507906e-03 -6.871767103232e-05 9.377218784538e-05
1.376189507906e-03 1.931282328968e-03 9.377218784538e-05
1.660248019689e-03 1.914960405221e-03 3.224673021013e-05
1.764223941596e-03 1.912442036592e-03 6.688736107816e-05
1.850775377034e-03 1.937068205998e-03 1.544796731033e-05
2.271560118493e-04 1.918192853243e-03 2.710858341785e-05
1.268832665065e-03 1.962632570764e-03 1.806850926658e-05
1.628068516064e-03 -1.911738874878e-05 2.777155312990e-05
1.628068516064e-03 1.980882611251e-03 2.777155312990e-05
1.850357122406e-03 -2.035899786653e-05 2.580143495044e-05
1.850357122406e-03 1.979641002133e-03 2.580143495044e-05
1.688157503206e-03 -2.361382276164e-05 3.248546856637e-05
1.688157503206e-03 1.976386177238e-03 3.248546856637e-05
8.535156250000e-04 1.162109375000e-03 2.418332015570e-05
4.199218750000e-04 6.074218750000e-04 4.295096134746e-05
7.558593750000e-04 1.048828125000e-03 4.690931512350e-05
8.613281250000e-04 1.357421875000e-03 2.960887503024e-05
1.349609375000e-03 8.808593750000e-04 3.890451455604e-05
3.730468750000e-04 7.792968750000e-04 3.528921464872e-05
1.308593750000e-04 2.128906250000e-04 3.502509232033e-05
-2.539062500000e-05 6.738281250000e-04 2.855871262937e-05
1.974609375000e-03 6.738281250000e-04 2.855871262937e-05
1.498046875000e-03 7.617187500000e-05 2.288696837900e-05
7.324218750000e-04 9.082031250000e-04 9.447958298787e-05
1.009765625000e-03 4.628906250000e-04 2.944685019562e-05
1.412109375000e-03 9.902343750000e-04 1.993901261281e-05
9.433593750000e-04 1.103515625000e-03 1.997388909091e-05
8.535156250000e-04 1.751953125000e-03 2.847069937662e-05
1.865234375000e-03 6.855468750000e-04 3.768485067396e-05
1.291015625000e-03 7.324218750000e-04 2.414595886377e-05
2.207031250000e-04 1.470703125000e-03 4.783236083404e-05
8.964843750000e-04 1.255859375000e-03 1.194974845960e-05
