# 2D packing, generated 2026-10-01T15:39:52.620755+00:00
# generator = preprocess/generate_packing_gravity.py
# periodic axes = xy
# porosity_achieved = 0.475163  (target 0.475000)
# 223 distinct grains; 248 rows including 25 periodic edge images.
# Centres span [-R, L+R]: a grain need only be PARTLY inside.
# Do NOT drop the out-of-box rows -- they carry the conduction
# paths that cross the domain edge, and k_eff depends on them.
# header row is 'Lx Ly'; grain rows are 'x y r', all in metres
2.000000000000e-03 2.000000000000e-03
2.385691171789e-04 3.215104197173e-05 6.663676747442e-05
2.385691171789e-04 2.032151041972e-03 6.663676747442e-05
9.589105417498e-05 4.717999458167e-05 7.683077320889e-05
9.589105417498e-05 2.047179994582e-03 7.683077320889e-05
3.601381579539e-04 6.252859203266e-05 5.867024524502e-05
2.951241933954e-04 1.327459322864e-04 2.646453747052e-05
-1.513639617602e-05 5.948302732293e-05 3.487413126326e-05
1.984863603824e-03 5.948302732293e-05 3.487413126326e-05
7.716941708932e-04 5.677431812977e-05 6.197090401546e-05
7.716941708932e-04 2.056774318130e-03 6.197090401546e-05
4.112226756760e-04 1.425138920537e-04 3.623645714670e-05
5.465755452303e-04 3.781933422589e-05 7.047914281099e-05
5.465755452303e-04 2.037819334226e-03 7.047914281099e-05
7.067127459083e-04 1.554847902208e-04 5.620839673866e-05
1.775089841942e-03 5.686688423628e-05 1.000000000000e-04
1.775089841942e-03 2.056866884236e-03 1.000000000000e-04
2.294431360369e-04 1.843752676377e-04 5.707940045768e-05
9.900859970292e-06 1.508371435173e-04 5.785088750365e-05
2.009900859970e-03 1.508371435173e-04 5.785088750365e-05
1.572595708644e-03 7.191257944363e-05 4.050379481229e-05
8.732717881726e-04 1.165142058599e-04 5.547031876776e-05
1.026264452529e-04 2.785824248153e-04 1.000000000000e-04
3.370619381295e-04 2.005321951222e-04 5.174547201909e-05
-2.694526599382e-05 3.111385219468e-04 3.276276311465e-05
1.973054734006e-03 3.111385219468e-04 3.276276311465e-05
1.626191587049e-03 1.151555888201e-04 2.226033554805e-05
3.924812626542e-04 2.388949717706e-04 1.565633925445e-05
1.481499852378e-03 1.288756811713e-04 6.693572554101e-05
5.081388385636e-04 2.388919119959e-04 1.000000000000e-04
8.034359741838e-04 2.108574606748e-04 5.524348238341e-05
1.157478887911e-03 2.293641619735e-05 5.111309479937e-05
1.157478887911e-03 2.022936416197e-03 5.111309479937e-05
1.033491078760e-03 8.597864036822e-05 6.130177531365e-05
1.679524501060e-03 2.188460407052e-04 8.806929509839e-05
3.743188717457e-04 2.986598579186e-04 4.655815964558e-05
6.515016865211e-04 2.787656277051e-04 4.880463493771e-05
4.385582051842e-04 3.680482671222e-04 4.670660725060e-05
2.408334462699e-05 3.804387533163e-04 2.861651914597e-05
2.024083344627e-03 3.804387533163e-04 2.861651914597e-05
1.370919289661e-03 7.168615555018e-06 3.015034923005e-05
1.370919289661e-03 2.007168615555e-03 3.015034923005e-05
7.563830494458e-04 2.857173896800e-04 3.317589788269e-05
1.121433176040e-03 9.209591251023e-05 2.685282463640e-05
9.336832199682e-04 2.846942679299e-04 9.447703600976e-05
8.152285736543e-04 4.201369180942e-04 8.545688724283e-05
1.112702319635e-03 3.606775235840e-04 1.000000000000e-04
1.333581699933e-03 6.214330933191e-05 3.630499338847e-05
1.398695478106e-03 1.576167258260e-04 2.071478810734e-05
2.259710315562e-04 4.240295847594e-04 9.070599940062e-05
-3.962282552799e-05 4.269487915688e-04 5.026097938220e-05
1.960377174472e-03 4.269487915688e-04 5.026097938220e-05
1.574914694190e-03 2.507475883566e-04 2.129677111139e-05
1.272269338925e-03 3.752100122059e-04 6.022750326328e-05
9.894946854300e-04 4.685210657286e-04 6.373869779017e-05
1.818394867051e-03 2.190823099568e-04 4.307883564805e-05
1.887354278992e-03 5.205720571237e-04 6.847258418538e-05
8.703816048699e-04 5.192807573615e-04 2.799512003490e-05
9.857910327744e-05 4.944514275146e-04 5.339514005151e-05
5.033102826104e-04 4.788883707873e-04 8.166145774799e-05
3.139974922677e-04 4.926562765835e-04 2.091067565441e-05
9.288006238798e-04 5.453939753407e-04 3.420628228842e-05
-5.115033742922e-06 5.976538891769e-04 6.383182819896e-05
1.994884966257e-03 5.976538891769e-04 6.383182819896e-05
3.954252584483e-04 5.608652364849e-04 5.383535014081e-05
1.214525571068e-03 4.758671239171e-04 5.352580557322e-05
1.524666660790e-03 2.226332040136e-04 3.628176125905e-05
8.930113908978e-04 5.990333252947e-04 3.027667588422e-05
2.716156798447e-04 5.795517189413e-04 7.137601162626e-05
1.360574832916e-03 1.941636211886e-04 3.209486345063e-05
1.081023251254e-03 5.020300580682e-04 3.363615209195e-05
7.888145649333e-04 6.310431016332e-04 7.872610937423e-05
1.788952651298e-03 3.162109517716e-04 5.669109320566e-05
1.682268532873e-03 3.622203515945e-04 5.533142480094e-05
3.552565500197e-04 6.289227322112e-04 2.509358234317e-05
1.580279688555e-04 5.687827752155e-04 4.178530368329e-05
1.759666093929e-03 3.980587346872e-04 2.996091557569e-05
9.191144185205e-04 7.155218548766e-04 7.652715282228e-05
1.035537611572e-03 5.593272991482e-04 3.805206285202e-05
6.110771396349e-04 3.396819379237e-04 2.430435239739e-05
8.091146078520e-04 7.642245446984e-04 4.377210047126e-05
1.542916888868e-03 4.308420110987e-04 1.000000000000e-04
1.785960168720e-03 5.202172292047e-04 3.292214694397e-05
1.123263704965e-03 6.029156163057e-04 5.990613667451e-05
1.228672795095e-03 6.029151692550e-04 4.550295345738e-05
1.994206161414e-04 6.630659820718e-04 3.901764822857e-05
1.070226220098e-04 7.109612139417e-04 6.505608966395e-05
8.826980920195e-04 8.882519531448e-04 1.000000000000e-04
1.355880129016e-03 4.341829231442e-04 4.208859365792e-05
1.067390809527e-03 9.649891677131e-04 1.000000000000e-04
6.997027674270e-04 6.897572252687e-04 2.798969201264e-05
7.320126979735e-04 7.792823825911e-04 3.478643177647e-05
7.133842368945e-04 9.296126268815e-04 7.429253245412e-05
1.414623065765e-03 4.985879962217e-04 4.508225922443e-05
1.622681255067e-03 5.334688644944e-04 2.917094037209e-05
3.133398350378e-04 6.893802505577e-04 4.611108346121e-05
7.995614205593e-04 9.981100950588e-04 3.579111815353e-05
3.809391296175e-04 7.537327829526e-04 4.722120816118e-05
1.144099179778e-03 1.089895709881e-03 4.658041595996e-05
1.349222399040e-03 5.760118669463e-04 5.626725858530e-05
9.691917539675e-04 1.061719807192e-03 3.784002004808e-05
9.103350025836e-04 1.126901088745e-03 4.998205376199e-05
1.803437041503e-03 5.918546163738e-04 4.077402809849e-05
1.052361664739e-03 1.153904115818e-03 6.528042480243e-05
1.703056737655e-03 4.645102092667e-04 4.904948049726e-05
1.469020159008e-03 5.939436563666e-04 6.307474303431e-05
1.880379792679e-03 6.777669145052e-04 7.455640989918e-05
7.994540039203e-04 1.188377165353e-03 7.680084674000e-05
1.119462498588e-03 1.223329120388e-03 3.127190900055e-05
3.417215240904e-04 8.184440703383e-04 2.832333538766e-05
1.515932083672e-03 6.564972119090e-04 1.511525624110e-05
9.094405738506e-04 1.302507289374e-03 8.170066988980e-05
1.221200060317e-03 1.121580277146e-03 3.677699272496e-05
7.016821556941e-04 1.222676060120e-03 2.680357795048e-05
1.724599966798e-03 6.865333158631e-04 8.146988257861e-05
1.180524360655e-03 1.314703876480e-03 7.862757712181e-05
4.279764024745e-04 8.562613380017e-04 6.558221644753e-05
2.201239223234e-04 7.585258308006e-04 5.738093739813e-05
7.306331056970e-04 1.279539622632e-03 3.700581883032e-05
1.944827543007e-03 7.811229722549e-04 4.724665736854e-05
6.549585869845e-04 1.238822911465e-03 2.263136566141e-05
1.568748429790e-03 5.586176586439e-04 3.027254821998e-05
1.804330965085e-03 7.685380385090e-04 3.290584309784e-05
1.494179755793e-04 8.391400311044e-04 4.984769774941e-05
1.042982212598e-03 1.419313771798e-03 9.417598965397e-05
1.910096265982e-03 8.378626102569e-04 1.927888753222e-05
8.755360565409e-04 1.480526522815e-03 8.401379076406e-05
5.072537546406e-04 8.941415427448e-04 2.228023092325e-05
3.317195979900e-04 9.266067841109e-04 5.363965773475e-05
1.653184016295e-03 7.754935699864e-04 3.260975977663e-05
1.001615143640e-03 1.601650368915e-03 9.082019367613e-05
1.957683519412e-03 8.617376734348e-04 3.396174855285e-05
8.690939235040e-04 1.642550209238e-03 4.786892170319e-05
1.735878284222e-03 8.215574283790e-04 5.367836573669e-05
1.894537572395e-03 9.538402560415e-04 7.770873253993e-05
7.857658357117e-04 1.299412127507e-03 2.159934362716e-05
1.670382642536e-03 8.791833337499e-04 3.355937867246e-05
1.427817678841e-05 9.825027748393e-04 4.541458907013e-05
2.014278176788e-03 9.825027748393e-04 4.541458907013e-05
1.166755585466e-03 1.623657056764e-03 7.577801762951e-05
1.723573028957e-03 1.002332714299e-03 1.000000000000e-04
6.271280442259e-04 1.343839612700e-03 8.484630422651e-05
1.628730825556e-03 1.121979497031e-03 5.267742519466e-05
1.548204605747e-03 1.206669953970e-03 6.418550978956e-05
2.218484656877e-04 1.016987812981e-03 8.862909077699e-05
1.844671918536e-03 1.097583235765e-03 5.407012331006e-05
1.300658243102e-03 6.664152028608e-04 4.635463887646e-05
5.090626731833e-04 1.367003969341e-03 3.547110230409e-05
6.984881160517e-04 1.449822092799e-03 4.292152336487e-05
1.901834068661e-03 1.189147956241e-03 5.387249775634e-05
1.339614972185e-03 7.337500669315e-04 3.143748641670e-05
1.681388907721e-03 1.240791622185e-03 7.330029505566e-05
1.489283842886e-03 1.298002549666e-03 4.450349302504e-05
4.240831186581e-04 1.379959807061e-03 5.049171321030e-05
6.726940505990e-05 1.062648216997e-03 5.066538892948e-05
1.411936354653e-03 8.021081367664e-04 6.807739108304e-05
1.272926968258e-03 1.645160260439e-03 3.254904057051e-05
1.333039529433e-04 1.129010227790e-03 4.295340186911e-05
1.088009280706e-03 1.739175697371e-03 6.402735342410e-05
5.401340240688e-04 1.442446799239e-03 4.611973093587e-05
3.215898809077e-04 1.377843597510e-03 5.202476097231e-05
4.483179141066e-04 1.478165796581e-03 5.066048889958e-05
2.493076772713e-04 1.417755957656e-03 3.054613036137e-05
7.607505903111e-04 1.489765903437e-03 3.105241967620e-05
6.045517677819e-04 1.517641350988e-03 5.289481166897e-05
1.738634751423e-03 1.317930795427e-03 2.275978338303e-05
1.540901880990e-03 1.349373065393e-03 2.832062209932e-05
1.454141666673e-04 1.496800500700e-03 1.000000000000e-04
1.405440018658e-03 1.642071814447e-03 1.000000000000e-04
1.533971041977e-03 1.691070778879e-03 3.614345398661e-05
1.035150489154e-03 1.829771292859e-03 4.086125654893e-05
7.040418659216e-04 1.549292660168e-03 5.115921096272e-05
6.134242989852e-04 1.670278457676e-03 1.000000000000e-04
1.490949348756e-03 1.772655299234e-03 5.608937395537e-05
1.241757939839e-03 1.700932544757e-03 3.134193133393e-05
1.840023148380e-03 1.238533357981e-03 2.524455331967e-05
4.082531681483e-05 1.659289224085e-03 9.324070084833e-05
2.040825316815e-03 1.659289224085e-03 9.324070084833e-05
1.300328117887e-03 1.726762747928e-03 3.267107739543e-05
4.719410765590e-04 1.685713150522e-03 4.184481313455e-05
1.898654082053e-03 1.742029879423e-03 7.125531207492e-05
2.912727914160e-04 1.595657415445e-03 7.473580212904e-05
1.790099045148e-03 1.350493583572e-03 3.814102696009e-05
1.841890124408e-03 1.859227020192e-03 5.896549793609e-05
7.821169092593e-04 1.594895797479e-03 3.924957239353e-05
7.612545984689e-04 1.806460969572e-03 1.000000000000e-04
1.350965228869e-03 1.764338909437e-03 3.038512778549e-05
1.436864866887e-03 1.837028430387e-03 2.798815763218e-05
1.394099298238e-04 1.743753947450e-03 3.654347228626e-05
6.894791827742e-05 1.807585428858e-03 5.769927349328e-05
2.269072419083e-04 1.675795223186e-03 2.805034761965e-05
1.111763652428e-03 1.854225750675e-03 3.956013049608e-05
9.645590623209e-04 1.871078012525e-03 4.092751031603e-05
1.020412350019e-03 1.925286830745e-03 3.690683817021e-05
1.347460848181e-04 1.879210442179e-03 3.956114083877e-05
5.055867576594e-04 1.757681234468e-03 3.719642235752e-05
4.633490993906e-05 1.921410120350e-03 5.835036318752e-05
2.046334909939e-03 1.921410120350e-03 5.835036318752e-05
1.922815245536e-03 1.902107336454e-03 3.261842234087e-05
1.620731760425e-03 1.349327805729e-03 5.103551095507e-05
6.906880177775e-04 1.928260760100e-03 4.076516359907e-05
8.751287960934e-04 1.922323890699e-03 6.214490391315e-05
4.316675569154e-04 1.782084817880e-03 4.033620470592e-05
3.540175510594e-04 1.682302219219e-03 3.224189288575e-05
1.773877369695e-03 1.922764110731e-03 3.410848873601e-05
1.032001577104e-03 1.976942941277e-03 1.603335420023e-05
1.614945015329e-03 -5.288038441865e-05 8.974238489574e-05
1.614945015329e-03 1.947119615581e-03 8.974238489574e-05
9.600283272085e-04 -6.513235172674e-06 4.734359821154e-05
9.600283272085e-04 1.993486764827e-03 4.734359821154e-05
8.234700743538e-04 -1.029606035601e-05 2.275917107599e-05
8.234700743538e-04 1.989703939644e-03 2.275917107599e-05
-4.608547213056e-05 -2.044680657451e-05 5.083835718811e-05
-4.608547213056e-05 1.979553193425e-03 5.083835718811e-05
1.953914527869e-03 -2.044680657451e-05 5.083835718811e-05
1.953914527869e-03 1.979553193425e-03 5.083835718811e-05
1.081103942928e-03 -1.428070790942e-05 3.384716976658e-05
1.081103942928e-03 1.985719292091e-03 3.384716976658e-05
1.190410512307e-03 1.748746350259e-03 3.882015818829e-05
1.370102237996e-03 1.831032903078e-03 3.900012966346e-05
4.759594687719e-04 1.847189011774e-03 3.840596645095e-05
1.573940833198e-03 1.822997570916e-03 4.097725810921e-05
2.833586249573e-04 1.754221391381e-03 6.858000656228e-05
1.300579015333e-03 1.783935615562e-03 2.367298134742e-05
2.473890479640e-04 1.891987311591e-03 7.380423699874e-05
1.410207482206e-03 1.888847330272e-03 3.028546083995e-05
1.235031485732e-03 1.832981212695e-03 5.650320655128e-05
3.024843642296e-04 1.973128345650e-03 1.874908492367e-05
5.697463391176e-04 1.807584201661e-03 4.408554384807e-05
5.513410083607e-04 1.908718350390e-03 5.870978134187e-05
6.296031277572e-04 -3.048403990296e-05 3.294613346993e-05
6.296031277572e-04 1.969515960097e-03 3.294613346993e-05
1.318546261413e-03 1.870602528729e-03 2.599043891489e-05
1.272811209598e-03 1.938541414420e-03 5.561398247693e-05
1.378352761731e-03 1.933237755534e-03 2.435182592999e-05
1.439594919831e-03 -4.026795088233e-05 4.227208453338e-05
1.439594919831e-03 1.959732049118e-03 4.227208453338e-05
4.902343750000e-04 1.107421875000e-03 5.921830923720e-05
1.716796875000e-03 1.564453125000e-03 4.935247489985e-05
1.400390625000e-03 1.033203125000e-03 1.822989043725e-05
1.912109375000e-03 1.470703125000e-03 3.930259750464e-05
1.361328125000e-03 1.416015625000e-03 3.954905536010e-05
6.054687500000e-05 1.283203125000e-03 2.902955828990e-05
5.449218750000e-04 6.855468750000e-04 4.643919507272e-05
3.300781250000e-04 1.201171875000e-03 5.682397489540e-05
1.291015625000e-03 9.472656250000e-04 3.161840485064e-05
1.361328125000e-03 1.193359375000e-03 5.282067945577e-05
1.708984375000e-03 1.732421875000e-03 7.853000428732e-05
1.173828125000e-03 7.753906250000e-04 3.858967967528e-05
