# periodic 2D packing, generated 2026-08-03T18:13:46.463432+00:00
# porosity_achieved = 0.250466  (target 0.250000)
# 79 distinct grains; 95 rows including 16 periodic edge images.
# Centres span [-R, L+R]: a grain need only be PARTLY inside.
# Do NOT drop the out-of-box rows -- they carry the conduction
# paths that cross the domain edge, and k_eff depends on them.
# header row is 'Lx Ly'; grain rows are 'x y r', all in metres
2.000000000000e-03 2.000000000000e-03
1.177688391435e-04 -6.453534620097e-05 1.494150588645e-04
1.177688391435e-04 1.935464653799e-03 1.494150588645e-04
2.117768839143e-03 -6.453534620097e-05 1.494150588645e-04
2.117768839143e-03 1.935464653799e-03 1.494150588645e-04
7.511277632103e-04 7.917235283054e-04 2.000000000000e-04
9.907824617669e-04 7.325581801235e-04 2.461914190955e-05
1.488963143937e-03 1.863622494068e-03 8.236722931302e-05
1.238520113128e-03 1.573345568401e-03 1.465006536929e-04
8.775540767812e-05 1.171847518758e-03 1.735110174770e-04
2.087755407678e-03 1.171847518758e-03 1.735110174770e-04
1.031230320187e-03 -1.010174479563e-04 1.223718522306e-04
1.031230320187e-03 1.898982552044e-03 1.223718522306e-04
1.784962178378e-04 1.520291579012e-03 1.865555616262e-04
2.178496217838e-03 1.520291579012e-03 1.865555616262e-04
1.661749611609e-03 1.682332788564e-03 1.020179707584e-04
1.538504486718e-04 3.209061739072e-04 1.162570574500e-04
1.485310938076e-03 1.428916668985e-03 9.649961606860e-05
5.230303054305e-04 1.732625934579e-03 5.158551083321e-05
8.035286532532e-04 1.673266908801e-03 5.779230890337e-05
7.217926519119e-04 4.799523892330e-04 1.066937209628e-04
1.792234387240e-03 8.843031556282e-04 6.602758341085e-05
5.853065767494e-04 1.229978693098e-03 1.666583442850e-04
1.766580318392e-03 1.289113091103e-03 1.684036005789e-04
4.482088060439e-05 8.008143688865e-04 2.000000000000e-04
2.044820880604e-03 8.008143688865e-04 2.000000000000e-04
3.332466233050e-04 1.259338054067e-03 8.710665324452e-05
9.857494854727e-04 1.372625708930e-03 1.762714372607e-04
1.182723333063e-03 5.032623907674e-05 5.610632860794e-05
1.182723333063e-03 2.050326239077e-03 5.610632860794e-05
7.639124689387e-04 2.932132951597e-04 5.867494598415e-05
1.502481615428e-03 4.321465958923e-04 9.191109159996e-05
1.465217975151e-03 4.603448519771e-05 1.015839554873e-04
1.465217975151e-03 2.046034485198e-03 1.015839554873e-04
1.693392029328e-03 4.826998679771e-04 3.967320501029e-05
1.682781735839e-03 7.630745547673e-05 3.714421693951e-05
3.664421266878e-04 1.743697805060e-03 1.053943877533e-04
9.035327030960e-04 5.792545164471e-04 5.734445486715e-05
9.525862929579e-04 1.797760520636e-04 1.614747386360e-04
-3.135950810237e-05 1.726267639924e-03 1.074948870901e-04
1.968640491898e-03 1.726267639924e-03 1.074948870901e-04
1.634481632246e-03 1.010494638751e-03 1.029004988385e-04
1.852216196209e-03 1.036908580264e-03 9.794357035111e-05
1.475040144175e-03 1.194551866066e-03 1.380902880038e-04
1.046568573019e-03 4.046420247208e-04 8.174847157497e-05
5.600656904956e-04 -6.732630759815e-05 1.518640451486e-04
5.600656904956e-04 1.932673692402e-03 1.518640451486e-04
9.287119299943e-04 1.694423420023e-03 6.784414072221e-05
1.261088599325e-03 9.222260133914e-04 7.885977910373e-05
1.397928165720e-03 1.708972842538e-03 6.279764597847e-05
1.851510997606e-03 4.957714510138e-04 1.189854393330e-04
2.943765047496e-04 9.682143868020e-04 8.984736705066e-05
1.360334426074e-03 8.244228182977e-04 5.734219026175e-05
1.590994291045e-03 7.103133468736e-04 2.000000000000e-04
4.782410111658e-04 8.111214888038e-04 7.357557958926e-05
1.659737684307e-03 3.549661401689e-04 8.326433441271e-05
6.058508719161e-04 1.879586232553e-04 1.074743884514e-04
3.655743448718e-04 5.618230326512e-04 2.000000000000e-04
1.911357762524e-03 1.493344930919e-03 8.193927050461e-05
8.480544090805e-04 1.102385798327e-03 1.254317529537e-04
7.272647111842e-04 1.447059443288e-03 9.271848457552e-05
9.300742608275e-04 1.584140013334e-03 4.244772643036e-05
5.284954293361e-04 1.549998498199e-03 1.311260161183e-04
3.385286087237e-04 1.332852475799e-04 1.470084146144e-04
3.385286087237e-04 2.133285247580e-03 1.470084146144e-04
1.643622763945e-03 1.502957738694e-03 7.827099094311e-05
1.187729437673e-03 7.728351180132e-04 8.757118603817e-05
3.480634941233e-04 8.028464434692e-04 4.165877867941e-05
3.475649640213e-04 3.212864167892e-04 4.121054625818e-05
4.758027774911e-04 3.124566235958e-04 7.255973945863e-05
1.043625750501e-03 9.231758515999e-04 1.206793314258e-04
3.376846901471e-04 1.916497038482e-03 6.978247355096e-05
1.205866482480e-03 5.714791098881e-04 1.021233733323e-04
1.200006211523e-03 1.135691133498e-03 1.431730245664e-04
6.267332737315e-05 5.087835603370e-04 9.257798618172e-05
2.062673327373e-03 5.087835603370e-04 9.257798618172e-05
1.812586466979e-03 1.605729273268e-04 1.176135634164e-04
1.285275698895e-03 2.652392619285e-04 1.820182469042e-04
6.115648084999e-04 5.875314558986e-04 4.733055765132e-05
1.278170571424e-03 1.857534372058e-03 1.280227168341e-04
1.416948426274e-03 1.603102593104e-03 3.439213432045e-05
8.068384801427e-04 1.840533802641e-03 1.095073287799e-04
1.432953110569e-03 9.625718147131e-04 9.767713576085e-05
4.009386066055e-04 1.398064748464e-03 6.725576927371e-05
1.850878164040e-03 3.252907127562e-04 5.149649063737e-05
5.134620983456e-04 9.845421272820e-04 8.556314634514e-05
1.824107062520e-03 1.620028508849e-03 7.188379494960e-05
2.285002880073e-05 1.581587012466e-04 9.266408678475e-05
2.022850028801e-03 1.581587012466e-04 9.266408678475e-05
1.528753534119e-03 2.865353613716e-04 5.605141051901e-05
1.715295967475e-03 -1.064058550428e-04 1.159238898231e-04
1.715295967475e-03 1.893594144957e-03 1.159238898231e-04
1.878558232850e-03 1.935275916717e-03 5.257522823804e-05
7.437193159436e-04 6.720902178213e-05 7.579653270981e-05
7.437193159436e-04 2.067209021782e-03 7.579653270981e-05
1.031704668954e-03 5.582156161601e-04 7.254275834951e-05
