# 2D packing, generated 2026-09-16T20:07:40.719364+00:00
# generator = preprocess/generate_packing_gravity.py
# periodic axes = xy
# porosity_achieved = 0.325066  (target 0.325000)
# 308 distinct grains; 337 rows including 29 periodic edge images.
# Centres span [-R, L+R]: a grain need only be PARTLY inside.
# Do NOT drop the out-of-box rows -- they carry the conduction
# paths that cross the domain edge, and k_eff depends on them.
# header row is 'Lx Ly'; grain rows are 'x y r', all in metres
2.000000000000e-03 2.000000000000e-03
2.819699353449e-04 2.661151807331e-05 6.300918609988e-05
2.819699353449e-04 2.026611518073e-03 6.300918609988e-05
1.792207336668e-04 7.172567100762e-06 3.257103870430e-05
1.792207336668e-04 2.007172567101e-03 3.257103870430e-05
1.931955904785e-04 8.417192829554e-05 4.279291939043e-05
2.634853287855e-04 1.172439466138e-04 2.948902438762e-05
9.966797751419e-04 2.151078003281e-05 7.008285303458e-05
9.966797751419e-04 2.021510780033e-03 7.008285303458e-05
1.153196764997e-03 2.779056161378e-05 5.453076263857e-05
1.153196764997e-03 2.027790561614e-03 5.453076263857e-05
7.739144408252e-04 2.202257717149e-05 3.245846006546e-05
7.739144408252e-04 2.022022577171e-03 3.245846006546e-05
4.938757997152e-04 2.359368466652e-05 3.799903250338e-05
4.938757997152e-04 2.023593684667e-03 3.799903250338e-05
5.479740108151e-04 5.334425723623e-05 2.374004901372e-05
3.645118541944e-04 4.488169057567e-05 2.153055581001e-05
3.538211888863e-04 1.482876121023e-04 6.572690875044e-05
4.964252792571e-04 1.360326229787e-04 7.365003573955e-05
8.065292527533e-05 8.073818877969e-05 6.980211726383e-05
1.082409038351e-03 8.807788676449e-05 3.845060115343e-05
1.313059034792e-03 1.165322221136e-05 3.828271325325e-05
1.313059034792e-03 2.011653222211e-03 3.828271325325e-05
1.380683373513e-03 4.031420349796e-05 3.516491137241e-05
1.310784318780e-03 1.181575652504e-04 6.790244580654e-05
7.704450360559e-04 1.125727278459e-04 5.815815862297e-05
1.511375645857e-03 5.258714827434e-05 9.610261831108e-05
1.511375645857e-03 2.052587148274e-03 9.610261831108e-05
4.272170196405e-04 2.190542907576e-04 3.443502576383e-05
6.115417961860e-04 7.683853705580e-05 4.403049728310e-05
5.275172381770e-04 3.085676545444e-04 1.000000000000e-04
3.679201128707e-04 2.419543555374e-04 2.899499200773e-05
1.398094341535e-03 1.008102040486e-04 2.111424371952e-05
1.175958398484e-03 1.633891686834e-04 7.430840726945e-05
1.807906304957e-03 1.838826906958e-05 3.814739713001e-05
1.807906304957e-03 2.018388269070e-03 3.814739713001e-05
4.025823936445e-04 2.856635703019e-04 2.679003433247e-05
-7.738569047015e-06 3.029170800938e-05 3.055283299928e-05
-7.738569047015e-06 2.030291708009e-03 3.055283299928e-05
1.992261430953e-03 3.029170800938e-05 3.055283299928e-05
1.992261430953e-03 2.030291708009e-03 3.055283299928e-05
6.639305981513e-04 3.224136110980e-04 3.711424189594e-05
6.782858686329e-04 1.175184810927e-04 3.413364115644e-05
1.571775160452e-04 1.336537924668e-04 1.840966741575e-05
1.426917074268e-03 1.861907163182e-04 6.195813120793e-05
6.299548428744e-04 3.761181028381e-04 2.270501971333e-05
8.801250668234e-04 1.394709863361e-04 5.477202059897e-05
1.548304169549e-03 2.299965425492e-04 6.709142474799e-05
-2.096519031102e-05 9.613478520904e-05 3.297578258988e-05
1.979034809689e-03 9.613478520904e-05 3.297578258988e-05
1.869265969767e-03 8.138635717237e-05 4.847600208822e-05
8.104447956611e-04 1.821989837810e-04 2.214004859863e-05
1.301394878181e-03 2.885360462323e-04 1.000000000000e-04
1.461779674203e-03 2.667269008160e-04 2.577680187410e-05
1.013553258705e-03 1.355169171798e-04 4.516542777248e-05
1.428933994318e-03 3.108124502077e-04 2.789071370176e-05
-7.766859926755e-07 2.297414686331e-04 1.000000000000e-04
1.999223314007e-03 2.297414686331e-04 1.000000000000e-04
1.878138314089e-03 2.353174561738e-04 2.121331959816e-05
1.123626102543e-03 3.085559325067e-04 7.889267469677e-05
4.073706500662e-04 3.391260704971e-04 2.397154764980e-05
4.131777697230e-04 4.410872815535e-04 7.502847115859e-05
9.569253213305e-04 2.196661026042e-04 5.626384511113e-05
2.050710319793e-04 1.604229985205e-04 3.437735901349e-05
1.736823038100e-03 4.653334664842e-05 3.441978401974e-05
1.793016528959e-03 7.288990156249e-05 1.835157869871e-05
2.672644796491e-04 1.664585102629e-04 1.987042838370e-05
1.652907176423e-03 4.518516998636e-05 4.562253010007e-05
1.652907176423e-03 2.045185169986e-03 4.562253010007e-05
1.494532458820e-03 2.993183158601e-04 2.042866571094e-05
1.614696964352e-04 2.633266261543e-04 6.564825632473e-05
2.561016306508e-04 5.159101323335e-04 9.895823105011e-05
1.751085488639e-03 1.835645633979e-04 1.000000000000e-04
5.505611265974e-04 4.756696944659e-04 6.663924143434e-05
4.670766328142e-04 5.332823855413e-04 3.176583999093e-05
5.351769876428e-04 6.279868011265e-04 8.488142805117e-05
8.457747911730e-04 2.576925724153e-04 6.121159395859e-05
6.982257717147e-04 4.054783954387e-04 5.161150944615e-05
9.304115871909e-04 3.109074228803e-04 3.875196083948e-05
8.786635184935e-05 3.363794396016e-04 3.805403818601e-05
1.644364163891e-03 2.685134459639e-04 3.640292068886e-05
1.213013908273e-03 4.352140314876e-04 7.124729449926e-05
1.015736432522e-03 3.284885536708e-04 3.082296811467e-05
1.313943495505e-03 4.721336864714e-04 3.233633717862e-05
9.713338930693e-04 3.527509895189e-04 1.977608062910e-05
1.708966754167e-03 3.295391514344e-04 5.192948933317e-05
4.172942903098e-04 6.783339590261e-04 4.330268653261e-05
1.543627319478e-03 3.503108504912e-04 5.035652999495e-05
6.347682785363e-04 4.255544203805e-04 1.494598613000e-05
1.845890817542e-03 2.975827077198e-04 4.828414802908e-05
8.771603691011e-04 3.303549601140e-04 1.793939974388e-05
7.199799837774e-04 6.333713272484e-04 1.000000000000e-04
8.458502864013e-04 6.451905037174e-04 2.641796801390e-05
9.044408404052e-04 4.283248847563e-04 8.115016694412e-05
1.409374830410e-03 3.735233904795e-04 3.741372649333e-05
9.880979534400e-05 5.927971067287e-04 7.611816632476e-05
2.150308423774e-04 6.856691076244e-04 7.265192869832e-05
8.261592397825e-04 6.934186960952e-04 2.196710127032e-05
1.474757799985e-03 3.953931270027e-04 3.123802162560e-05
1.266436164515e-03 5.793590603796e-04 8.247886072274e-05
4.750553386115e-04 7.381861473114e-04 3.987396840671e-05
1.358904998474e-03 6.165718062664e-04 1.719698451920e-05
3.321072954421e-04 7.229967343218e-04 5.023114485778e-05
1.112485454331e-04 7.017643844751e-04 3.237104036019e-05
2.527458320495e-05 7.393054546209e-04 6.144182955807e-05
2.025274583205e-03 7.393054546209e-04 6.144182955807e-05
1.546970956858e-03 4.808773987237e-04 8.023394345475e-05
1.355164345458e-04 8.079809611895e-04 6.843938194917e-05
1.926158625163e-03 3.869375016022e-04 7.182913409508e-05
1.887941874961e-05 8.672006351204e-04 6.237026308638e-05
2.018879418750e-03 8.672006351204e-04 6.237026308638e-05
1.345551839900e-03 6.762549692337e-04 4.261354208617e-05
7.995486930351e-04 7.691051031125e-04 5.733671280392e-05
1.427030280401e-03 4.478412961954e-04 3.897258884436e-05
1.676195500536e-03 4.337525075032e-04 5.731509743319e-05
3.965313395929e-04 8.587131115495e-04 1.000000000000e-04
9.143656102532e-04 7.691349010716e-04 5.748021699456e-05
1.798899637401e-03 4.406985978454e-04 6.452269155906e-05
1.898213370232e-03 5.214844823798e-04 6.349909045037e-05
5.380856407251e-04 8.587219017795e-04 4.153077672507e-05
6.879793055669e-04 7.881885094042e-04 5.583763760965e-05
1.910569782584e-03 8.893923787450e-04 4.818945277514e-05
1.424165429127e-03 6.745982343142e-04 3.601750723816e-05
1.121380671217e-03 5.804768599084e-04 6.258094169589e-05
2.363063303184e-04 9.027093144190e-04 6.615571835228e-05
1.727015018411e-03 5.172769625169e-04 4.045482855333e-05
5.034111491183e-04 9.143296214089e-04 2.048442522580e-05
1.174001545017e-03 6.905462080660e-04 5.933150271689e-05
1.670626034389e-03 5.276373575766e-04 1.680626846368e-05
7.665784422939e-04 8.942711282774e-04 7.209889623953e-05
3.169857768857e-04 1.047968222332e-03 1.000000000000e-04
1.503358800262e-03 6.782101811946e-04 4.325819379189e-05
1.256874628576e-03 6.976231538764e-04 2.384319981037e-05
1.657952847929e-04 1.065823216380e-03 5.224114329489e-05
1.836132341996e-03 8.893923787450e-04 2.624798781357e-05
1.020645894689e-03 5.927943557824e-04 3.890411267321e-05
1.254114211252e-03 7.972016962584e-04 7.406052273008e-05
1.158517345532e-04 9.268222528453e-04 5.146456169254e-05
1.631947341866e-03 5.886526766297e-04 5.543575818559e-05
1.726512086832e-03 5.998230204571e-04 3.978644285824e-05
1.858018359127e-03 9.337113319991e-04 2.055515955868e-05
5.846345204921e-04 9.727444417530e-04 7.956323450076e-05
9.591528113734e-04 6.032560617500e-04 2.347253924730e-05
1.823249691933e-03 9.498332716486e-04 1.776946903056e-05
1.020702948380e-03 7.867232556943e-04 5.030188103725e-05
9.579670247445e-04 8.674040587568e-04 5.002750749177e-05
1.123505243715e-03 8.273390771547e-04 5.998038195374e-05
1.196348603522e-03 9.150081802672e-04 5.400218999715e-05
1.682798968589e-03 6.600266685693e-04 3.220061933972e-05
2.110670795814e-04 1.175285720714e-03 6.561556639684e-05
6.924929493967e-04 9.627111147819e-04 2.876090289981e-05
7.672470415568e-04 1.067549932025e-03 1.000000000000e-04
6.422630970947e-04 1.067914917637e-03 2.498448865579e-05
6.273136777785e-04 1.166572975275e-03 7.123225350246e-05
1.317597640232e-03 9.921624874589e-04 8.971320939128e-05
1.606151737635e-03 7.360040741014e-04 7.466772622858e-05
7.519828042606e-04 1.238043130701e-03 7.117522826432e-05
8.973711000355e-04 1.067840266228e-03 3.012445282778e-05
1.043303596925e-03 8.635973137485e-04 2.803645659847e-05
1.454374489326e-03 7.251139803065e-04 2.284188393989e-05
1.081266754413e-03 9.053325852601e-04 2.838192883202e-05
1.209549913939e-03 1.029581083128e-03 2.463040634204e-05
1.780079782004e-03 9.573413489783e-04 2.604847647620e-05
8.907409216288e-05 1.235553305233e-03 7.045232372788e-05
1.439512734823e-03 1.007166094588e-03 3.312163304300e-05
9.961758051619e-04 1.087787582442e-03 7.067376067234e-05
1.891091365965e-04 1.280455288075e-03 3.919802136050e-05
1.227880134489e-03 1.112110607432e-03 5.991023103073e-05
1.107209730468e-03 1.217406141958e-03 1.000000000000e-04
1.861165381497e-03 9.978906742211e-04 4.344420147808e-05
1.406345102672e-03 1.044743380888e-03 1.344134670427e-05
1.515804081943e-03 1.007166094588e-03 4.316971407713e-05
1.361456033980e-03 1.158505885675e-03 8.149359765830e-05
5.261764619662e-04 1.184937765105e-03 3.155880606885e-05
6.370331906842e-04 1.294366078186e-03 5.683137618784e-05
1.787051271098e-03 1.016713258871e-03 3.302272636076e-05
1.378856308024e-04 1.323061747799e-03 2.742898484611e-05
1.252283890394e-03 1.214536830086e-03 4.121754147193e-05
4.740680893453e-04 9.619302704944e-04 2.907465862179e-05
5.572773962862e-04 1.333811056629e-03 3.214558251246e-05
1.725988034321e-03 7.746633789771e-04 5.125002544251e-05
9.067898033562e-04 1.123011932087e-03 2.525667101840e-05
1.469949210967e-03 1.060581685366e-03 2.722840045969e-05
1.830946718762e-03 1.099891063568e-03 6.102703450942e-05
7.440262338003e-04 1.409033235332e-03 1.000000000000e-04
4.377799045814e-04 1.340002652724e-03 8.534823828336e-05
5.936077036944e-05 1.366404676590e-03 6.226361898594e-05
2.059360770369e-03 1.366404676590e-03 6.226361898594e-05
1.222161383438e-03 1.281169504729e-03 3.145212345567e-05
1.712664125543e-03 1.099891063675e-03 5.725555870933e-05
2.870847767161e-04 1.409957628909e-03 8.079244512361e-05
9.620869340146e-04 1.269561381697e-03 5.340912689774e-05
1.590467361653e-03 1.135575947949e-03 7.004510928210e-05
1.315909703905e-03 1.275336009102e-03 4.389592513507e-05
-1.870283052408e-05 1.409352851244e-03 2.683448138966e-05
1.981297169476e-03 1.409352851244e-03 2.683448138966e-05
1.407496395552e-03 1.281220243894e-03 4.787960044436e-05
1.038169402023e-03 1.397585684007e-03 9.295409538674e-05
3.942762325135e-04 1.453151809631e-03 3.461533115007e-05
1.484846985002e-03 1.176388274245e-03 4.318611406873e-05
6.118194758472e-04 1.377579801322e-03 2.911765989699e-05
-5.683248909300e-05 1.143151875409e-03 5.924351064088e-05
1.943167510907e-03 1.143151875409e-03 5.924351064088e-05
1.549125954392e-03 1.246405837410e-03 4.824426620137e-05
6.421124782686e-04 1.478500795300e-03 2.333775433305e-05
8.959011257229e-04 1.434150343142e-03 5.393803152064e-05
5.465194296926e-04 1.408178433150e-03 4.299596160532e-05
1.497270104952e-03 1.345507154589e-03 6.253836867528e-05
8.394532785385e-04 1.494472903531e-03 2.732101618100e-05
5.632738217457e-04 1.512258840184e-03 6.242449596177e-05
9.552725749186e-04 1.519510314187e-03 5.003938645290e-05
1.413723512894e-03 1.351965333392e-03 2.125717767553e-05
1.167459594153e-03 1.398041498054e-03 3.633613034802e-05
1.552208315679e-04 1.429964410111e-03 5.258061833388e-05
1.632309526192e-03 1.247109796104e-03 3.494228424597e-05
8.651468459243e-04 1.567545702936e-03 5.013731860246e-05
1.845815307277e-03 1.236761921283e-03 7.581311540995e-05
1.262026226795e-03 1.322151694435e-03 2.572084424344e-05
1.233134943137e-03 1.431717166787e-03 3.746971040154e-05
1.356254767896e-03 1.336402628411e-03 2.741977243239e-05
1.720092817909e-03 1.303488869749e-03 6.646722358457e-05
1.155111382811e-03 1.501233589547e-03 6.330975029727e-05
1.602140715246e-03 1.350057309618e-03 4.242518161279e-05
1.253344754881e-03 1.558156775205e-03 5.022487520627e-05
1.377911061627e-03 1.383725798985e-03 2.462326294642e-05
4.355834641320e-04 1.543919179902e-03 6.510352613703e-05
7.446743280580e-04 1.588743281344e-03 7.208754303283e-05
3.374096533418e-04 1.516320601664e-03 3.687520351488e-05
2.211096003327e-05 1.479076951358e-03 5.395670399808e-05
2.022110960033e-03 1.479076951358e-03 5.395670399808e-05
1.040589572723e-03 1.529081864487e-03 3.581285607113e-05
6.464927711193e-04 1.560868341153e-03 2.973814773586e-05
1.083339729927e-04 1.505711618596e-03 3.628637586245e-05
-3.683481544621e-05 1.291929444491e-03 5.385742601648e-05
1.963165184554e-03 1.291929444491e-03 5.385742601648e-05
1.671007260786e-03 1.403145147001e-03 4.452836674847e-05
1.333324843336e-03 1.460033319988e-03 6.375529001279e-05
2.111861393440e-04 1.506419663421e-03 4.107551179632e-05
1.564702939834e-03 1.451414670665e-03 6.301477986277e-05
5.389786871289e-04 1.672855824723e-03 1.000000000000e-04
3.615308417756e-04 1.577266851717e-03 1.611136383723e-05
8.370304356529e-04 1.647178748649e-03 3.431358453626e-05
1.822856670123e-03 1.368718217703e-03 5.525080546182e-05
1.677578784057e-03 1.521533033275e-03 6.986692826114e-05
1.773406501332e-03 1.521562149646e-03 2.593160823734e-05
1.903783985089e-03 1.451819135976e-03 6.074486510960e-05
1.866008043711e-03 1.596590147821e-03 8.887357250237e-05
1.755882703412e-03 1.566053018888e-03 2.020825646407e-05
1.968448194780e-03 1.634896668863e-03 2.049453196247e-05
1.746398714590e-03 1.618048833422e-03 3.264551825987e-05
7.765420592433e-04 1.718376832827e-03 5.892403782328e-05
3.398340550499e-04 1.691333047663e-03 1.000000000000e-04
1.005654934663e-03 1.617149364502e-03 5.881102580190e-05
1.962653020127e-04 1.722693130218e-03 4.052769313366e-05
4.476476143070e-04 1.779722479110e-03 2.929491397286e-05
4.038390354299e-04 1.839600528646e-03 4.489789160507e-05
1.463991106606e-03 1.451428222886e-03 3.769706228734e-05
6.707224174335e-04 1.770546864002e-03 5.905693188364e-05
5.907052169443e-05 1.574728278556e-03 4.850859442338e-05
9.019413119157e-04 1.724475982560e-03 6.662345620476e-05
2.682774744049e-04 1.870902000488e-03 9.330121202619e-05
1.581066692182e-03 1.547579962712e-03 3.009820007147e-05
1.098355906780e-03 1.643756365301e-03 3.722789050150e-05
1.003582129191e-03 1.735417404660e-03 3.527090336943e-05
4.059084508557e-04 1.924065520362e-03 3.608009222158e-05
7.593811614845e-04 1.818595477739e-03 4.145936892481e-05
1.381810831733e-03 1.602173330165e-03 8.557307950432e-05
1.496816255727e-03 1.624309498188e-03 3.154338912538e-05
1.614342148486e-03 1.581599160439e-03 1.735011000444e-05
1.388428495627e-04 1.575770116319e-03 3.127053642826e-05
1.580948185786e-03 1.647875991775e-03 5.500078787921e-05
1.526906132475e-03 1.677743250761e-03 6.745523486706e-06
1.778789341725e-03 1.672042883435e-03 2.576367758559e-05
1.174038130446e-03 1.606538227642e-03 4.267460635012e-05
-4.728938284868e-05 1.718213350537e-03 6.049022568061e-05
1.952710617151e-03 1.718213350537e-03 6.049022568061e-05
1.068599488725e-03 1.709236072488e-03 3.469593356763e-05
1.471141401581e-03 1.725287852007e-03 6.653624744501e-05
1.694117555616e-03 1.697324124902e-03 6.231729299011e-05
1.820683971527e-03 1.702042743343e-03 2.526486875804e-05
1.150868189323e-03 1.737234793519e-03 5.128938311139e-05
1.240177117202e-04 1.922072277570e-03 5.976504153607e-05
1.325195503484e-03 1.788291759078e-03 9.242878714394e-05
5.346964748942e-04 1.840608221280e-03 6.780723245644e-05
1.067229171353e-03 1.793352062108e-03 4.943120285394e-05
9.726489726920e-04 1.813861208025e-03 4.734713752505e-05
3.477431746691e-05 1.952633299915e-03 3.456607758245e-05
1.593301377734e-03 1.776723541304e-03 6.601136008104e-05
1.783801945544e-03 1.760451871246e-03 4.325510052941e-05
1.495161761380e-03 1.847276414002e-03 5.354886101804e-05
3.743578168497e-04 1.974401028973e-03 2.332618634682e-05
1.695142502361e-03 1.793114425871e-03 3.347850025068e-05
1.742783804969e-03 1.801726457934e-03 1.493494101861e-05
1.189973769089e-03 1.829519217174e-03 4.893871018180e-05
1.661887098973e-03 1.865735474661e-03 4.635968627632e-05
1.421167502987e-03 1.852299626486e-03 2.061570892878e-05
1.255581814873e-03 1.882175171009e-03 2.287967354324e-05
1.395156852380e-03 1.894896298913e-03 2.929452342178e-05
1.572717138333e-03 1.876954792627e-03 2.949114691938e-05
1.619667942721e-03 1.934964216948e-03 3.472730019344e-05
1.860220563832e-03 1.811415562760e-03 4.858079154985e-05
1.790139347441e-03 1.837445846041e-03 2.617866763591e-05
1.735022990704e-03 1.845502370529e-03 2.952361511883e-05
1.326375690461e-03 1.927567008696e-03 4.685156044042e-05
1.197325581813e-03 1.930367377331e-03 5.217716247220e-05
8.647333198111e-04 -8.581246371085e-05 1.000000000000e-04
8.647333198111e-04 1.914187536289e-03 1.000000000000e-04
1.117941143616e-03 1.849981855882e-03 2.594440870996e-05
1.934013377134e-03 1.811428341082e-03 2.521212446834e-05
6.669517797243e-04 -5.610695464285e-05 1.000000000000e-04
6.669517797243e-04 1.943893045357e-03 1.000000000000e-04
4.617108470386e-04 1.894809700779e-03 2.310325791127e-05
1.240039134796e-03 6.288125064864e-06 3.493441413145e-05
1.240039134796e-03 2.006288125065e-03 3.493441413145e-05
7.077044273378e-07 1.851444955548e-03 5.256621392818e-05
2.000707704427e-03 1.851444955548e-03 5.256621392818e-05
1.709330652978e-03 -4.151451903097e-05 5.782056353505e-05
1.709330652978e-03 1.958485480969e-03 5.782056353505e-05
1.822514205080e-03 1.919386710322e-03 6.192604616929e-05
1.565203141861e-03 1.948220345794e-03 2.132757724545e-05
1.048674843581e-03 1.901715867673e-03 6.050952450288e-05
1.120708027961e-03 1.952414127430e-03 2.754931727083e-05
1.646484375000e-03 9.199218750000e-04 5.030894249494e-05
1.466796875000e-03 8.574218750000e-04 2.613326690929e-05
1.861328125000e-03 6.894531250000e-04 5.708470991843e-05
9.765625000000e-06 1.013671875000e-03 4.006941151808e-05
2.009765625000e-03 1.013671875000e-03 4.006941151808e-05
2.949218750000e-04 3.339843750000e-04 3.912848141697e-05
1.060546875000e-03 4.511718750000e-04 1.593891517549e-05
8.398437500000e-05 1.751953125000e-03 3.905215923111e-05
6.054687500000e-05 4.472656250000e-04 2.855834061281e-05
4.863281250000e-04 1.087890625000e-03 7.202769107260e-05
1.115234375000e-03 1.009765625000e-03 6.472628426688e-05
3.417968750000e-04 1.216796875000e-03 5.837453022753e-05
6.972656250000e-04 2.207031250000e-04 2.644727938562e-05
1.396484375000e-03 7.949218750000e-04 6.526641441152e-05
1.419921875000e-03 5.566406250000e-04 4.728279038810e-05
9.121093750000e-04 9.746093750000e-04 4.217394898114e-05
