# 2D packing, generated 2026-09-28T19:13:03.239591+00:00
# generator = preprocess/generate_packing_gravity.py
# periodic axes = xy
# porosity_achieved = 0.474989  (target 0.475000)
# 246 distinct grains; 268 rows including 22 periodic edge images.
# Centres span [-R, L+R]: a grain need only be PARTLY inside.
# Do NOT drop the out-of-box rows -- they carry the conduction
# paths that cross the domain edge, and k_eff depends on them.
# header row is 'Lx Ly'; grain rows are 'x y r', all in metres
2.000000000000e-03 2.000000000000e-03
1.049530921534e-03 3.685683730972e-05 4.102996051542e-05
1.049530921534e-03 2.036856837310e-03 4.102996051542e-05
2.306642503845e-04 7.258977198368e-05 3.010385662064e-05
6.480265821296e-04 3.560919984068e-05 4.377812033101e-05
6.480265821296e-04 2.035609199841e-03 4.377812033101e-05
2.672708154703e-05 9.473593924057e-05 9.146353872259e-05
2.026727081547e-03 9.473593924057e-05 9.146353872259e-05
1.388061124899e-04 1.609095638087e-04 3.869274336009e-05
1.406929447985e-03 4.865899679851e-05 3.248989264485e-05
5.515625957733e-04 6.440624616511e-05 5.624735726038e-05
1.215684143904e-03 2.973938320540e-05 4.178194662918e-05
1.215684143904e-03 2.029739383205e-03 4.178194662918e-05
1.275950275469e-03 6.797551677535e-05 2.959044767638e-05
8.332695407063e-05 2.021128739001e-04 2.991747983701e-05
1.860603038769e-03 5.104742219119e-05 5.079108418220e-05
1.877273619084e-03 1.895001669520e-04 8.550141909668e-05
2.927068313824e-04 1.040894963017e-04 3.947713567602e-05
2.499171658282e-05 2.652066316178e-04 5.601168980694e-05
2.024991716583e-03 2.652066316178e-04 5.601168980694e-05
1.780362392845e-03 2.513165008491e-04 2.944659048819e-05
1.497805644071e-03 6.483729961705e-05 4.229908200486e-05
1.122351157883e-03 7.682905906710e-05 4.203968452142e-05
1.801397192937e-04 2.277834385016e-04 3.992393532734e-05
1.821492851055e-03 3.263024158694e-04 5.607885627477e-05
1.723427199271e-03 3.263024158694e-04 4.198679550978e-05
1.177020994415e-04 2.459883794055e-04 2.511356344165e-05
9.723261845506e-04 9.114519295544e-05 5.335117380789e-05
1.579933900217e-03 7.597714007956e-05 4.055806317599e-05
1.048127209184e-04 3.031763946062e-04 3.238002719492e-05
1.758420502095e-03 4.154890779036e-04 5.315658617938e-05
1.435977327857e-03 1.054546851282e-04 3.130316632693e-05
1.064100819272e-03 1.707847726052e-04 6.816037331388e-05
1.844078497576e-03 5.290905960403e-04 8.911989505619e-05
1.343310612241e-03 8.153295933871e-05 3.912090305945e-05
8.652199409073e-04 1.467053246812e-04 6.730818345997e-05
7.949010102380e-04 1.900650738111e-04 1.530429312853e-05
3.476015347082e-04 1.064498017461e-04 1.546828719998e-05
4.706735105100e-04 1.918406832264e-04 9.469163658763e-05
-2.952488151677e-05 5.924168822368e-04 5.225310201241e-05
1.970475118483e-03 5.924168822368e-04 5.225310201241e-05
9.885163328244e-04 2.179384320377e-04 2.092659520164e-05
8.164307608379e-04 2.355518380701e-04 3.405299283777e-05
1.509663483457e-03 1.498023889943e-04 4.348947453660e-05
2.538294190972e-04 1.726444146233e-04 3.933422145017e-05
9.163982440683e-04 2.848391511009e-04 7.733496482919e-05
1.039646596256e-03 2.817017104979e-04 4.542034462946e-05
6.241653404009e-04 2.879026973164e-04 8.638197384274e-05
5.630981680712e-04 3.859480720501e-04 2.912601308036e-05
1.581049225221e-03 1.467430656438e-04 2.796181444319e-05
1.768204772156e-03 6.591225207968e-04 6.142951100358e-05
1.218409035856e-03 1.684173994213e-04 8.616609622941e-05
1.601298659718e-03 1.973680275735e-04 2.656273786430e-05
1.347753877406e-03 1.637951998297e-04 4.326137871925e-05
5.783715058176e-05 3.415952374434e-04 2.713902657336e-05
1.682588127336e-03 6.929877870393e-04 3.064147317671e-05
1.014719073482e-03 3.873628772224e-04 6.314145954576e-05
7.977182839805e-04 3.746355501740e-04 7.148817252836e-05
3.572904825022e-04 2.491500835444e-04 3.235197169327e-05
5.931306775637e-05 6.268716224587e-04 4.303231321372e-05
2.518050053545e-04 2.461773795188e-04 3.406424137903e-05
5.155026516041e-04 4.209105572358e-04 2.993081174225e-05
1.900554799130e-03 6.341981298534e-04 2.919948364837e-05
1.431815428588e-03 1.942060087820e-04 4.613199915662e-05
8.745238953210e-04 4.702805993729e-04 5.117835660513e-05
1.317037067121e-03 2.753204969570e-04 5.928412142666e-05
1.529054982618e-03 2.950453472919e-04 9.390567975830e-05
-9.586493853629e-07 6.748878242487e-04 3.402763436962e-05
1.999041350615e-03 6.748878242487e-04 3.402763436962e-05
7.599594225173e-04 5.135888801133e-04 7.129868454741e-05
1.722923829299e-03 7.538432480253e-04 4.236781379884e-05
6.605940868233e-04 6.244306577754e-04 7.756155061589e-05
9.820462724599e-04 5.112345818902e-04 6.387941266590e-05
1.967841289536e-04 3.301446685896e-04 6.346373993478e-05
1.150422176354e-03 4.109616951417e-04 7.459390210181e-05
1.779041414485e-03 7.961928195539e-04 2.793630824007e-05
7.754787487131e-04 6.873887980682e-04 5.344307894599e-05
1.201453740390e-04 3.744864036991e-04 2.507827397596e-05
1.053705261971e-03 5.606198758513e-04 2.314884732729e-05
2.897746503585e-04 3.665024549346e-04 3.638176922343e-05
1.730880375941e-03 8.258639595026e-04 2.863101606883e-05
1.631613968403e-03 4.119634161999e-04 6.161981783704e-05
-9.314658380558e-05 8.018311867831e-04 1.000000000000e-04
1.906853416194e-03 8.018311867831e-04 1.000000000000e-04
1.663840278533e-03 8.844144329389e-04 6.037759362735e-05
1.315096603002e-03 4.261226953197e-04 9.077696207396e-05
1.136464201417e-03 5.898262538528e-04 6.461250278828e-05
1.464433806177e-03 4.308622958492e-04 5.650090241170e-05
1.799665413916e-03 9.706823998900e-04 1.000000000000e-04
1.570797334298e-03 9.560723574142e-04 5.706110362396e-05
5.641266809225e-04 6.244306577754e-04 1.890585528490e-05
2.379363272849e-04 4.480577739783e-04 6.025405127498e-05
1.716034437895e-03 1.084616789220e-03 4.133359551856e-05
1.213041121807e-03 5.102172963362e-04 4.146230275368e-05
1.014138474763e-03 6.050606830197e-04 3.528331572449e-05
1.067694436352e-03 6.218814988504e-04 1.126120358607e-05
1.487387908434e-04 5.133771406574e-04 5.030281269369e-05
1.627099390111e-03 1.184896873208e-03 9.270198919322e-05
1.446616137700e-03 9.676532146627e-04 6.765892621528e-05
1.529952244219e-03 1.235309823625e-03 1.674678204088e-05
1.130500990865e-04 5.818006316875e-04 2.686879376922e-05
8.679776136128e-04 7.356531231443e-04 5.089044913961e-05
9.588029528254e-04 7.356531231443e-04 3.993489007299e-05
1.342763110601e-03 1.044846040516e-03 6.174039217832e-05
1.432155757161e-03 1.063522806310e-03 2.929508972995e-05
3.998896859615e-04 2.871265268112e-04 2.400858163204e-05
1.547736324864e-03 1.285517470234e-03 3.545026662544e-05
1.769618549188e-03 1.221906938979e-03 5.454425243079e-05
1.093571109267e-04 6.839170459337e-04 3.285303844439e-05
1.070982377357e-03 6.814249697568e-04 4.798498402858e-05
4.812837522871e-05 8.864079560469e-04 6.465674583583e-05
2.048128375229e-03 8.864079560469e-04 6.465674583583e-05
1.149523006860e-03 7.594783459338e-04 6.274423531027e-05
2.065688036272e-04 9.312239643270e-04 1.000000000000e-04
9.233100471190e-04 8.008209493326e-04 3.427152424272e-05
7.374037753530e-04 7.454055559992e-04 1.595178972019e-05
4.509220321153e-04 3.259402744641e-04 4.010699651261e-05
1.208554522314e-03 8.297516629178e-04 2.903298897027e-05
6.942139412737e-04 7.267395402447e-04 3.012968414986e-05
5.760611464513e-04 7.009462342363e-04 3.645797161203e-05
1.391325136781e-03 1.129498683636e-03 3.585233487633e-05
7.121514261165e-04 7.915216813069e-04 3.662556429615e-05
-2.450057489526e-05 9.502878591355e-04 3.206763792917e-05
1.975499425105e-03 9.502878591355e-04 3.206763792917e-05
1.036621992415e-03 7.865886133117e-04 5.307170690423e-05
8.058992231407e-05 9.785172490228e-04 3.300529331803e-05
1.200203058407e-04 1.006643537682e-03 1.479875658819e-05
8.671892373664e-04 8.389373976768e-04 3.356953207025e-05
1.170530186120e-03 8.694652854488e-04 2.594902588458e-05
1.709934235227e-03 1.291694698122e-03 3.728465728289e-05
6.818591436926e-04 8.467166033751e-04 2.633554907197e-05
3.478895807757e-04 9.403814832036e-04 4.161716776516e-05
4.816916136711e-04 7.245212895730e-04 6.081171509080e-05
1.668538260006e-03 1.331321263493e-03 2.002059070993e-05
1.446108431995e-03 1.156818660909e-03 2.536523280355e-05
4.301282470495e-04 9.492752481798e-04 4.108028664752e-05
1.237431624160e-03 9.024987781690e-04 4.866339970979e-05
1.873178082215e-03 1.249773051169e-03 5.269891560065e-05
3.774786272289e-04 1.075535636535e-03 9.571765144334e-05
6.131275328352e-04 8.696108414939e-04 4.610877762169e-05
5.146056546062e-04 1.122746170373e-03 4.929293566429e-05
2.363699754957e-04 1.073425492416e-03 4.529068943231e-05
1.490677170856e-03 1.361582731623e-03 5.963743524113e-05
2.782496962720e-04 1.158519626149e-03 3.360006663076e-05
1.698375798397e-03 1.377163358895e-03 3.467654274461e-05
6.694899068791e-04 9.506825760965e-04 5.262998558375e-05
1.802724571807e-03 1.313220902915e-03 4.211314597338e-05
8.581919976784e-05 1.063258382694e-03 5.134469609081e-05
8.188606236032e-04 9.109216453354e-04 5.313333304534e-05
3.408681987681e-04 1.216081981916e-03 4.951875488539e-05
9.413056596144e-04 8.923640242148e-04 5.779593443694e-05
1.000113832101e-03 9.522562867855e-04 2.614144857571e-05
8.956989885158e-04 1.023303886734e-03 8.085909087898e-05
1.267599915290e-04 1.125421595397e-03 2.308925747577e-05
1.604488421166e-03 1.295644399273e-03 2.033017634452e-05
2.442777567649e-05 1.117768635954e-03 3.075447968131e-05
2.024427775676e-03 1.117768635954e-03 3.075447968131e-05
1.365387155440e-03 1.166481430970e-03 9.319586451406e-06
7.589298512133e-04 9.923471922189e-04 4.603836739296e-05
2.002927617419e-04 1.267016937454e-03 1.000000000000e-04
1.174162636818e-03 9.739427514722e-04 4.676828308245e-05
1.250268196487e-03 1.044846040516e-03 3.075452193590e-05
1.109858006560e-03 9.913561959901e-04 1.985238580247e-05
-2.589780558001e-05 1.262665051720e-03 4.904527392646e-05
1.974102194420e-03 1.262665051720e-03 4.904527392646e-05
1.620638532112e-03 1.394492907255e-03 4.470537579596e-05
4.760648168076e-05 1.396194264677e-03 1.000000000000e-04
2.047606481681e-03 1.396194264677e-03 1.000000000000e-04
4.495057439023e-04 1.209918493398e-03 5.668870349780e-05
1.406988767461e-03 1.401075032415e-03 3.290115500441e-05
3.053220861322e-04 1.313980708152e-03 1.505110900848e-05
1.875212254164e-04 1.422567789858e-03 4.237877632377e-05
2.794011456834e-04 1.445287978948e-03 5.226864935193e-05
1.405714231793e-04 1.520678394288e-03 5.520377295774e-05
1.129163179019e-03 1.048989550177e-03 4.073584938036e-05
4.903309709066e-04 1.278619508726e-03 2.322705631829e-05
5.473554606380e-04 1.341030621025e-03 6.131251647160e-05
6.784782988979e-04 1.085086255391e-03 7.673372270862e-05
6.395323435449e-04 1.425090479458e-03 6.343778429881e-05
1.561648352046e-03 1.440048783540e-03 2.974945353910e-05
1.296884006290e-03 1.179180763796e-03 6.035074078824e-05
9.881082182309e-04 1.058249169729e-03 1.793685306652e-05
8.084342714884e-04 1.136219604763e-03 6.184721667499e-05
1.066887309356e-03 1.120129180396e-03 5.381112799021e-05
1.738685043455e-03 1.430265073458e-03 3.199149552419e-05
1.253740399668e-03 1.253200626279e-03 2.532487321163e-05
5.593211034804e-04 1.425090479524e-03 1.677345576566e-05
4.439766140635e-04 1.291397683733e-03 2.485628960157e-05
1.669834295265e-03 1.474087109855e-03 4.886545471792e-05
3.885994315480e-04 1.310859870000e-03 3.384131714395e-05
1.736514289435e-03 1.541160880376e-03 4.571354695732e-05
5.214263595017e-04 1.429355952363e-03 2.136059568115e-05
9.293980218883e-04 1.162804048239e-03 6.200334467114e-05
1.883267637473e-03 1.347702068726e-03 4.550041589034e-05
7.820503537653e-04 1.440850952210e-03 7.994902031905e-05
1.918917177486e-03 1.485292616786e-03 5.652337292667e-05
8.397508353777e-04 1.546845389880e-03 4.073306781079e-05
1.657066116927e-03 1.576881496959e-03 3.684610715256e-05
9.557558454702e-04 1.605954090178e-03 8.945591903806e-05
7.916928747034e-04 1.682223067034e-03 9.146841656155e-05
6.692307570057e-04 1.829905134733e-03 1.000000000000e-04
3.434934093001e-04 1.503636029139e-03 3.440497393499e-05
1.195188279187e-03 1.062409816096e-03 2.663934924320e-05
1.544979696783e-03 1.638920338095e-03 9.126395352497e-05
1.716858157236e-03 1.623590161902e-03 3.902742437473e-05
8.672243020633e-04 1.858163846067e-03 1.000000000000e-04
7.539188342189e-04 -4.174503932827e-05 5.118239760845e-05
7.539188342189e-04 1.958254960672e-03 5.118239760845e-05
1.834301130743e-03 1.554878861530e-03 5.303113613573e-05
1.414455404420e-03 1.646431510887e-03 3.947629150927e-05
5.254757225787e-04 1.899628017358e-03 5.977105818679e-05
1.489999435142e-03 1.749720291382e-03 2.697578933265e-05
7.869574234533e-05 1.624194750760e-03 6.539571267856e-05
6.741381453086e-04 1.961054967914e-03 2.864741113212e-05
2.540918607133e-04 1.557071561172e-03 6.230108360307e-05
1.750892338072e-04 1.624194749169e-03 3.099777780051e-05
1.693586066206e-03 1.712945288465e-03 5.330918311475e-05
-5.452386858772e-05 1.722221226106e-03 1.000000000000e-04
1.945476131412e-03 1.722221226106e-03 1.000000000000e-04
9.945881745188e-04 1.905842373418e-03 3.599558523383e-05
1.867573442376e-03 1.850121171271e-03 4.975655313137e-05
7.381430430697e-05 1.814177627959e-03 5.788181169358e-05
-1.460570671293e-05 1.856968146682e-03 4.004680882258e-05
1.985394293287e-03 1.856968146682e-03 4.004680882258e-05
1.918658825918e-03 1.902390945465e-03 2.333137819757e-05
1.704376013908e-03 1.788073410588e-03 1.991370068436e-05
3.522493115680e-04 1.575593763167e-03 3.758864118723e-05
3.124737750428e-04 1.682368119267e-03 7.592943180966e-05
1.803159039958e-03 1.851875821584e-03 1.468174321972e-05
8.341139762446e-04 -1.171450943566e-05 3.345365940034e-05
8.341139762446e-04 1.988285490564e-03 3.345365940034e-05
4.408119611565e-05 1.899384589737e-03 3.236387550698e-05
1.594461962251e-03 1.804774945795e-03 8.181479917653e-05
2.097729031394e-04 1.771789397047e-03 6.024558061757e-05
1.437361584677e-04 1.870806160951e-03 3.208271410713e-05
9.508058196409e-04 1.946587185615e-03 1.971504146442e-05
3.930184648647e-04 -3.120939305205e-05 8.965581127914e-05
3.930184648647e-04 1.968790606948e-03 8.965581127914e-05
1.460167879740e-03 -7.266327371993e-05 1.000000000000e-04
1.460167879740e-03 1.927336726280e-03 1.000000000000e-04
2.054257597071e-04 1.890461523924e-03 3.266248026834e-05
1.734494217727e-03 1.855049003958e-03 5.352223267600e-05
1.061942225356e-04 1.900595143106e-03 1.584202283917e-05
1.155349258484e-03 1.180943067089e-03 5.353804647469e-05
1.306625008390e-03 -2.056025003595e-05 6.214268576860e-05
1.306625008390e-03 1.979439749964e-03 6.214268576860e-05
9.128858212829e-05 -3.845491311054e-05 4.569036653230e-05
9.128858212829e-05 1.961545086889e-03 4.569036653230e-05
1.956794626637e-03 1.934918083401e-03 2.679200954470e-05
1.970599432482e-04 -1.408058251853e-05 6.285312164162e-05
1.970599432482e-04 1.985919417481e-03 6.285312164162e-05
1.792520286327e-03 1.942771290013e-03 5.165487561261e-05
1.098731477368e-03 1.250839449495e-03 3.641236993352e-05
1.047037092913e-03 1.957937575555e-03 3.792869898358e-05
1.195057501668e-03 1.257608377452e-03 3.280032500475e-05
1.447265625000e-03 6.933593750000e-04 7.130562935076e-05
1.201171875000e-03 1.744140625000e-03 1.839612685205e-05
1.220703125000e-03 1.521484375000e-03 4.909865843074e-05
5.371093750000e-04 1.615234375000e-03 1.000000000000e-04
2.871093750000e-04 6.542968750000e-04 4.178021964699e-05
9.902343750000e-04 1.384765625000e-03 1.988573033181e-05
4.160156250000e-04 5.449218750000e-04 2.423234811100e-05
1.072265625000e-03 1.775390625000e-03 6.164844113753e-05
1.591796875000e-03 5.800781250000e-04 6.462506283956e-05
1.123046875000e-03 1.396484375000e-03 3.905445217458e-05
1.326171875000e-03 1.767578125000e-03 3.571879712116e-05
7.011718750000e-04 1.267578125000e-03 6.115444781386e-05
1.275390625000e-03 1.376953125000e-03 5.563329219587e-05
1.716796875000e-03 9.960937500000e-05 2.740247833962e-05
