# periodic 2D packing, generated 2026-08-03T18:15:03.011527+00:00
# porosity_achieved = 0.308353  (target 0.325000)
# 107 distinct grains; 150 rows including 43 periodic edge images.
# Centres span [-R, L+R]: a grain need only be PARTLY inside.
# Do NOT drop the out-of-box rows -- they carry the conduction
# paths that cross the domain edge, and k_eff depends on them.
# header row is 'Lx Ly'; grain rows are 'x y r', all in metres
2.000000000000e-03 2.000000000000e-03
1.002408847342e-03 1.721273118197e-03 1.048952551256e-04
1.654421437125e-03 1.798507251967e-03 1.041038255849e-04
3.260433659030e-04 2.303661159666e-04 8.134628876152e-05
1.475411731879e-04 5.034266512230e-04 6.934614306049e-05
9.864501247110e-04 4.454337472730e-04 7.624423533805e-05
1.466909838338e-03 1.758001832275e-03 5.969307128644e-05
1.166696617605e-03 1.313193313411e-03 8.860969502157e-05
1.649772361206e-03 2.778503712490e-04 1.685448848391e-04
1.831429784304e-03 6.197517256770e-04 2.275054148165e-05
8.243639330750e-04 1.858461721342e-03 9.819857310319e-05
1.161010307427e-03 -7.641672245000e-06 2.000000000000e-04
1.161010307427e-03 1.992358327755e-03 2.000000000000e-04
7.132809068560e-05 -9.255349538500e-05 1.229406688812e-04
7.132809068560e-05 1.907446504615e-03 1.229406688812e-04
2.071328090686e-03 -9.255349538500e-05 1.229406688812e-04
2.071328090686e-03 1.907446504615e-03 1.229406688812e-04
8.524194788060e-04 1.090798702556e-03 8.512734792074e-05
1.000412260401e-03 1.409610742053e-03 1.036059062434e-04
1.408829704269e-04 1.728895983824e-03 6.867946022713e-05
-2.577900247160e-05 6.791702125910e-04 1.369684346316e-04
1.974220997528e-03 6.791702125910e-04 1.369684346316e-04
3.227490350320e-04 1.832516449568e-03 1.394078469390e-04
9.444405816570e-04 9.215323958410e-04 8.736881914742e-05
-4.256004499740e-05 2.253913135477e-04 9.066952704075e-05
1.957439955003e-03 2.253913135477e-04 9.066952704075e-05
1.079914361862e-03 7.904418791430e-04 1.011460847572e-04
3.968756664930e-04 1.360491914134e-03 5.400497238440e-05
1.239479946560e-03 2.963502574720e-04 9.927790034520e-05
9.919604046160e-04 1.228058837671e-03 3.869755821450e-05
5.512345615500e-05 6.140495185110e-04 1.285466790650e-04
2.055123456155e-03 6.140495185110e-04 1.285466790650e-04
1.400509095674e-04 -4.439179060400e-05 1.381184598125e-04
1.400509095674e-04 1.955608209396e-03 1.381184598125e-04
1.252438681846e-04 8.268496564620e-04 7.425924865698e-05
1.882366266005e-03 3.123129551300e-05 4.206689330935e-05
1.882366266005e-03 2.031231295513e-03 4.206689330935e-05
7.108506746720e-04 1.545347613043e-03 8.352657157021e-05
1.163911623576e-03 -2.503264419000e-06 7.061595493038e-05
1.163911623576e-03 1.997496735581e-03 7.061595493038e-05
1.960208636274e-04 1.573394375367e-03 3.904620036545e-05
1.662183487870e-03 8.540586660890e-04 1.372857752909e-04
1.481884553994e-03 -5.233056443300e-05 1.239716232548e-04
1.481884553994e-03 1.947669435567e-03 1.239716232548e-04
1.144048721254e-03 4.877795505150e-04 6.407463033853e-05
-7.128875865410e-05 3.658434418270e-05 8.820342440428e-05
-7.128875865410e-05 2.036584344183e-03 8.820342440428e-05
1.928711241346e-03 3.658434418270e-05 8.820342440428e-05
1.928711241346e-03 2.036584344183e-03 8.820342440428e-05
1.350929945197e-03 1.388108492696e-03 1.102727633022e-04
6.010595238850e-04 1.751015376613e-03 1.496114479369e-04
1.099446724667e-04 9.826985141260e-04 8.233880666332e-05
4.357999006610e-04 1.112250552923e-03 4.327156429573e-05
-3.236339181100e-06 1.407596701547e-03 8.287837270528e-05
1.996763660819e-03 1.407596701547e-03 8.287837270528e-05
6.681932871800e-04 1.555670038800e-05 1.233155856380e-04
6.681932871800e-04 2.015556700388e-03 1.233155856380e-04
1.675509516987e-03 5.819684812150e-04 1.351305459323e-04
1.833034885131e-03 1.873874508055e-03 8.975953642960e-05
2.208652070964e-04 6.449775152300e-04 8.885847875555e-05
5.642242926200e-05 1.312325242861e-03 1.231145109821e-04
2.056422429262e-03 1.312325242861e-03 1.231145109821e-04
6.156006672550e-04 4.946229820230e-04 4.117483080712e-05
5.905834435000e-06 2.097109914116e-04 2.571451376186e-05
2.005905834435e-03 2.097109914116e-04 2.571451376186e-05
3.849158872080e-04 3.767876511790e-05 1.201342134933e-04
3.849158872080e-04 2.037678765118e-03 1.201342134933e-04
1.337703223692e-03 9.461141985310e-04 2.000000000000e-04
1.023146671004e-03 1.959812790883e-04 5.350139677752e-05
1.774908854902e-04 2.105490305769e-04 6.852217695361e-05
1.376604896264e-03 1.936180051628e-04 7.206143400622e-05
1.592052135380e-03 1.344982024924e-03 1.014039054831e-04
1.191997677388e-03 1.713056381697e-03 8.079406877166e-05
1.458613328055e-03 1.508293438857e-03 5.109685765771e-05
1.971859156761e-04 1.233123252293e-03 1.828472479536e-04
1.432866687235e-03 6.469133102300e-04 1.139703578754e-04
-9.844054234100e-05 7.954851366380e-04 1.091523435475e-04
1.901559457659e-03 7.954851366380e-04 1.091523435475e-04
1.334677698026e-03 4.858146568350e-04 5.625712225797e-05
7.632096092530e-04 6.576377940070e-04 7.259510634266e-05
6.344669798630e-04 1.273235903836e-03 1.991026086710e-04
-1.507668877860e-05 1.724531102373e-03 3.030334210546e-05
1.984923311221e-03 1.724531102373e-03 3.030334210546e-05
1.065954971983e-03 1.564330679579e-03 6.442441808433e-05
1.576354227949e-03 1.601514147998e-03 9.907981307547e-05
1.690266040192e-03 -2.479115312600e-05 6.562555224981e-05
1.690266040192e-03 1.975208846874e-03 6.562555224981e-05
1.470020407871e-03 4.536191780460e-04 8.286233290191e-05
1.403996943105e-03 6.648864178280e-05 3.827301794741e-05
4.439666396310e-04 9.392317905310e-04 4.908683329125e-05
-1.559761881300e-04 -5.056213390000e-08 1.705166915662e-04
-1.559761881300e-04 1.999949437866e-03 1.705166915662e-04
1.844023811870e-03 -5.056213390000e-08 1.705166915662e-04
1.844023811870e-03 1.999949437866e-03 1.705166915662e-04
5.943313654120e-04 6.305605151170e-04 9.565517930312e-05
8.520403342240e-04 2.798265928250e-04 1.370436511098e-04
-1.406302557200e-05 5.894746243400e-05 5.976087770417e-05
-1.406302557200e-05 2.058947462434e-03 5.976087770417e-05
1.985936974428e-03 5.894746243400e-05 5.976087770417e-05
1.985936974428e-03 2.058947462434e-03 5.976087770417e-05
1.222761951083e-03 6.544007263810e-04 9.601317191401e-05
3.962589182980e-04 4.643307933680e-04 1.629275276263e-04
3.825483585980e-04 1.556746014857e-03 1.427717952014e-04
-5.167202459999e-07 1.849934925095e-03 2.274914283878e-05
1.999483279754e-03 1.849934925095e-03 2.274914283878e-05
9.734203405950e-04 6.125461373690e-05 9.010912888875e-05
9.734203405950e-04 2.061254613737e-03 9.010912888875e-05
9.618646072450e-04 1.859659197655e-03 3.930832923442e-05
-1.756503142700e-05 1.045583884750e-03 1.536979304539e-04
1.982434968573e-03 1.045583884750e-03 1.536979304539e-04
-1.152679466580e-04 4.385096330080e-04 1.160908311762e-04
1.884732053342e-03 4.385096330080e-04 1.160908311762e-04
-2.834971315110e-05 1.084571660088e-03 8.721577474193e-05
1.971650286849e-03 1.084571660088e-03 8.721577474193e-05
4.448074455420e-04 7.220950906560e-04 5.435738214870e-05
-1.895230403410e-05 4.280896007930e-04 1.133988955177e-04
1.981047695966e-03 4.280896007930e-04 1.133988955177e-04
1.732279577270e-03 1.554287546588e-03 6.384063161300e-05
1.419028021024e-03 1.212263883531e-03 7.829736666848e-05
5.533505812300e-05 1.166812576263e-04 7.089331548374e-05
2.055335058123e-03 1.166812576263e-04 7.089331548374e-05
1.811935079137e-03 1.199830017540e-03 7.621963268634e-05
1.624483526360e-03 1.117267100143e-03 1.286088837896e-04
8.694368433540e-04 1.542721123313e-03 7.508135230635e-05
1.278722509190e-03 1.619336296895e-03 4.689559700610e-05
6.059755160760e-04 9.610466345760e-04 1.143841644160e-04
7.126883164780e-04 4.359811840230e-04 7.224858994613e-05
1.543607925390e-03 -2.693721187760e-05 1.297138962917e-04
1.543607925390e-03 1.973062788122e-03 1.297138962917e-04
6.159584356800e-04 7.967121589740e-04 5.025329555192e-05
1.784842329496e-03 1.366437708114e-03 9.257651960060e-05
-1.427309174500e-05 1.627610983929e-03 2.000000000000e-04
1.985726908255e-03 1.627610983929e-03 2.000000000000e-04
4.630655355390e-04 -1.844486882900e-05 6.529013015690e-05
4.630655355390e-04 1.981555131171e-03 6.529013015690e-05
1.878702203094e-03 2.310427960153e-04 4.086772091382e-05
1.098401581687e-03 1.133297249653e-03 1.038138538797e-04
-5.541736128310e-05 8.903381343920e-04 7.446773696206e-05
1.944582638717e-03 8.903381343920e-04 7.446773696206e-05
7.897458511640e-04 9.491457913380e-04 6.977111761950e-05
8.486276146530e-04 1.357936382200e-05 5.712984238806e-05
8.486276146530e-04 2.013579363822e-03 5.712984238806e-05
7.916078464000e-04 5.919465661560e-05 9.171504165082e-05
7.916078464000e-04 2.059194656616e-03 9.171504165082e-05
6.071487316990e-04 -2.303702390170e-05 1.102434194739e-04
6.071487316990e-04 1.976962976098e-03 1.102434194739e-04
1.019565971506e-03 6.210242646650e-04 7.869900521904e-05
-1.823197942600e-05 1.542349676482e-03 5.270646470617e-05
1.981768020574e-03 1.542349676482e-03 5.270646470617e-05
5.813236555220e-04 2.253444696566e-04 1.383158835256e-04
8.883962364750e-04 1.296118901199e-03 5.585589162376e-05
