# 2D packing, generated 2026-09-30T17:11:00.540493+00:00
# generator = preprocess/generate_packing_gravity.py
# periodic axes = xy
# porosity_achieved = 0.324682  (target 0.325000)
# 1156 distinct grains; 1217 rows including 61 periodic edge images.
# Centres span [-R, L+R]: a grain need only be PARTLY inside.
# Do NOT drop the out-of-box rows -- they carry the conduction
# paths that cross the domain edge, and k_eff depends on them.
# header row is 'Lx Ly'; grain rows are 'x y r', all in metres
4.000000000000e-03 4.000000000000e-03
3.219783505210e-03 4.703070467222e-05 1.000000000000e-04
3.219783505210e-03 4.047030704672e-03 1.000000000000e-04
2.011140392678e-03 2.699683488242e-06 3.282763934238e-05
2.011140392678e-03 4.002699683488e-03 3.282763934238e-05
2.999326080892e-03 7.988416157720e-05 9.180333370321e-05
2.999326080892e-03 4.079884161577e-03 9.180333370321e-05
3.117503312321e-03 1.521343012225e-04 4.665667571743e-05
2.868983692794e-03 8.633580047625e-05 3.864064029292e-05
8.813181596973e-04 3.476675776631e-05 6.420428405230e-05
8.813181596973e-04 4.034766757766e-03 6.420428405230e-05
9.563868155683e-04 5.354415479717e-05 1.317729004952e-05
9.555833514550e-04 1.106215541118e-04 4.195287513432e-05
2.547864771983e-03 3.473743910764e-05 3.729611027825e-05
2.547864771983e-03 4.034737439108e-03 3.729611027825e-05
2.589147309082e-03 9.943884442903e-05 3.945379872289e-05
2.769341643044e-03 5.411064791475e-05 3.273395934733e-05
3.037280429030e-03 2.382073664249e-04 7.100576128097e-05
2.055963551128e-03 6.933124183625e-05 4.514868587032e-05
2.511586716775e-03 9.578802886648e-05 3.372001878805e-05
4.309374657108e-04 4.409202489051e-05 9.210609248517e-05
4.309374657108e-04 4.044092024891e-03 9.210609248517e-05
5.428898548472e-04 8.488221714697e-06 2.537143835716e-05
5.428898548472e-04 4.008488221715e-03 2.537143835716e-05
3.167825037858e-04 3.093035332113e-05 2.280517031120e-05
2.902512774828e-03 1.894501362195e-04 5.440725444731e-05
2.365487263149e-03 3.578568060067e-05 5.796785026834e-05
2.365487263149e-03 4.035785680601e-03 5.796785026834e-05
1.156095851930e-03 8.115188493904e-05 9.318792830277e-05
1.156095851930e-03 4.081151884939e-03 9.318792830277e-05
1.495115728360e-03 2.194734076416e-05 3.517467696394e-05
1.495115728360e-03 4.021947340764e-03 3.517467696394e-05
5.444892325465e-04 1.360894859737e-04 5.403652753015e-05
1.981155089314e-03 9.895194647788e-05 3.531057153593e-05
2.243197020407e-04 3.992513659123e-05 3.988671217806e-05
3.206104653740e-03 2.691014523708e-04 1.000000000000e-04
3.743355679661e-03 4.962449702145e-05 4.045855589498e-05
2.427823852337e-03 1.339729784324e-04 5.833611366296e-05
3.169070678775e-04 8.170214514151e-05 2.796682068848e-05
2.719793161719e-03 9.943428365317e-05 3.441726948063e-05
2.798086681234e-03 1.733405816693e-04 5.125416494289e-05
2.906892461888e-03 3.354329616055e-04 9.164132042262e-05
2.329930111423e-03 1.293690360780e-04 3.965552965603e-05
3.665002384594e-03 6.831084058133e-05 3.979492059940e-05
3.074581262320e-03 3.655151556538e-04 6.165425649384e-05
1.031099151801e-03 7.639112958942e-05 2.403937832862e-05
6.241348740502e-04 4.778682907013e-05 6.487900464584e-05
6.241348740502e-04 4.047786829070e-03 6.487900464584e-05
2.538465956987e-03 1.779337663824e-04 5.271163152555e-05
2.248385313685e-03 3.222597205656e-05 3.804316535972e-05
2.248385313685e-03 4.032225972057e-03 3.804316535972e-05
1.287909080487e-03 1.225248983647e-04 4.496580896793e-05
2.293253920123e-03 7.630171056929e-05 2.485248643061e-05
2.657863555778e-03 1.583153457458e-04 5.103601825364e-05
1.374758457388e-03 7.591092485022e-05 5.360233228106e-05
1.029403309005e-03 1.367672621925e-04 3.636071786568e-05
2.365320334907e-03 1.689959899353e-04 1.328680135934e-05
3.164444055257e-03 3.956275990831e-04 3.311962054187e-05
1.569023315535e-03 1.039268015992e-04 7.479928649237e-05
1.442011036832e-03 1.893267482203e-04 7.825387402239e-05
1.283199269642e-03 2.645321204838e-04 9.711951452725e-05
2.162108797552e-03 1.251627131421e-04 7.478448938413e-05
2.718644913143e-03 2.512863198507e-04 6.004069736740e-05
-4.087700079903e-05 5.913051918621e-05 5.082925278915e-05
3.959122999201e-03 5.913051918621e-05 5.082925278915e-05
2.262682189103e-03 1.251627131421e-04 2.578890216716e-05
4.633975011909e-04 1.707885592648e-04 3.416720962298e-05
2.042042094660e-03 1.668485689697e-04 5.231281082034e-05
2.575916277407e-03 3.259820308468e-04 1.000000000000e-04
6.536762838394e-04 1.664738628584e-04 5.531509916790e-05
1.403302504719e-03 2.827442889643e-04 2.286579557258e-05
2.998093994407e-03 4.232538003566e-04 3.394345944962e-05
5.569935987932e-04 2.652750434915e-04 7.575341025411e-05
7.632208541876e-04 1.227166908995e-04 6.145076459041e-05
7.285015271585e-04 3.036708875713e-04 1.000000000000e-04
2.755539004614e-03 3.690958657576e-04 6.341109045570e-05
1.418921089422e-03 4.070153025052e-04 9.965923789869e-05
3.333956900986e-03 2.582379545538e-04 2.769342740326e-05
2.381750633504e-03 2.055143222378e-04 2.675756299837e-05
3.079384179538e-03 4.940609683171e-04 6.698143309286e-05
2.522058316503e-04 1.256218511451e-04 5.023305920933e-05
3.891739453960e-04 1.623107959045e-04 3.289550390079e-05
1.018804698339e-04 1.084565411267e-04 1.000000000000e-04
3.327632878570e-04 1.437102914959e-04 2.650265326006e-05
8.661133546258e-04 1.409287874798e-04 4.304108861021e-05
3.868218896201e-03 1.358650285637e-04 6.813183723149e-05
1.083711395147e-03 2.618464881610e-04 1.000000000000e-04
4.138586339180e-04 2.526900036020e-04 6.079406421987e-05
9.303979158180e-04 1.755248023037e-04 2.766575095774e-05
3.583306231049e-03 9.332438052241e-06 3.719590575551e-05
3.583306231049e-03 4.009332438052e-03 3.719590575551e-05
8.826590007709e-04 2.194575209418e-04 3.721177410884e-05
2.102257622233e-04 2.330866361892e-04 6.514047144183e-05
4.683808267102e-04 3.307632025600e-04 3.443247713078e-05
2.389405050566e-03 3.185380872159e-04 8.652539805551e-05
1.901409288033e-03 5.398368162690e-05 5.581275747805e-05
1.901409288033e-03 4.053983681627e-03 5.581275747805e-05
3.957425702375e-03 1.745638446931e-04 2.797609423344e-05
3.720510482551e-03 1.256880713682e-04 3.896166356706e-05
1.184392957341e-03 3.132343340430e-04 1.303765413094e-05
1.673824753653e-03 1.571404587985e-04 4.273808960688e-05
2.201332475527e-05 2.728392457960e-04 8.275790515029e-05
4.022013324755e-03 2.728392457960e-04 8.275790515029e-05
1.583538705015e-04 3.799809302746e-04 9.064363150693e-05
2.766625219823e-04 4.152122581592e-04 3.133229664821e-05
2.829620501017e-03 4.472135318528e-04 4.424787723225e-05
1.793993231587e-03 1.359242349370e-04 7.928892077580e-05
9.487129342872e-04 2.237572398986e-04 2.392699514594e-05
2.747654042507e-03 4.747466366910e-04 4.221894200189e-05
1.716069686348e-03 2.211810863734e-04 3.398111481251e-05
1.309000369992e-03 3.733805441653e-04 1.441141093259e-05
3.775760401974e-03 1.684560301170e-04 2.990257792588e-05
1.964610417322e-03 1.809827622973e-04 2.639830705096e-05
9.207610524394e-04 2.703659110226e-04 2.637620973292e-05
3.919849102114e-03 2.123781536876e-04 2.416962096977e-05
2.833124824015e-03 5.437991754235e-04 5.240145483606e-05
4.269063286096e-05 4.202552244268e-04 3.183095018062e-05
1.272400465182e-03 3.858006544960e-04 2.388013307736e-05
5.395012706031e-04 3.817976242278e-04 4.207534463137e-05
2.929003438502e-03 4.682065462877e-04 4.296107387094e-05
2.262516741967e-03 2.036951775945e-04 5.268748116057e-05
1.296129419171e-03 4.278405492258e-04 2.386506775089e-05
2.422515932836e-04 4.845331289750e-04 4.340869305490e-05
3.194167163475e-04 5.001840592336e-04 3.532767061044e-05
8.587975189897e-04 2.942205655526e-04 3.063830868752e-05
1.543409396403e-03 4.604509521358e-04 3.581293405598e-05
1.498611317954e-03 5.166099836514e-04 3.567320747994e-05
3.393190879785e-03 9.932124411626e-05 8.112018515580e-05
2.108270590006e-03 2.209972200304e-04 3.323419384602e-05
9.539697974859e-04 3.389660498187e-04 4.983927752509e-05
3.525485616557e-03 1.170513491964e-04 5.235755054990e-05
2.467739761401e-03 4.318968488821e-04 5.126664694081e-05
2.670546568417e-03 4.334768673936e-04 4.321334035209e-05
3.224445869156e-03 3.947432837500e-04 2.688872746902e-05
3.773522864961e-04 3.765491664047e-04 6.746233584455e-05
1.195855194231e-03 3.868758033545e-04 5.194859513447e-05
3.900038546516e-03 2.798390484059e-04 3.941757872886e-05
-2.029293033978e-05 4.340188294972e-04 3.263897276044e-05
3.979707069660e-03 4.340188294972e-04 3.263897276044e-05
1.028131021270e-03 3.797337257873e-04 3.033270367534e-05
2.574158680775e-03 5.393978730087e-04 1.000000000000e-04
3.598315318812e-03 1.439132876620e-04 2.526811827759e-05
3.354591223959e-03 4.030855413286e-04 1.000000000000e-04
3.531492584107e-03 3.914631999432e-04 7.728276649281e-05
3.812997132250e-03 2.385216696358e-04 4.843500709564e-05
3.216112587411e-03 5.016177371600e-04 6.995569103108e-05
1.245794123626e-03 4.613745507784e-04 3.661774995619e-05
9.679581981374e-04 4.504662342673e-04 6.253212787334e-05
2.973093504943e-03 5.520090915899e-04 5.173243898695e-05
2.250485933143e-03 3.320869363461e-04 5.305301190257e-05
1.422201386547e-03 5.512620883915e-04 4.462484894332e-05
2.899186663511e-03 6.231670379373e-04 5.086250658194e-05
4.740104813128e-04 3.887012318745e-04 2.377842356194e-05
2.729830500862e-03 6.095374541951e-04 7.003738468166e-05
1.644509711986e-03 2.342579058189e-04 3.873573903665e-05
1.733087615582e-04 4.983898247307e-04 2.544055075509e-05
2.637575462531e-03 6.648386029992e-04 3.752303543068e-05
1.893207261937e-03 1.734177796555e-04 2.677327663340e-05
3.040921639860e-05 4.836704006406e-04 3.276255119478e-05
4.030409216399e-03 4.836704006406e-04 3.276255119478e-05
3.977425623966e-03 4.869298393141e-04 2.032120546274e-05
3.682355334461e-03 2.407116593844e-04 8.222514520114e-05
8.594970969386e-04 3.871735818703e-04 5.534655388144e-05
2.822250761200e-03 6.978264363019e-04 5.634387948552e-05
3.044984861152e-03 5.796992707095e-04 2.530759181955e-05
2.303307790703e-03 4.286166753621e-04 5.322450063621e-05
1.313999242131e-03 5.299792035718e-04 6.012177958158e-05
7.644455613248e-04 4.532252834406e-04 5.381320158098e-05
3.924377967447e-03 4.862682839868e-04 3.273057746238e-05
1.563184729375e-03 5.386133491594e-04 3.254609738461e-05
2.710842492537e-04 5.672785977026e-04 4.421635401610e-05
1.692900998292e-03 2.770418678877e-04 2.585670634759e-05
8.630291254011e-04 4.932426940859e-04 5.078136218338e-05
1.691586711874e-03 5.386133491594e-04 9.585588511436e-05
2.126124997197e-03 3.318555094230e-04 7.130821291946e-05
3.014797263660e-03 6.330183911665e-04 3.596414237437e-05
4.172918907930e-04 5.002722551663e-04 6.254756964734e-05
3.644272034648e-03 3.574064527729e-04 4.052669428252e-05
5.842430485068e-04 5.166436370525e-04 1.000000000000e-04
1.924827933487e-03 2.289063397493e-04 3.588584258448e-05
1.368393137222e-03 6.253304135665e-04 4.692538385386e-05
3.774153315388e-03 3.170413032619e-04 3.693813345393e-05
3.834467589697e-03 3.171050026521e-04 2.337617449443e-05
3.354496504672e-03 6.031508842901e-04 1.000000000000e-04
3.644703119495e-03 4.484318961301e-04 4.945341808524e-05
8.170485569117e-05 4.587298951394e-04 1.924941491199e-05
3.772031120028e-03 4.327915633252e-04 7.883157967479e-05
1.993349022935e-03 2.209357182325e-04 2.046379908583e-05
1.551327287530e-03 6.753130990372e-04 1.000000000000e-04
1.389737637037e-03 7.433332806093e-04 7.299235711850e-05
1.185531984845e-03 4.617127916503e-04 2.359704318581e-05
1.484872745982e-03 7.882333449819e-04 3.102361633105e-05
9.515626825787e-04 5.997525710156e-04 8.765188650206e-05
3.568817359336e-03 5.034238799960e-04 4.020960609983e-05
9.250070715811e-05 5.093706510523e-04 3.252933137883e-05
2.963141491968e-03 6.489342653605e-04 1.808803604389e-05
2.185707555056e-03 4.583860031764e-04 6.808513816632e-05
1.549400450699e-03 8.182207141224e-04 4.013161526854e-05
2.575132094053e-03 6.643160320809e-04 2.492270886386e-05
4.685924616631e-04 5.738534120510e-04 2.715157995096e-05
2.698593683974e-03 7.084458555306e-04 3.367576245212e-05
1.089620600916e-03 5.952931137826e-04 4.863461989628e-05
2.298587053126e-03 5.836922423360e-04 1.000000000000e-04
1.053553177722e-03 6.855171946338e-04 4.560588682473e-05
3.459359763208e-03 4.649321847212e-04 2.163420269130e-05
2.748745390372e-03 7.884411687986e-04 6.033567299738e-05
2.022655745605e-04 5.322679955332e-04 1.886087867491e-05
1.463216232041e-03 8.873967640268e-04 7.038103299487e-05
5.033406465614e-04 6.020507244876e-04 1.759800476266e-05
3.854948258584e-03 5.514571380957e-04 6.250634470891e-05
2.427026708242e-03 6.066522017544e-04 3.047568640407e-05
2.637773486076e-03 7.345276212784e-04 3.216631481116e-05
9.556138729733e-04 7.647174477256e-04 7.736275040547e-05
1.871947028905e-05 6.008363746645e-04 8.498514026689e-05
4.018719470289e-03 6.008363746645e-04 8.498514026689e-05
7.108541396891e-04 5.132531385563e-04 2.665663336633e-05
2.102991605728e-03 6.276581562007e-04 1.000000000000e-04
5.494023053159e-04 7.135851588375e-04 1.000000000000e-04
2.223925064183e-03 7.241358583786e-04 5.470248627181e-05
3.738706466768e-03 6.018983056603e-04 6.420776533306e-05
1.984317418925e-03 2.994324532580e-04 5.637970658893e-05
1.122784224300e-03 8.083733646848e-04 9.541389157225e-05
2.550283881611e-03 7.404469836010e-04 5.516143378878e-05
9.957948452591e-04 8.931693773152e-04 5.713491020880e-05
3.527140009829e-03 6.049176049993e-04 6.950811205470e-05
3.693938550239e-03 5.071477652628e-04 2.717348045544e-05
2.923022358598e-03 7.128505164051e-04 4.193443653958e-05
2.867915231799e-03 8.108469156303e-04 6.092220967542e-05
1.842946510318e-03 2.504223739823e-04 4.523516261498e-05
2.111346398952e-03 8.302438040212e-04 1.000000000000e-04
2.960610375119e-03 8.356314840429e-04 3.502916691384e-05
1.546925566604e-03 9.304619961694e-04 2.375645641576e-05
7.798840597624e-04 5.792960491619e-04 6.887768934131e-05
3.106613213981e-03 6.300093943469e-04 5.424879269505e-05
1.286896589498e-03 7.431384631141e-04 2.981378421381e-05
1.887442596988e-03 5.386133491594e-04 1.000000000000e-04
3.912839030662e-03 6.103564990766e-04 2.007982982033e-05
3.907305172224e-03 6.951057645450e-04 6.095959321144e-05
3.458269172107e-03 6.987169428558e-04 4.107316598935e-05
2.617592331294e-03 8.018467957778e-04 3.594506072752e-05
2.918657986541e-03 9.006668124898e-04 4.217565633010e-05
3.821518253916e-03 6.258788730876e-04 1.907894739225e-05
2.672785043434e-03 7.695805483665e-04 1.737678443045e-05
3.641382804789e-03 7.037358570310e-04 7.665664517385e-05
2.468449720126e-03 7.352669802341e-04 2.683669586562e-05
3.524186005561e-03 7.782392372744e-04 6.221683490305e-05
7.027087278160e-04 7.322428141587e-04 4.827536388516e-05
1.255820750335e-03 8.139987580232e-04 3.774151754261e-05
6.520643737401e-04 8.215494525852e-04 4.898266759416e-05
1.628617107660e-03 9.590089377845e-04 6.277929201008e-05
9.209994787851e-07 7.161687788788e-04 3.171254980303e-05
4.000920999479e-03 7.161687788788e-04 3.171254980303e-05
1.450366456107e-04 5.534272879051e-04 3.603460338079e-05
1.979253491173e-03 6.195294392636e-04 2.237914008822e-05
3.211790902849e-03 7.323465521644e-04 9.250041980842e-05
2.335990342970e-03 7.415543631189e-04 5.870849064921e-05
2.280238044703e-03 8.586184755263e-04 7.095387369087e-05
3.784830854081e-03 7.602414001653e-04 7.751731086496e-05
1.357641621376e-03 9.055467971149e-04 3.674236369390e-05
8.500340940623e-04 7.644871558416e-04 2.821728305103e-05
1.547651489837e-03 9.836415909860e-04 2.185048332467e-05
3.906802928842e-03 8.170561633862e-04 5.703789840394e-05
1.397802828763e-03 9.501007029043e-04 2.023186497837e-05
1.337834829459e-03 9.966022150158e-04 5.565325588947e-05
2.418772410337e-03 7.472729941090e-04 2.427098386294e-05
1.082020771647e-03 9.389019357661e-04 4.046143756527e-05
7.686384051697e-04 8.642957970524e-04 7.518160404885e-05
2.380179610734e-03 8.703633725798e-04 2.966451954248e-05
3.373653582519e-03 7.861227393854e-04 7.806171842968e-05
9.976452223324e-04 1.051196997557e-03 1.000000000000e-04
3.650043905937e-03 8.806342268132e-04 1.000000000000e-04
2.515259446771e-03 8.916032077353e-04 1.000000000000e-04
3.462694702145e-03 8.515536654214e-04 3.243506437574e-05
3.659621998285e-04 6.196065562241e-04 6.413514018360e-05
2.414477992575e-04 6.775728708748e-04 6.999028444331e-05
5.847913839061e-04 8.488051916487e-04 2.102586629193e-05
1.784124561131e-03 6.597469966410e-04 5.657972128202e-05
6.716637666002e-04 8.881612082249e-04 2.045272468258e-05
2.395410449369e-03 9.361523234373e-04 2.786120814974e-05
2.204415902712e-03 9.404357089624e-04 4.059458396723e-05
1.222728124793e-03 8.618520169376e-04 1.793843634301e-05
1.760361617775e-03 9.936311088343e-04 7.343858741037e-05
1.906219092718e-03 9.936311088343e-04 7.241888753252e-05
6.858067816983e-04 9.427302682872e-04 3.591936389788e-05
3.269691672197e-03 8.515375136345e-04 4.001006199653e-05
2.313969333676e-03 1.027536666027e-03 9.454718571120e-05
1.406205877310e-03 1.013987282567e-03 1.489347158975e-05
3.335513155649e-03 9.036543667793e-04 4.394619365585e-05
3.066625479521e-03 7.291297261687e-04 5.223878648664e-05
1.201010840874e-03 9.015488809248e-04 2.624580272387e-05
1.501855061233e-03 9.734468640209e-04 2.394594527924e-05
2.992206174549e-03 7.291394488480e-04 2.218051911972e-05
2.836482713646e-03 9.163938622089e-04 4.149103697235e-05
2.672178371847e-03 8.103098167988e-04 1.929327367236e-05
3.505146685830e-03 9.246916876563e-04 5.144724525627e-05
2.432468172564e-03 1.048487379952e-03 2.547655139458e-05
3.979407619130e-03 8.415576848325e-04 1.958954840920e-05
8.390765443153e-04 1.055999964201e-03 5.862024382494e-05
1.154470809676e-03 9.278060720060e-04 2.711184314239e-05
2.647417034623e-03 9.333520808473e-04 3.859510480188e-05
2.600332547100e-03 9.906344685614e-04 3.055537590107e-05
1.832752099349e-03 1.106806238421e-03 6.090794875427e-05
1.917150100779e-03 1.106806238421e-03 2.349005267633e-05
2.207451161709e-03 1.080981988902e-03 2.462721301528e-05
6.147800748643e-04 8.891254509395e-04 2.815628774704e-05
3.409847909195e-03 9.633609541061e-04 5.139814715635e-05
2.414623622216e-03 1.112535400447e-03 3.706030880027e-05
1.176484918546e-03 1.122015199344e-03 9.235086502904e-05
2.231767339951e-03 1.203864144473e-03 1.000000000000e-04
2.007692572625e-03 9.936311088343e-04 2.905459237478e-05
5.261143731168e-04 8.490906279186e-04 3.749213381569e-05
1.418375058744e-04 7.135033289353e-04 3.590216804698e-05
1.665711920385e-03 1.049039088593e-03 3.459346180642e-05
3.337231724673e-03 9.678186207132e-04 2.024108862013e-05
2.405444162726e-03 1.224796579706e-03 7.479276232338e-05
2.321989222610e-03 1.307573005356e-03 3.746103812414e-05
2.532698434797e-03 1.074320351334e-03 7.704443128992e-05
2.248848485915e-03 1.355325195557e-03 4.988791941144e-05
3.050802541684e-03 9.531237834190e-04 1.000000000000e-04
3.563733449929e-03 9.686755515875e-04 2.181249812921e-05
7.013502056883e-05 8.030947364663e-04 7.884916733435e-05
4.070135020569e-03 8.030947364663e-04 7.884916733435e-05
-2.808185194589e-07 8.916646670762e-04 3.430128330598e-05
3.999719181481e-03 8.916646670762e-04 3.430128330598e-05
1.479638442526e-03 1.074651250946e-03 7.966827227603e-05
1.001749939701e-04 9.808019997151e-04 1.000000000000e-04
1.720200793258e-03 1.107214733913e-03 4.511502566693e-05
3.200615497886e-03 9.531237834190e-04 4.981295620223e-05
8.886504099844e-04 1.174996641951e-03 6.494309318157e-05
2.001083739113e-03 1.106806238421e-03 6.044358565680e-05
6.485457637296e-04 9.111983501446e-04 1.218394991609e-05
3.495349153961e-04 7.365387878320e-04 5.313488268486e-05
2.725355212860e-03 8.946535557709e-04 4.842179601354e-05
3.164187262228e-03 1.050515396089e-03 4.946979986413e-05
3.925496322198e-03 9.165558853400e-04 4.398413094651e-05
4.282406177207e-04 8.215903400928e-04 6.231246255550e-05
5.585733895021e-04 9.105179086482e-04 3.198379124082e-05
3.827293079100e-03 8.584757301362e-04 2.950141714774e-05
1.935314072242e-03 1.141224215409e-03 1.378744707388e-05
3.085319179842e-03 1.091744913916e-03 3.952484918639e-05
1.297225442681e-03 1.077691188917e-03 3.503601570748e-05
1.948235720332e-03 1.206910605485e-03 5.275445935392e-05
2.918850505176e-03 9.801473063237e-04 3.469079674837e-05
3.607980141337e-03 1.040764184929e-03 6.277202409461e-05
2.666481750733e-03 1.007777469781e-03 3.777935411218e-05
2.795873015212e-03 1.055116597107e-03 1.000000000000e-04
2.645916119077e-03 1.078913254022e-03 3.594111979326e-05
1.829511100417e-03 1.238512523665e-03 7.010406337378e-05
2.085309449186e-03 1.175366811574e-03 4.815900376199e-05
2.960577397513e-03 1.168573224654e-03 1.000000000000e-04
3.700719849907e-03 1.085889754107e-03 4.036366687554e-05
4.695326409925e-04 9.375189581464e-04 6.075051197259e-05
3.206498899284e-04 8.338920781372e-04 4.597937842944e-05
5.892616386065e-04 1.044783448121e-03 1.000000000000e-04
2.402244564007e-03 1.361463446671e-03 5.920908194189e-05
7.522301311197e-04 9.772125207501e-04 3.892106235292e-05
3.485064439950e-03 1.009754073249e-03 3.551803294050e-05
4.618690662675e-04 1.044678311039e-03 2.717261253342e-05
1.054081694557e-03 1.177127712343e-03 3.797056872167e-05
1.586173309065e-03 1.040843138250e-03 2.940699983937e-05
7.245907640495e-04 1.192045133885e-03 1.000000000000e-04
1.631880136978e-03 1.126642044680e-03 4.531704126294e-05
2.691469249766e-03 1.123648090424e-03 2.446911081829e-05
2.323190778284e-03 1.367488205451e-03 2.003136385511e-05
1.327489611091e-03 1.180111418651e-03 6.944403074387e-05
4.764144640117e-04 1.092713111553e-03 2.244276859771e-05
3.298110890495e-03 9.691553497942e-04 1.890257646948e-05
3.846936322243e-04 9.367277020634e-04 2.409220036670e-05
1.706855261205e-03 1.282637927398e-03 6.024740822223e-05
3.648578048154e-03 1.103834647852e-03 1.223513265551e-05
6.119993750957e-04 1.209839989509e-03 1.386866627563e-05
5.866240490986e-04 1.297155657334e-03 7.342963611119e-05
9.896634903283e-04 1.237214585524e-03 5.012107313340e-05
2.028775510357e-03 1.231682857849e-03 3.150895064360e-05
1.893940818631e-04 7.602280031687e-04 2.769013159700e-05
2.834683533249e-03 1.169993405706e-03 2.125567583692e-05
2.303281169402e-03 1.413495050951e-03 2.977181389909e-05
2.482833368776e-04 8.722783336822e-04 3.593784716551e-05
1.063704181275e-03 1.238660155891e-03 2.393372812592e-05
3.343293576176e-03 1.038865715981e-03 4.925199254903e-05
2.620223299404e-03 1.157477750950e-03 4.368566490538e-05
3.519610145008e-03 1.067341851363e-03 2.950813972780e-05
2.691895012203e-03 1.182593063156e-03 3.225914166899e-05
1.458167271174e-03 1.220340494478e-03 6.728573792746e-05
1.154140531064e-03 1.300826759052e-03 8.580878830102e-05
2.833679287182e-03 1.238559392005e-03 4.487983655143e-05
3.450903577095e-03 1.077048886615e-03 3.988075723951e-05
2.971795321770e-04 9.583030001354e-04 6.295884383206e-05
1.625403313780e-03 1.282637927398e-03 2.120453920321e-05
1.556979459363e-03 1.278204438064e-03 4.722227314657e-05
1.983771647168e-03 1.318523741780e-03 6.437920058107e-05
2.219196988789e-04 9.971753896923e-04 2.174714874176e-05
1.480275435107e-03 1.330757746555e-03 4.532305611314e-05
1.268619762386e-03 1.300826759052e-03 2.867044302069e-05
2.504398384997e-04 1.034828364469e-03 2.548784753779e-05
3.082459393477e-03 1.168303732233e-03 2.188233129623e-05
3.372238579608e-03 1.164438144281e-03 7.769927591862e-05
2.547240494779e-03 1.243904133437e-03 6.828518284414e-05
3.269208853636e-03 1.214947830756e-03 3.704545323122e-05
2.083562483032e-03 1.356891100490e-03 4.253321748505e-05
1.255627685049e-03 1.365527766313e-03 3.454844149667e-05
1.989290196639e-04 1.095041175705e-03 5.100644731826e-05
3.103284353451e-03 1.263905922969e-03 7.162056908345e-05
3.327733628723e-03 1.316618010695e-03 8.026594752761e-05
8.951046515209e-04 1.313910772000e-03 7.163145873594e-05
1.784434326982e-03 1.335078191691e-03 3.339282226579e-05
2.657568708743e-03 1.246592967220e-03 4.036318450637e-05
2.503684509776e-03 1.361336204671e-03 4.223096927392e-05
1.866815275955e-03 1.439992558096e-03 1.000000000000e-04
2.620754624630e-03 1.304575718365e-03 2.703201657636e-05
2.119646949848e-03 1.233209244269e-03 1.589705243515e-05
2.363269561597e-03 1.460105057477e-03 4.619594180361e-05
3.194173378496e-03 1.364077112344e-03 6.147574277561e-05
3.280782127092e-03 1.451232070454e-03 6.139435959541e-05
2.127348584944e-03 1.279032272273e-03 2.866055060397e-05
1.019119522613e-03 1.379149835520e-03 6.849642450256e-05
1.549980286940e-03 1.354722358855e-03 2.838629891282e-05
2.733803612742e-03 1.246592967220e-03 3.587171949250e-05
2.208510940559e-03 1.500063514151e-03 9.858509123478e-05
2.903936482889e-03 1.336171318385e-03 7.538720681514e-05
3.513788207174e-03 1.160518401868e-03 6.385011929574e-05
-4.065824841645e-05 9.989995194131e-04 4.196717887882e-05
3.959341751584e-03 9.989995194131e-04 4.196717887882e-05
3.616997967729e-03 1.137484912678e-03 3.391290977727e-05
3.887012178601e-03 1.016336533466e-03 3.241117270363e-05
1.731587916767e-03 1.366978075373e-03 2.764437075338e-05
1.609949149360e-03 1.354722247250e-03 3.158256352916e-05
1.365549715561e-03 1.307029106654e-03 5.956880904593e-05
1.204245840577e-03 1.407290164499e-03 3.166478862843e-05
2.625092301939e-03 1.435429329101e-03 1.000000000000e-04
2.514000493413e-03 1.435406299586e-03 1.108254694213e-05
3.194730424392e-03 1.473897756690e-03 2.759231845328e-05
1.983882627427e-03 1.490745654714e-03 2.759561746760e-05
1.688260689145e-03 1.474608459134e-03 8.187908366759e-05
-2.382368162962e-07 1.070160824213e-03 3.440466749145e-05
3.999761763184e-03 1.070160824213e-03 3.440466749145e-05
3.682849747031e-03 1.161349291934e-03 3.612710661025e-05
3.117701478906e-03 1.364077112344e-03 1.499615681463e-05
3.932928277094e-03 1.075691548741e-03 3.265727236066e-05
3.028687963079e-03 1.357858326915e-03 4.831985431780e-05
2.783333617668e-03 1.292403056328e-03 2.883465745382e-05
3.095504361878e-04 1.061621594491e-03 3.941161266074e-05
3.818883639903e-03 1.166386071088e-03 1.000000000000e-04
1.788721216330e-03 1.569961247055e-03 5.162632442447e-05
6.471056012371e-05 1.145313241365e-03 6.492424082723e-05
4.064710560124e-03 1.145313241365e-03 6.492424082723e-05
2.815579066137e-03 1.496378374441e-03 1.000000000000e-04
1.418436897244e-03 1.462267388240e-03 1.000000000000e-04
3.596599431100e-03 1.194480572894e-03 2.565478486817e-05
1.532440688533e-03 1.505201397693e-03 2.182033327151e-05
9.244568593065e-04 1.411416002434e-03 3.019595438945e-05
2.694591258423e-03 1.557966833191e-03 3.574586170129e-05
3.951711426118e-04 1.121542381740e-03 6.376398340933e-05
3.564711197667e-03 1.269769006822e-03 5.610833363026e-05
2.963043947276e-04 1.140713460573e-03 3.694432856551e-05
3.142461718672e-03 1.474952813154e-03 2.468703446769e-05
2.968982135436e-03 1.496379515145e-03 5.340307352189e-05
1.579601922525e-03 1.620462062149e-03 1.000000000000e-04
1.706711340889e-03 1.582023853866e-03 2.710941836414e-05
2.928573029946e-03 1.584735411689e-03 4.343850451362e-05
4.242609054073e-04 1.358115055727e-03 1.000000000000e-04
2.738334392003e-03 1.580149692942e-03 1.330045316680e-05
3.224363611193e-03 1.556596384166e-03 5.812420607569e-05
2.082758517362e-03 1.522979963092e-03 2.923836346748e-05
3.666137143390e-03 1.305832138814e-03 5.153818026971e-05
1.767196261891e-04 1.210380452339e-03 6.461252161814e-05
3.057830777072e-03 1.620044588145e-03 9.055517044367e-05
1.282462541299e-03 1.474106418822e-03 3.648878388696e-05
7.930355027654e-04 1.299511203440e-03 2.741131443550e-05
8.985066610084e-05 1.227656510042e-03 2.117128068823e-05
7.471756871917e-04 1.306422323551e-03 1.658569433215e-05
3.201893149069e-03 1.682656764862e-03 6.652523279134e-05
2.608558819567e-04 1.312046591082e-03 6.735305458035e-05
3.315488805710e-03 1.682651257550e-03 4.707042606157e-05
3.463064718518e-03 1.280677593438e-03 4.612181840557e-05
3.512862582304e-03 1.390340969347e-03 7.431855378487e-05
2.465270039740e-03 1.420487509062e-03 2.713937206189e-05
1.393788736278e-03 1.694444896758e-03 1.000000000000e-04
3.615255496853e-03 1.423161276186e-03 3.320577597796e-05
3.577845486716e-03 1.527940332991e-03 7.785359459015e-05
3.407070734771e-03 1.396037192396e-03 3.162653558363e-05
5.667676155471e-04 1.428725732674e-03 5.904096998491e-05
2.931092785173e-03 1.681915441657e-03 5.047099200070e-05
2.997589125152e-04 1.413796828156e-03 3.638623836381e-05
3.488662292496e-03 1.539287911732e-03 1.204862826619e-05
8.295721834828e-04 1.439644616049e-03 6.879877442389e-05
3.491259145367e-04 1.463696680043e-03 2.958682898542e-05
3.969540442429e-03 1.118763502717e-03 2.282774103726e-05
2.815612489000e-03 1.696733729643e-03 6.595615458889e-05
2.616030758754e-03 1.582130522903e-03 4.644681442411e-05
1.734897343979e-03 1.663633931423e-03 5.640876724233e-05
2.089987313681e-03 1.635248341336e-03 8.120030202460e-05
3.714090760896e-03 1.527940332991e-03 5.839167958957e-05
1.188549175657e-03 1.503238588915e-03 6.183925678969e-05
1.516317547821e-03 1.738049614229e-03 3.005645329502e-05
1.952939589754e-03 1.541333889848e-03 3.170565667106e-05
9.474518079826e-04 1.507957052021e-03 6.744437138746e-05
2.483348773833e-03 1.501078322687e-03 5.545434377193e-05
2.894427485121e-03 1.766207783601e-03 3.910786297605e-05
2.341252421496e-03 1.547933449595e-03 4.252419790262e-05
3.663264513152e-03 1.683938701672e-03 1.000000000000e-04
4.032879024930e-04 1.490948988049e-03 3.104492202838e-05
6.886913498653e-04 1.500156560396e-03 8.226635515884e-05
2.182868418156e-03 1.635248341336e-03 1.168080245073e-05
-2.383803468350e-05 1.289931724006e-03 1.000000000000e-04
3.976161965317e-03 1.289931724006e-03 1.000000000000e-04
2.286987881835e-03 1.630968307526e-03 5.404090668374e-05
1.877921652332e-03 1.578752558957e-03 3.800628653706e-05
8.541845694350e-04 1.540327088227e-03 3.128048379229e-05
1.943871545698e-03 1.657510126415e-03 6.471733716730e-05
3.706787337306e-03 1.216181313951e-03 2.265866160842e-05
1.240939405218e-04 1.317120537594e-03 5.040977651885e-05
2.391819999059e-03 1.654296299267e-03 5.335540610437e-05
3.027014967932e-03 1.808297651072e-03 1.000000000000e-04
4.615339730753e-04 1.490948988102e-03 2.720114855388e-05
3.220657269086e-03 1.858324236043e-03 1.000000000000e-04
3.827755987148e-03 1.311072935756e-03 4.495864014686e-05
7.869988245953e-04 1.624334810809e-03 7.611482258392e-05
2.216943483391e-03 1.757279658579e-03 9.039169060007e-05
2.884659832241e-03 1.854591192686e-03 4.969327524151e-05
3.846754163921e-03 1.527940332991e-03 7.427172343596e-05
2.878678365956e-04 1.485628854609e-03 3.547907909409e-05
3.099077025035e-03 1.922441238836e-03 3.498777241540e-05
9.213700133862e-04 1.676788972347e-03 6.813168669736e-05
1.584722962627e-03 1.767827362147e-03 4.454927735610e-05
1.246226054462e-03 1.694444896865e-03 4.756268181656e-05
1.285334966389e-03 1.754586656210e-03 2.401310992442e-05
3.431400213362e-03 1.458013244422e-03 3.158543276628e-05
3.813722930479e-03 1.683938701672e-03 5.045841732686e-05
1.070784603539e-03 1.565934304481e-03 6.883600233731e-05
1.874360311337e-04 1.283628003828e-03 9.414805322834e-06
3.463264513152e-03 1.663966439330e-03 1.000000000000e-04
2.559179386823e-03 1.601678513748e-03 1.367142271349e-05
6.821821108240e-04 1.676993883665e-03 4.118616394187e-05
5.975630193574e-04 1.676993883665e-03 4.343292752468e-05
6.448953257574e-04 1.743423252105e-03 3.499234570430e-05
9.835507651370e-04 1.593362641037e-03 2.260827691789e-05
2.715708670866e-03 1.628662041128e-03 3.803596216864e-05
3.373602248243e-03 1.798614095411e-03 6.176932044398e-05
7.035576540891e-05 1.370185787585e-03 2.374646135051e-05
2.383097429330e-03 1.788290611901e-03 7.863142313624e-05
2.556446966869e-03 1.788290611901e-03 9.471811440294e-05
1.831624957763e-04 1.356380736904e-03 2.051594145229e-05
1.316559496269e-03 1.846129990764e-03 7.021375753988e-05
2.615202620750e-05 1.413658103855e-03 3.344370820045e-05
4.026152026208e-03 1.413658103855e-03 3.344370820045e-05
2.462471781644e-03 1.845715645235e-03 1.541348819827e-05
3.340673769872e-03 1.871589995335e-03 1.829169789479e-05
5.221313024444e-04 1.799565286079e-03 1.000000000000e-04
8.484711409159e-04 1.712084462325e-03 1.286224653329e-05
2.696027414600e-03 1.788290611901e-03 4.486233332810e-05
1.498914919902e-03 1.829970033231e-03 6.139755726272e-05
1.161588240701e-03 1.585953438726e-03 2.414822351742e-05
3.432010136680e-04 1.564811905542e-03 6.112172856333e-05
2.474509626966e-03 1.964929838593e-03 1.000000000000e-04
6.399890198682e-04 1.835329154283e-03 2.316450716527e-05
3.332039029500e-03 1.916024066181e-03 2.543989377825e-05
2.805333690068e-03 1.889954011847e-03 3.715812550208e-05
3.958494650141e-03 1.527940332991e-03 3.746876278412e-05
2.942723578439e-03 1.903404068209e-03 2.616247891931e-05
3.769772130235e-03 1.750172843317e-03 2.542262162797e-05
3.815359931752e-03 1.754899528520e-03 2.040956357145e-05
1.512654685575e-04 1.390789750515e-03 2.640314382342e-05
7.193847302900e-05 1.571502983140e-03 8.405162825961e-05
4.071938473029e-03 1.571502983140e-03 8.405162825961e-05
1.015254314067e-03 1.696577339206e-03 2.781538922124e-05
1.147239309180e-03 1.660151004211e-03 5.142406346452e-05
3.149206782070e-03 1.987309856671e-03 4.699350666836e-05
3.876785301494e-03 1.683938701672e-03 1.260395368823e-05
3.965516101383e-03 1.586969597299e-03 2.197663083320e-05
1.664961873085e-03 1.716024220396e-03 2.813448891074e-05
1.419379356423e-03 1.923375021174e-03 5.838919096852e-05
2.623089646007e-03 1.993112120238e-03 5.122917396103e-05
2.287659984781e-03 1.880056055503e-03 5.129411394853e-05
4.481832129255e-04 1.580994143836e-03 4.510033598609e-05
7.862007356543e-04 1.786313676904e-03 8.402727647333e-05
2.871143457000e-03 1.967225893309e-03 6.374952172780e-05
2.565592795163e-03 2.081859909720e-03 4.821870685722e-05
2.067127202155e-03 1.776963547015e-03 6.071215973885e-05
3.299348421069e-03 1.944118107676e-03 1.641686222486e-05
3.976673155100e-04 1.637986616147e-03 3.009842440976e-05
3.083153306172e-03 2.016565755906e-03 2.524892766364e-05
2.497459019682e-03 2.079392308345e-03 1.674044546614e-05
1.068422573185e-03 1.666957508551e-03 2.768602675389e-05
2.663331241571e-03 2.090594633941e-03 4.990926730689e-05
3.727821689314e-03 1.820111916246e-03 5.070094014741e-05
6.172711488758e-04 1.875596690100e-03 2.178819637544e-05
2.758419624236e-03 1.987074356140e-03 5.070843539955e-05
3.277130008938e-03 2.059716617615e-03 1.000000000000e-04
3.824918109116e-04 1.799565286210e-03 3.963949153279e-05
2.210228067441e-03 1.889910260906e-03 2.676232196275e-05
9.884807426288e-04 1.750733972694e-03 3.172677842041e-05
1.177263769367e-03 1.743458525979e-03 3.704306624060e-05
3.820779113927e-03 1.820111916246e-03 4.225648446564e-05
3.108757133151e-03 2.114138401145e-03 7.562712031040e-05
3.213295005725e-03 2.243976223795e-03 9.106429216452e-05
3.553646117099e-03 1.780877549274e-03 4.633295229583e-05
9.378514824283e-04 1.766570188388e-03 2.132138569457e-05
1.672504688905e-03 1.790969029353e-03 4.623160295100e-05
3.109192786627e-03 2.295957073685e-03 2.529412298631e-05
1.837636800228e-03 1.697351611722e-03 4.874263417327e-05
1.547146872713e-03 1.957332369762e-03 7.381383374017e-05
2.257802186666e-04 1.662432973165e-03 9.157901125972e-05
2.607940473050e-03 2.132133535075e-03 1.751380586499e-05
6.939287999684e-04 1.854101593717e-03 3.046862642804e-05
1.062814358743e-03 1.719213380540e-03 2.485669272695e-05
7.444885106842e-04 1.913248506187e-03 4.734295113194e-05
8.998162123045e-04 1.803695047469e-03 3.091004808733e-05
9.900599523877e-04 1.860436028764e-03 7.568953719590e-05
1.899809910838e-03 1.737519727543e-03 2.527745236803e-05
2.131879069982e-03 1.870954202830e-03 5.158667549621e-05
6.571304977028e-04 1.889292198807e-03 2.035838886775e-05
3.140926640980e-03 2.335932093712e-03 2.574546692408e-05
2.474058730622e-03 2.179616565781e-03 8.570234740866e-05
3.647062114617e-03 1.835367641651e-03 3.148693038594e-05
8.358981561157e-05 1.717844202236e-03 6.102673905169e-05
3.394089672395e-03 2.059716617615e-03 1.695966345713e-05
1.434817170815e-03 2.072893350388e-03 8.734541101995e-05
2.233598111504e-03 1.964390528538e-03 4.888068070675e-05
3.428621789637e-03 2.146983827060e-03 7.482941818783e-05
1.765898446619e-03 1.790969029446e-03 4.716215476300e-05
3.926686826735e-03 1.572606756688e-03 1.729420904080e-05
2.001643564325e-03 1.905487795168e-03 8.314957030827e-05
1.208586293606e-03 1.846129990764e-03 3.775944512396e-05
2.114758407696e-03 1.974535060708e-03 4.937398484104e-05
6.090790073039e-04 1.980027175393e-03 8.231479022754e-05
2.362730234145e-03 1.889473647952e-03 2.436454971282e-05
2.601408606861e-03 2.194384578520e-03 4.250094887633e-05
7.270682841998e-04 1.996291121610e-03 3.679014421668e-05
3.475361424044e-03 1.804842821819e-03 3.553784503012e-05
-1.405818416505e-05 1.619117143828e-03 1.424655761684e-05
3.985941815835e-03 1.619117143828e-03 1.424655761684e-05
3.021707017086e-04 1.828109001821e-03 4.560265933435e-05
3.326579859347e-03 2.268099675522e-03 2.476057124268e-05
2.971389474501e-03 2.009939909716e-03 4.521722192573e-05
3.055919319609e-03 2.372803720326e-03 6.691391757564e-05
2.688343508839e-03 2.194384578596e-03 4.443395310130e-05
2.816599285242e-03 2.033851715016e-03 2.235545368568e-05
2.896705787984e-03 2.103413989509e-03 7.442832385337e-05
1.278386762041e-03 2.101698032500e-03 7.171489987138e-05
2.182810699361e-03 2.069836428677e-03 6.773052035739e-05
1.716328290591e-03 1.919400902204e-03 8.947121215920e-05
3.163398801375e-03 2.417355088944e-03 4.943325018699e-05
2.818606567047e-03 2.257737765814e-03 9.853212319773e-05
1.131377226407e-03 1.846129990830e-03 3.944962207463e-05
3.397564089439e-03 2.281090159012e-03 4.740253278620e-05
1.173467082019e-03 2.101698032500e-03 3.320478015073e-05
3.334089793682e-03 2.319109485291e-03 2.658702994117e-05
2.956633572947e-03 2.372803720326e-03 3.237182908654e-05
2.696770139891e-03 2.275995117840e-03 2.466465389172e-05
3.244803631789e-03 2.417355088944e-03 3.197158022704e-05
1.859204842248e-03 1.797146778172e-03 4.634852935683e-05
2.314912283443e-03 2.134862430325e-03 7.950809348831e-05
1.868128305683e-03 1.993334753046e-03 7.667349529426e-05
3.221239133779e-03 2.485816768430e-03 4.019099659190e-05
2.565508919078e-03 2.283023070807e-03 5.234127703712e-05
3.896741520211e-03 1.846064075160e-03 3.801680947966e-05
3.825516324149e-03 1.952820666746e-03 9.031868210895e-05
3.128311188388e-03 2.524785361368e-03 6.057682699401e-05
1.616691037792e-03 2.117839980307e-03 1.000000000000e-04
3.746664091670e-04 1.893734105807e-03 5.218426143234e-05
3.527656215887e-03 1.867964101885e-03 4.454907348850e-05
3.647221775626e-03 2.019395847758e-03 1.000000000000e-04
8.233224153985e-04 2.030790927763e-03 6.546001176092e-05
3.779520574189e-03 2.089586229642e-03 4.976535584127e-05
1.506733790196e-03 2.143416689256e-03 1.289271163266e-05
3.577206860054e-03 2.178138927532e-03 7.349770539846e-05
-3.782102716711e-05 1.717844202236e-03 6.038410372699e-05
3.962178972833e-03 1.717844202236e-03 6.038410372699e-05
8.799485745154e-04 1.869466376478e-03 3.479151419658e-05
2.058094950765e-03 2.109551242061e-03 6.315601199013e-05
2.696435352023e-03 2.371493541322e-03 6.839954618197e-05
2.487160377866e-03 2.292981954356e-03 2.663766491297e-05
3.293587793858e-03 2.485816768430e-03 3.215766348711e-05
3.246641612383e-03 2.615518546496e-03 8.853588247929e-05
4.555141235249e-04 1.990726329738e-03 7.162235744577e-05
3.720677237359e-03 2.197612382909e-03 7.128822150145e-05
2.208993274240e-03 2.165332635928e-03 3.070656043781e-05
3.123917130502e-03 2.619619019051e-03 3.425708282507e-05
2.127754288316e-03 2.221354114763e-03 6.797565135743e-05
1.796248739567e-03 2.128891211613e-03 7.676126440536e-05
1.970016708292e-03 2.014731650431e-03 2.743737735552e-05
1.699014712934e-04 1.786864144683e-03 4.482315460815e-05
1.089659345258e-03 1.905416417827e-03 3.304356404480e-05
6.959963309402e-04 2.074933134689e-03 4.637772026955e-05
8.618328885253e-05 1.833207605679e-03 5.086618883335e-05
3.031736674917e-03 2.619619019051e-03 5.792337275983e-05
2.402974529570e-03 2.307241177920e-03 5.874724306230e-05
2.885757266005e-03 2.375354613238e-03 3.690398413165e-05
2.244835817850e-03 2.222596350755e-03 3.277704276757e-05
3.377584592487e-03 2.615518546496e-03 4.240709762464e-05
-1.021068616549e-05 1.896721385029e-03 6.457123398585e-05
3.989789313835e-03 1.896721385029e-03 6.457123398585e-05
1.361786699943e-03 2.246905211321e-03 9.573859941479e-05
1.946957351122e-03 2.076125408100e-03 3.764321813402e-05
5.801787515033e-04 2.164446962027e-03 1.000000000000e-04
2.010678201906e-03 2.232217792765e-03 4.960338380134e-05
1.121329627305e-03 2.101698032547e-03 1.893267456327e-05
-4.768707269157e-05 2.007593498805e-03 4.780243034178e-05
3.952312927308e-03 2.007593498805e-03 4.780243034178e-05
3.120361408021e-03 2.755515292774e-03 1.000000000000e-04
7.672309428570e-04 2.117780490534e-03 3.675028847500e-05
2.813463094160e-03 2.409012218173e-03 4.284112012332e-05
3.869040147058e-03 2.089586229642e-03 3.975421702784e-05
2.306329525246e-03 2.249620755731e-03 3.439285014277e-05
1.719210454786e-03 2.248775618336e-03 6.574195765420e-05
2.902362925398e-03 2.487733944395e-03 7.590352259220e-05
2.750604383858e-03 2.454594218057e-03 3.079726064123e-05
3.861295183872e-03 2.199332064967e-03 6.934024001279e-05
1.248786896694e-03 2.300956487043e-03 2.952311038246e-05
1.134655187936e-03 2.147416881235e-03 2.676668182852e-05
3.349554397080e-03 2.699170179452e-03 4.408627611512e-05
1.890372735217e-03 2.244910693045e-03 7.136981584470e-05
3.490890238166e-03 2.218833863528e-03 2.024837849770e-05
3.504814925345e-03 2.299905223458e-03 6.148616475722e-05
3.279835094386e-03 2.737977591022e-03 3.570593127915e-05
4.463903873748e-04 2.190851731934e-03 3.636912498805e-05
3.953846548190e-03 2.246424012892e-03 3.450294270295e-05
1.995487626875e-03 2.381047960658e-03 1.000000000000e-04
2.219152665209e-03 2.321588320135e-03 6.767300962028e-05
2.142421177893e-03 2.415857588088e-03 5.100059131159e-05
2.506801529889e-03 2.427327152059e-03 1.000000000000e-04
9.105597043769e-04 1.917037238260e-03 2.177727721746e-05
3.482560176918e-03 2.722676535632e-03 9.098069338912e-05
2.215472896400e-03 2.410980208240e-03 2.179458427555e-05
3.004766868700e-04 1.911307347657e-03 2.405833639618e-05
1.007888506107e-03 2.147416881235e-03 1.000000000000e-04
4.807403333412e-04 2.252747116764e-03 3.298464698305e-05
7.287893116006e-04 2.196015032142e-03 5.041852770534e-05
3.339928437101e-03 2.780789444814e-03 3.807797390253e-05
1.858764341237e-03 2.381047960658e-03 3.672328563863e-05
1.797682079106e-03 2.272748168565e-03 1.630972720271e-05
3.637219430418e-03 2.279512055519e-03 4.430730162401e-05
1.287167008273e-04 1.970514277341e-03 9.273804677130e-05
1.787474361191e-03 2.383882795011e-03 3.462303550455e-05
2.083226093726e-03 2.481279095039e-03 3.320780331789e-05
3.594698006221e-04 2.286794877430e-03 9.297483901257e-05
1.284415269048e-03 2.398583794350e-03 7.440220919176e-05
3.793557808613e-03 2.330621611690e-03 7.839363249397e-05
2.672081724522e-03 2.498568505743e-03 5.920021713823e-05
2.920683862081e-03 2.766884364160e-03 1.000000000000e-04
3.022754148971e-03 2.871368697555e-03 4.606614731349e-05
5.193202428686e-04 2.368075592829e-03 8.635368237257e-05
8.661499135768e-04 2.129565176929e-03 4.219939051532e-05
3.661076120693e-03 2.790541718644e-03 1.000000000000e-04
3.126610151475e-03 2.927635624083e-03 7.205259073511e-05
1.861816777570e-03 2.493422756188e-03 7.463101278014e-05
2.317849504391e-03 2.345943129917e-03 3.398436996541e-05
2.698656169087e-04 1.986729185515e-03 4.933918489535e-05
2.920020668398e-05 2.071743669457e-03 4.921589799512e-05
4.029200206684e-03 2.071743669457e-03 4.921589799512e-05
3.402734443468e-03 2.817414672431e-03 3.290418173618e-05
1.624259453396e-03 2.280558408022e-03 3.438715092659e-05
3.915324759013e-03 2.373172914177e-03 5.059397758219e-05
3.236152896305e-03 2.927632539475e-03 3.749015414117e-05
4.075332132461e-04 2.401358077933e-03 3.028277764995e-05
-1.447642267361e-05 2.389366756755e-03 2.144847261199e-05
3.985523577326e-03 2.389366756755e-03 2.144847261199e-05
1.667751978924e-03 2.350675194462e-03 4.812323337456e-05
3.848868545306e-03 2.438090406674e-03 4.230763258966e-05
2.936497239253e-03 2.921778375247e-03 5.384075975983e-05
2.344827402828e-03 2.440724892780e-03 6.252728168957e-05
1.559607810967e-03 2.350675194555e-03 6.002093458219e-05
3.296482068621e-03 2.927632539554e-03 2.283901817597e-05
8.309467520388e-04 2.216093148173e-03 5.121555684249e-05
3.470668908034e-03 2.854674141168e-03 4.155145419314e-05
2.807185896059e-03 2.921658489114e-03 7.547063902883e-05
2.710093259228e-03 2.946511344102e-03 2.470092028970e-05
1.370135146691e-03 2.416269880885e-03 1.312318758013e-05
1.475984451134e-03 2.350675194555e-03 2.360242525151e-05
2.145555331905e-03 2.501686193676e-03 3.237713097934e-05
1.441619391227e-03 2.423772049953e-03 5.716952292005e-05
2.027298424864e-03 2.506303413311e-03 2.806307597517e-05
4.389629975706e-04 2.445814821154e-03 2.416199584071e-05
1.144936553590e-03 2.241201480525e-03 6.606540393139e-05
1.046567187743e-03 2.282808425888e-03 4.074129080101e-05
1.719096343896e-03 2.436426851857e-03 5.161170899618e-05
1.571157509905e-03 2.512778424691e-03 1.000000000000e-04
2.579586199550e-03 2.557495225477e-03 4.913529252034e-05
1.446938265510e-04 2.163362900802e-03 9.820479180891e-05
2.241831485894e-03 2.468642725535e-03 4.160684426397e-05
3.910644445657e-03 2.457660653183e-03 2.249403723924e-05
3.389354538848e-03 2.930537163188e-03 6.965657045504e-05
3.555186510750e-04 2.403117786239e-03 2.176154241640e-05
2.106844777811e-04 2.309647332768e-03 5.755524770736e-05
1.113308649213e-03 2.432327760026e-03 1.000000000000e-04
3.434815346342e-04 2.525184156836e-03 1.000000000000e-04
3.846656923705e-03 2.865105554070e-03 1.000000000000e-04
1.686969282915e-03 2.561184794501e-03 2.552108749397e-05
3.021269476713e-03 2.970649032056e-03 4.173023449632e-05
3.460403730236e-03 2.966828055101e-03 1.012448263879e-05
1.963039808859e-03 2.501832744905e-03 2.506728189184e-05
9.863172552012e-04 2.469355936197e-03 3.227962799944e-05
3.075127753875e-03 2.999182859212e-03 1.609185955737e-05
3.210297276533e-03 2.993936637180e-03 3.367593790684e-05
2.095897425185e-03 2.550645051624e-03 3.730601500066e-05
8.542725445255e-04 2.477235934054e-03 1.000000000000e-04
1.775290265357e-03 2.630622198305e-03 8.682725021804e-05
1.940647568073e-03 2.648725519241e-03 7.951807670894e-05
1.855113056873e-03 2.744514336282e-03 4.890174293081e-05
3.671292941101e-05 2.257829572542e-03 4.526585402784e-05
4.036712929411e-03 2.257829572542e-03 4.526585402784e-05
1.930688422525e-03 2.755722516133e-03 2.750021508810e-05
1.982765494529e-03 2.755722516133e-03 2.457685691571e-05
1.753756588812e-03 2.774199272247e-03 5.671231409236e-05
3.303353806802e-03 3.056214671592e-03 7.829759198261e-05
1.243181543900e-03 2.545701079890e-03 7.239628311335e-05
2.725217145034e-03 3.053640615275e-03 7.989395728752e-05
9.769607811317e-04 2.547053643538e-03 4.116272864680e-05
1.640673158605e-03 2.639556703017e-03 4.458615863725e-05
3.462621388410e-03 3.042158735036e-03 6.386274105607e-05
1.434761466031e-03 2.517655018708e-03 3.648319293545e-05
1.461420198511e-03 2.574736429148e-03 2.602012469594e-05
1.372168603130e-03 2.601101304401e-03 6.704412152764e-05
1.824432027605e-03 2.813404525744e-03 2.410890558611e-05
1.878891632724e-03 2.830257370122e-03 3.289869876061e-05
3.714307614735e-03 2.919657374018e-03 3.965831310963e-05
2.953384978634e-03 3.013544652141e-03 3.857131780461e-05
3.965115873778e-03 2.432980044500e-03 2.670330027368e-05
6.724341997490e-04 2.303363920757e-03 6.676027450778e-05
1.788772497127e-03 2.859022069824e-03 3.379241082153e-05
9.147873222055e-04 2.621762957098e-03 5.603305586807e-05
2.399751122322e-03 2.548368985967e-03 5.831917362113e-05
1.496848077829e-03 2.649414590360e-03 5.553563406573e-05
1.155969823138e-04 2.319139880552e-03 3.800489177391e-05
8.047368849111e-04 2.626306828615e-03 5.410623167613e-05
1.937880492449e-04 2.593284274877e-03 6.445596871266e-05
2.896889887052e-04 2.693007005788e-03 7.389725043937e-05
1.048040184457e-04 2.628767419534e-03 3.134179374564e-05
1.583432544952e-03 2.730495285605e-03 6.286761586388e-05
1.447542472523e-03 2.777441110245e-03 8.090311215699e-05
3.653527263702e-03 2.919657374018e-03 2.112203792347e-05
1.275546962170e-03 2.813701146840e-03 9.480711397457e-05
1.661189616000e-03 2.800330899117e-03 3.947243718639e-05
8.569884094202e-04 2.771284440408e-03 1.000000000000e-04
1.844515407983e-03 2.880752526706e-03 2.603638548134e-05
1.556092961156e-03 2.829810792183e-03 3.961988219962e-05
1.045960501459e-03 2.557423086129e-03 2.861181359420e-05
3.538737172199e-03 2.831582620292e-03 2.903942779938e-05
2.293570780218e-03 2.529626063789e-03 3.836766493612e-05
1.096330373622e-03 2.567925540003e-03 2.284132585370e-05
1.708267674664e-03 2.839196938669e-03 2.157600782240e-05
1.391336037635e-03 2.895216908830e-03 4.679772361887e-05
1.478647264264e-04 2.670340272480e-03 2.524675334851e-05
1.066017292072e-03 2.639331648764e-03 5.473260843774e-05
9.866163163692e-04 2.693228676318e-03 4.123303396514e-05
3.610365328925e-03 2.919657374018e-03 2.203989685321e-05
3.046920722126e-03 3.115539965966e-03 9.981935873422e-05
2.853930836958e-03 3.179317268685e-03 1.000000000000e-04
2.663538669932e-03 3.216613643873e-03 9.232308120835e-05
2.485976391984e-03 3.290504137249e-03 1.000000000000e-04
7.227734750776e-04 2.626342245976e-03 2.785718632443e-05
1.060900120551e-03 2.747919594227e-03 5.101218306751e-05
3.543428981406e-03 2.919657374018e-03 4.489645066599e-05
3.212478029910e-03 3.195641448809e-03 8.407120921517e-05
3.562461176322e-03 3.042158735036e-03 3.597704685611e-05
1.520398412897e-03 2.965163129452e-03 1.000000000000e-04
2.785981920420e-03 3.367420814991e-03 1.000000000000e-04
1.713728867191e-03 2.926681014071e-03 6.607835928361e-05
3.534872966176e-03 3.102531421037e-03 3.029219351807e-05
1.098410263661e-03 2.894842628772e-03 1.000000000000e-04
1.385255326097e-03 3.003607104546e-03 3.982856566449e-05
3.397894994009e-03 3.107173120483e-03 2.787807018548e-05
3.359713492550e-03 3.157836800189e-03 3.556194475029e-05
1.427923435262e-03 3.142500017546e-03 1.000000000000e-04
1.247271892465e-03 3.028409857777e-03 1.000000000000e-04
8.887042648662e-05 2.701667103673e-03 4.154918798052e-05
1.958172200306e-03 2.777693199764e-03 7.685989315139e-06
3.770378710783e-03 2.992988681882e-03 4.890419787690e-05
3.663808018732e-03 2.987296303372e-03 4.475278782229e-05
9.502842206513e-04 2.886630272807e-03 4.835353443304e-05
4.074293632380e-04 2.748772680668e-03 5.638170522842e-05
2.650713322854e-03 3.376977631428e-03 3.560577513542e-05
3.346515359779e-03 3.256925877488e-03 6.331192151395e-05
2.321482741292e-03 2.600154002833e-03 3.552978716596e-05
1.646627448031e-03 2.998693159090e-03 3.060640740932e-05
1.267995663424e-03 3.195663443993e-03 6.853265447553e-05
1.866851730472e-04 2.709996558668e-03 3.024782395503e-05
1.940305532409e-03 2.831630843409e-03 2.853055732628e-05
1.891609371833e-05 2.432980044500e-03 2.709691966715e-05
4.018916093718e-03 2.432980044500e-03 2.709691966715e-05
2.262926657326e-03 2.600154002833e-03 2.302629680007e-05
1.919726438879e-03 2.912680977773e-03 5.509134991740e-05
6.579148085219e-04 2.439751050966e-03 6.967780460287e-05
4.665692370520e-05 2.865105554070e-03 1.000000000000e-04
4.046656923705e-03 2.865105554070e-03 1.000000000000e-04
2.564854712154e-03 3.431476220765e-03 6.153921432447e-05
9.911497489463e-04 2.935112676726e-03 1.457091637847e-05
2.036383067334e-03 2.556689591318e-03 2.251451032708e-05
1.594079300222e-04 2.897652242218e-03 1.735449004981e-05
3.944659289175e-03 2.966006606752e-03 4.066089033583e-05
1.164559827129e-03 3.224416975336e-03 3.712303935338e-05
3.453575861434e-03 3.256900905211e-03 4.374858517937e-05
2.041297748402e-03 2.925403920947e-03 6.714390106242e-05
3.072040540695e-03 3.314635233606e-03 1.000000000000e-04
1.966953027789e-03 2.974921813055e-03 2.218223801169e-05
2.272449308657e-03 2.687202271893e-03 6.437856414793e-05
1.350493813233e-03 3.231784376242e-03 1.759625729877e-05
1.842191520038e-05 3.007553862840e-03 4.399783329340e-05
4.018421915200e-03 3.007553862840e-03 4.399783329340e-05
5.500290559657e-04 2.506447833312e-03 5.538519069397e-05
1.037682758316e-03 3.221467241191e-03 8.935121633113e-05
2.672983513028e-03 3.474554798242e-03 5.485495014073e-05
3.190198808107e-03 3.294131795221e-03 1.681540223156e-05
2.166377438604e-03 2.687202271893e-03 4.169330590547e-05
1.340951399959e-03 3.302042612272e-03 5.330704768758e-05
3.643653735821e-03 3.086479782819e-03 5.645767465544e-05
3.257115282613e-03 3.393594845316e-03 1.000000000000e-04
3.420138468012e-03 3.349837449890e-03 5.502014314203e-05
2.410076902050e-03 2.719701718252e-03 7.703419509550e-05
2.603693886634e-03 3.505100972433e-03 2.038588701994e-05
2.630286606338e-03 3.547203524464e-03 2.941168562748e-05
3.958190130405e-03 3.025075504629e-03 1.873075532961e-05
1.837977760468e-03 2.938854973642e-03 3.074526512350e-05
4.734781361172e-04 2.548416540870e-03 3.191552948484e-05
2.117559482184e-03 2.963624601040e-03 1.815951285687e-05
3.242972551439e-04 2.813063961558e-03 4.871023639716e-05
1.217443580114e-03 3.327682475611e-03 7.283413253963e-05
3.131994031017e-03 3.425549613981e-03 2.608102931129e-05
1.064858895302e-03 3.408858097649e-03 1.000000000000e-04
3.741109370360e-03 3.077992821081e-03 4.099795988318e-05
1.709549438410e-03 3.037255946118e-03 4.319241319549e-05
1.305118552680e-03 3.385009664395e-03 3.191947502870e-05
3.395486629735e-03 3.452202399356e-03 5.027134941368e-05
6.089653891756e-04 2.630256165543e-03 8.173517432179e-05
4.824429115128e-04 2.654397629516e-03 4.706990180767e-05
3.083065686561e-03 3.439264477114e-03 2.328579098539e-05
1.805694819986e-03 3.037151023455e-03 5.295302714024e-05
3.900466132842e-03 3.034707538649e-03 3.979134283900e-05
3.821642649808e-03 3.077992821081e-03 3.953531956465e-05
1.469132166845e-04 2.935266426656e-03 2.228065511613e-05
3.487317080156e-03 3.125957464579e-03 2.272046356624e-05
2.969197912701e-03 3.204903879551e-03 1.807274655174e-05
2.947950879242e-03 3.450789085206e-03 8.097653959036e-05
2.313086490377e-03 2.787228532079e-03 4.114791244289e-05
1.203762159062e-03 3.443354050495e-03 4.181244695113e-05
5.309591022985e-04 2.731946131982e-03 4.440463564959e-05
2.771265802161e-03 3.520240732441e-03 5.352684505959e-05
2.481029929871e-03 3.455107613439e-03 2.555290322248e-05
2.098786285014e-03 3.082350255152e-03 1.000000000000e-04
2.502828632707e-03 3.545704928182e-03 6.763003694292e-05
4.837782180663e-04 2.793907747726e-03 3.231058255313e-05
-2.642701075805e-05 3.102450430229e-03 5.987666512926e-05
3.973572989242e-03 3.102450430229e-03 5.987666512926e-05
3.709172768944e-03 3.134899054754e-03 2.425743024511e-05
1.877362963695e-03 2.985454210541e-03 2.911439476255e-05
1.162269663786e-04 2.970916496551e-03 2.475734485621e-05
3.472851036186e-03 3.482501195572e-03 2.961374543189e-05
1.614985971707e-03 3.057853792456e-03 3.203120741155e-05
2.380205601983e-03 2.835560114826e-03 4.156192393496e-05
1.158202189275e-03 3.494440371932e-03 2.663848701194e-05
4.307507405169e-04 2.893832265631e-03 8.081245954591e-05
3.874955676099e-03 3.144888578432e-03 4.600602204165e-05
2.597110603090e-03 3.626462366030e-03 5.651047030588e-05
3.069415058887e-03 3.519369125893e-03 5.787354761658e-05
3.156646822839e-03 3.475508143256e-03 2.962910599183e-05
2.221907592855e-03 2.790696412158e-03 5.009690957753e-05
3.428402504351e-03 3.537139552156e-03 4.082079524354e-05
2.872033277130e-03 3.564599266910e-03 5.271059577912e-05
3.784904121774e-03 3.139755041690e-03 3.232768438441e-05
2.985939506991e-03 3.549793535286e-03 2.506598505887e-05
9.105976814321e-04 3.404373162700e-03 4.601190116002e-05
1.929119726471e-03 3.001721343604e-03 2.418125545313e-05
3.942305067527e-03 3.204015165666e-03 4.361481171798e-05
2.271671051076e-04 3.027983831467e-03 1.000000000000e-04
3.581204308581e-03 3.175240695907e-03 5.207080388742e-05
2.299878569746e-03 2.878532312661e-03 4.953715341888e-05
2.342602199922e-03 3.291018605415e-03 4.337511512702e-05
1.750699599064e-03 3.142774327864e-03 6.609742496015e-05
3.164194027673e-03 3.538625482095e-03 3.393792084225e-05
7.168995710067e-04 2.706158236533e-03 5.021524056275e-05
3.496607353429e-03 3.581745604749e-03 4.067523252267e-05
9.215904916724e-05 3.036781763560e-03 3.529441517632e-05
2.374915277822e-03 3.361597606363e-03 3.173288388527e-05
3.497030939327e-04 3.057122475043e-03 2.595288447190e-05
2.802331418754e-03 3.587662675031e-03 2.070786178092e-05
3.318139413724e-05 3.223016749280e-03 4.895464300522e-05
4.033181394137e-03 3.223016749280e-03 4.895464300522e-05
6.406924029751e-04 2.745006264376e-03 3.532248051178e-05
3.329425865221e-03 3.533994415436e-03 5.399993074416e-05
6.923007821374e-04 2.784299879462e-03 2.954209368967e-05
2.697293622024e-03 3.558752009862e-03 2.956168486015e-05
2.375408551629e-03 3.554011275372e-03 6.006051299647e-05
5.854379307236e-04 2.820950432500e-03 5.859542713071e-05
1.954236805147e-03 3.082350255152e-03 4.454947986752e-05
8.116933332174e-04 3.413399828270e-03 5.330356485661e-05
3.726117661986e-03 3.235588392676e-03 7.784777124493e-05
9.515038033338e-04 3.463376099703e-03 2.578415340943e-05
3.020555658965e-03 3.589681129975e-03 2.774782231280e-05
1.991802421758e-03 3.148395178542e-03 2.572779685801e-05
5.640188763177e-04 2.944945328872e-03 6.192135303453e-05
3.275096276214e-04 3.101393546282e-03 2.356961239111e-05
4.121534525205e-04 3.138206671640e-03 6.873305979218e-05
6.887249906225e-04 3.406850618484e-03 6.674960385428e-05
2.245741136790e-03 3.150934970542e-03 6.217148838674e-05
4.816129070133e-04 3.001718376764e-03 3.814823647136e-05
1.101107978007e-04 3.118142251731e-03 4.775222443298e-05
2.475283283068e-03 3.705197863985e-03 8.854360285613e-05
2.962586668256e-03 3.600184108170e-03 2.989015601619e-05
1.912715760733e-03 3.176605408683e-03 5.823956011334e-05
2.028980539454e-03 3.189823080233e-03 2.815322954930e-05
3.388177435216e-03 3.606061158052e-03 3.898052983094e-05
2.087042289047e-03 3.219328914171e-03 3.697557361934e-05
3.235957058139e-03 3.599105503281e-03 5.991180363007e-05
1.231810723041e-03 3.549432829367e-03 5.657823316291e-05
-3.671164305965e-05 3.311072910695e-03 6.346834421084e-05
3.963288356940e-03 3.311072910695e-03 6.346834421084e-05
2.351605380274e-03 3.692794714117e-03 3.567434845535e-05
2.344367171159e-03 3.799433455866e-03 7.120983219429e-05
2.764956152752e-03 3.592983617045e-03 1.685988520307e-05
1.618739480857e-03 3.157147835546e-03 6.664319003657e-05
1.129317140554e-03 3.561807047193e-03 4.665974619439e-05
2.026240743894e-03 3.252833302519e-03 3.244612278451e-05
3.044949168871e-04 3.164660208141e-03 4.212788864403e-05
3.012001801069e-03 3.650614137324e-03 3.378265843005e-05
2.714601221923e-03 3.660197439787e-03 6.572176723841e-05
3.124519862152e-03 3.590874836815e-03 3.166729690001e-05
1.366287906901e-03 3.386568511394e-03 2.926975966501e-05
7.575591526013e-04 3.505813320912e-03 5.379817346584e-05
1.957154679510e-03 3.261176787311e-03 3.714193675538e-05
2.185067261193e-03 3.862173318642e-03 1.000000000000e-04
8.945147690383e-04 3.575209072501e-03 9.973255080988e-05
3.136858315094e-03 3.712918907376e-03 9.099903001107e-05
2.055463782708e-03 3.893332170106e-03 3.329650473218e-05
3.841985707045e-03 3.235588392676e-03 3.802027381445e-05
1.983928209895e-03 3.926853695976e-03 4.570373337503e-05
3.372568000320e-03 3.740608965968e-03 9.646978186016e-05
2.953355165236e-03 3.672263659375e-03 2.873238167890e-05
2.089208735553e-03 -2.320116520239e-05 4.942516167549e-05
2.089208735553e-03 3.976798834798e-03 4.942516167549e-05
2.123518992948e-04 3.178758107505e-03 5.108738079974e-05
7.215238818271e-04 3.639757690608e-03 8.490899954608e-05
1.455191029244e-03 3.414571793031e-03 6.246908212166e-05
1.275515950195e-04 3.201197790475e-03 3.663166489154e-05
2.455603955456e-03 3.845272347294e-03 4.910175560139e-05
2.311673239327e-03 3.898432496820e-03 2.504990773023e-05
2.168065782348e-03 -1.488833696264e-05 2.410837279895e-05
2.168065782348e-03 3.985111663037e-03 2.410837279895e-05
1.090446318528e-04 3.331108088383e-03 8.282936663623e-05
-1.201057492464e-05 3.470941542343e-03 9.829734419883e-05
3.987989425075e-03 3.470941542343e-03 9.829734419883e-05
2.820793929299e-03 3.646863256124e-03 4.130482945759e-05
3.595090548008e-03 3.295002688308e-03 6.602079072389e-05
2.889595634816e-03 3.681399106577e-03 3.567829383250e-05
2.630448285794e-03 3.706808289046e-03 3.047736381090e-05
2.688206810252e-03 3.823805166375e-03 1.000000000000e-04
3.515929004494e-03 3.364932312255e-03 3.960450111880e-05
2.292067137351e-03 3.951779912385e-03 3.178622539973e-05
3.845908784555e-03 3.472121099995e-03 4.378823320259e-05
2.547519662975e-03 3.848736544826e-03 4.287949618600e-05
1.182129947325e-03 3.638445966451e-03 4.367335272352e-05
1.044931210735e-03 3.624809745123e-03 5.865110659458e-05
3.580421408902e-03 3.588265823030e-03 4.339204244263e-05
2.175312721000e-04 3.357361047776e-03 2.878859333888e-05
1.004165749633e-03 3.715779365648e-03 4.103507612461e-05
1.482770782582e-04 3.472114413193e-03 6.048735705455e-05
1.124252244453e-03 3.697788111078e-03 3.810480279835e-05
2.617413295750e-03 3.929332361137e-03 2.707369155295e-05
3.246935894239e-03 3.768099199698e-03 3.213503613456e-05
2.888092892504e-03 3.817069063652e-03 1.000000000000e-04
1.834788234401e-03 3.163896349995e-03 2.060343156513e-05
3.529963413834e-04 3.260972992686e-03 6.570782271741e-05
2.366911693229e-03 3.910316773888e-03 3.145251239602e-05
2.870860733552e-04 3.357361047776e-03 4.076620791624e-05
3.810362952317e-03 3.295756408089e-03 2.567739005276e-05
2.538418808478e-03 3.944559805880e-03 5.337512303516e-05
9.718393971170e-05 3.567758999409e-03 4.763790084393e-05
8.894901490093e-04 3.755049513494e-03 8.017820011539e-05
5.182871658902e-04 3.143445118683e-03 3.752985208709e-05
2.439060701273e-03 3.939061290711e-03 4.613508375579e-05
4.353543204022e-04 3.294951388966e-03 2.338408556733e-05
3.528960528176e-03 3.687750253410e-03 6.861412878284e-05
3.506835180658e-03 3.857946206203e-03 8.184380389607e-05
3.608780934357e-04 3.391567015129e-03 4.056835072990e-05
1.805652472538e-03 3.299518447013e-03 1.000000000000e-04
2.416241866530e-04 3.406498843014e-03 2.593792173876e-05
1.942346564469e-03 3.341590563726e-03 4.302215833049e-05
6.012053854190e-04 3.654903321396e-03 2.658101853229e-05
7.686151848317e-04 3.775881169743e-03 2.370728041189e-05
2.377269466163e-03 3.959709896798e-03 1.901497023377e-05
3.029737215182e-03 3.794213175119e-03 4.347686910734e-05
9.969699195316e-04 3.788818920530e-03 3.235823669907e-05
3.106977922555e-03 3.857374854570e-03 5.630062249002e-05
1.340985251827e-03 3.483534451284e-03 7.094312106189e-05
4.933610599632e-04 3.301524499930e-03 3.499388649615e-05
6.224039342464e-04 3.722328547194e-03 4.409813293557e-05
2.027752901144e-04 3.608227393861e-03 6.544283987107e-05
3.009393290573e-03 3.925625838852e-03 6.278326766913e-05
4.839789844871e-04 3.449620187483e-03 9.553455224412e-05
5.108470291891e-04 3.704295876947e-03 6.890743783555e-05
1.653098213902e-03 3.271300795848e-03 5.255425715389e-05
3.252437584814e-04 3.601014338769e-03 5.723803693224e-05
1.815318976953e-05 3.604719076004e-03 3.801238956669e-05
4.018153189770e-03 3.604719076004e-03 3.801238956669e-05
1.439754008227e-03 3.510654990806e-03 3.148146063276e-05
1.410331380807e-03 3.640567851752e-03 1.000000000000e-04
6.760386822147e-04 3.827795917987e-03 7.422419811061e-05
3.236303081018e-03 3.873758553087e-03 7.405827721222e-05
2.787052484043e-03 3.942716580013e-03 4.480096438547e-05
1.538744656809e-03 3.223063325917e-03 3.701019499417e-05
1.589419226269e-03 3.729730081797e-03 1.000000000000e-04
8.457695020594e-05 3.669125255909e-03 5.450937634891e-05
3.312526223310e-03 3.955432011780e-03 2.987750277761e-05
1.657607017234e-04 3.696079075136e-03 2.988818840963e-05
3.873093756383e-03 3.557538756014e-03 4.541455876583e-05
2.907100869845e-03 -1.937999627220e-05 3.865498951905e-05
2.907100869845e-03 3.980620003728e-03 3.865498951905e-05
7.974133254008e-04 3.844678445150e-03 4.831899496499e-05
3.382542847728e-03 3.888748671265e-03 4.033242298395e-05
9.623738394201e-04 3.870577584612e-03 5.641896948474e-05
-3.463583639983e-05 3.705241061066e-03 6.760672501051e-05
3.965364163600e-03 3.705241061066e-03 6.760672501051e-05
3.678506329122e-03 3.330218900741e-03 2.452408299609e-05
1.468291358531e-03 3.748035383318e-03 2.210089835401e-05
1.192553594216e-03 3.718849564423e-03 3.337008227627e-05
3.658562906653e-03 3.592015165608e-03 3.483936096421e-05
1.276019421835e-03 3.671959487558e-03 3.793163931666e-05
1.403722894819e-03 3.805667857426e-03 6.444728877700e-05
5.789172709174e-05 3.759353938871e-03 3.958272466484e-05
1.254761633460e-04 3.740778550618e-03 2.799488265793e-05
3.833253714437e-03 3.722085618779e-03 6.557333644461e-05
3.613234591099e-03 3.887028170361e-03 2.845852671535e-05
8.777004959528e-04 3.881458897791e-03 2.895071179604e-05
1.310905840997e-03 3.821944104776e-03 2.940799469636e-05
3.752414730783e-03 3.720095531506e-03 1.529016588152e-05
2.678837455992e-03 -2.062075444375e-05 5.215774777402e-05
2.678837455992e-03 3.979379245556e-03 5.215774777402e-05
9.032498967820e-04 3.939018714666e-03 3.402347125887e-05
1.220039304497e-03 3.807340663045e-03 5.929133798604e-05
1.111268411389e-03 3.831630084447e-03 5.215718954218e-05
3.735404829649e-03 3.782657619648e-03 4.950653442616e-05
1.090018220769e-04 3.807785156233e-03 3.082927678043e-05
4.253302803103e-04 3.578754093713e-03 3.289155732765e-05
3.090754506944e-03 -1.771050637428e-05 2.685153532636e-05
3.090754506944e-03 3.982289493626e-03 2.685153532636e-05
1.497327014276e-03 3.824354538762e-03 3.100386758585e-05
3.907743216324e-03 3.815936761228e-03 5.229277821673e-05
4.109047339775e-04 3.653478632774e-03 4.321272662225e-05
2.106029404213e-04 3.792953266447e-03 7.184895294816e-05
1.333823631213e-03 3.908808722753e-03 6.014783751779e-05
8.473609167949e-05 -7.733730486278e-05 8.658328724373e-05
8.473609167949e-05 3.922662695137e-03 8.658328724373e-05
4.084736091679e-03 -7.733730486278e-05 8.658328724373e-05
4.084736091679e-03 3.922662695137e-03 8.658328724373e-05
1.467176730654e-03 3.880030938090e-03 3.228831644929e-05
1.541452024186e-03 3.883936162108e-03 4.190409846058e-05
3.795916422011e-03 -8.062899803689e-05 1.000000000000e-04
3.795916422011e-03 3.919371001963e-03 1.000000000000e-04
3.717129699082e-04 3.780523710657e-03 8.974017887621e-05
1.493223582513e-03 3.935556223693e-03 2.874017516076e-05
1.868604199434e-04 3.884590277543e-03 2.213297629879e-05
1.426806626566e-03 3.950195980715e-03 3.927110801310e-05
3.661975371641e-03 3.955286137357e-03 3.861064944954e-05
1.005216516463e-03 -1.226950263887e-05 6.832212493232e-05
1.005216516463e-03 3.987730497361e-03 6.832212493232e-05
-4.037291114907e-06 3.817565933324e-03 3.594175623246e-05
3.995962708885e-03 3.817565933324e-03 3.594175623246e-05
2.815537606708e-04 -6.911487687677e-05 8.326143373307e-05
2.815537606708e-04 3.930885123123e-03 8.326143373307e-05
7.493925604324e-04 -3.226551100142e-05 8.377499842324e-05
7.493925604324e-04 3.967734488999e-03 8.377499842324e-05
1.112807903207e-03 3.948746178267e-03 4.611432515662e-05
5.785823544745e-04 3.951299312694e-03 4.182096035288e-05
3.921441185615e-03 3.928950332098e-03 2.173095043922e-05
4.079399157112e-04 3.909607446133e-03 4.433099168597e-05
3.911039808845e-03 -1.125359513590e-05 3.441109763410e-05
3.911039808845e-03 3.988746404864e-03 3.441109763410e-05
-3.042537946469e-05 3.955159223495e-03 3.307538644881e-05
3.969574620535e-03 3.955159223495e-03 3.307538644881e-05
1.222576741297e-03 3.919785729977e-03 5.163930576027e-05
1.276727691250e-03 3.957756076720e-03 1.372191536346e-05
1.370629728733e-03 -8.215204046918e-06 3.062505504486e-05
1.370629728733e-03 3.991784795953e-03 3.062505504486e-05
1.925781250000e-03 3.628906250000e-03 3.874796865351e-05
7.617187500000e-04 3.121093750000e-03 7.261218937375e-05
2.121093750000e-03 3.503906250000e-03 2.708840373101e-05
2.480468750000e-03 3.019531250000e-03 6.178314354125e-05
3.621093750000e-03 2.503906250000e-03 6.291294585435e-05
2.644531250000e-03 2.753906250000e-03 1.501492558470e-05
1.832031250000e-03 3.800781250000e-03 4.660002177870e-05
1.753906250000e-03 3.542968750000e-03 3.409448348938e-05
3.878906250000e-03 2.621093750000e-03 4.995231856637e-05
1.707031250000e-03 3.941406250000e-03 3.721835236908e-05
2.183593750000e-03 3.355468750000e-03 8.488767102036e-05
2.199218750000e-03 3.636718750000e-03 2.462509354147e-05
2.558593750000e-03 2.855468750000e-03 2.931025184551e-05
1.636718750000e-03 3.441406250000e-03 1.000000000000e-04
1.894531250000e-03 8.007812500000e-04 2.141324430493e-05
3.441406250000e-03 2.464843750000e-03 4.946878875463e-05
2.066406250000e-03 3.683593750000e-03 3.594247364086e-05
2.730468750000e-03 2.660156250000e-03 1.000000000000e-04
9.335937500000e-04 3.050781250000e-03 8.428025896920e-05
1.980468750000e-03 3.488281250000e-03 4.021548830356e-05
1.730468750000e-03 8.164062500000e-04 3.145153364370e-05
7.304687500000e-04 2.941406250000e-03 9.530547505532e-05
6.210937500000e-04 3.246093750000e-03 6.228015657598e-05
3.699218750000e-03 3.457031250000e-03 5.600180861173e-05
1.972656250000e-03 3.785156250000e-03 3.292620559300e-05
8.554687500000e-04 3.269531250000e-03 1.499970934652e-05
1.785156250000e-03 3.667968750000e-03 6.435513236541e-05
1.777343750000e-03 3.710937500000e-04 3.274184355229e-05
3.906250000000e-06 2.550781250000e-03 7.462592185569e-05
4.003906250000e-03 2.550781250000e-03 7.462592185569e-05
3.738281250000e-03 2.605468750000e-03 9.230772577357e-05
2.332031250000e-03 3.019531250000e-03 9.375000000000e-05
1.367187500000e-04 2.449218750000e-03 2.763998397754e-05
3.398437500000e-04 2.105468750000e-03 1.130948385760e-05
3.449218750000e-03 1.972656250000e-03 3.346176949967e-05
1.621093750000e-03 3.632812500000e-04 3.780744673342e-05
1.222656250000e-03 6.445312500000e-04 4.402613511250e-05
2.230468750000e-03 3.527343750000e-03 2.693112609416e-05
1.191406250000e-03 1.964843750000e-03 4.820491676491e-05
2.996093750000e-03 2.230468750000e-03 3.814063684220e-05
1.855468750000e-03 3.480468750000e-03 5.183009512849e-05
1.824218750000e-03 3.925781250000e-03 2.428509765290e-05
3.464843750000e-03 2.460937500000e-04 5.948129447688e-05
2.667968750000e-03 2.847656250000e-03 6.614534516907e-05
7.617187500000e-04 3.277343750000e-03 9.033160758249e-06
