# 2D packing, generated 2026-09-21T18:09:36.545468+00:00
# generator = preprocess/generate_packing_gravity.py
# periodic axes = xy
# porosity_achieved = 0.325400  (target 0.325000)
# 769 distinct grains; 815 rows including 46 periodic edge images.
# Centres span [-R, L+R]: a grain need only be PARTLY inside.
# Do NOT drop the out-of-box rows -- they carry the conduction
# paths that cross the domain edge, and k_eff depends on them.
# header row is 'Lx Ly'; grain rows are 'x y r', all in metres
3.200000000000e-03 3.200000000000e-03
1.635781405754e-03 2.201897907208e-05 9.260180065163e-05
1.635781405754e-03 3.222018979072e-03 9.260180065163e-05
1.769854393810e-03 5.872998903166e-06 3.819332728356e-05
1.769854393810e-03 3.205872998903e-03 3.819332728356e-05
1.175377956083e-03 3.750001671259e-05 7.493633965636e-05
1.175377956083e-03 3.237500016713e-03 7.493633965636e-05
1.641667213559e-04 3.456692024013e-05 2.682046754322e-05
1.762123161327e-03 1.673915747876e-04 1.000000000000e-04
1.517188412208e-03 5.689741463673e-05 1.896809445949e-05
1.283103805635e-03 3.674145026884e-05 3.261761651081e-05
1.534760871558e-03 1.038417623360e-04 2.989803335125e-05
1.890432481108e-03 9.878316988126e-05 4.404649630137e-05
1.933598365607e-03 2.297586350169e-04 8.246480055056e-05
1.608791624547e-03 1.557978029756e-04 4.330882887699e-05
8.712946218001e-04 2.470998626584e-05 6.527217360058e-05
8.712946218001e-04 3.224709986266e-03 6.527217360058e-05
1.382680201090e-03 4.242173977643e-05 6.578801434772e-05
1.382680201090e-03 3.242421739776e-03 6.578801434772e-05
2.559642210543e-03 3.381482069912e-05 5.697054658817e-05
2.559642210543e-03 3.233814820699e-03 5.697054658817e-05
2.101915433936e-03 2.144781878068e-04 8.654446097153e-05
9.789594663572e-04 6.105641608846e-05 4.836224782829e-05
2.935954499107e-03 2.688768386789e-05 4.391114754462e-05
2.935954499107e-03 3.226887683868e-03 4.391114754462e-05
1.784047896049e-03 3.460422905039e-04 7.999109503925e-05
1.069791576626e-03 5.048553162629e-05 2.791285035380e-05
1.884226307195e-03 3.232857877042e-04 1.881139464431e-05
2.006830706953e-03 3.285458438399e-04 4.050629723574e-05
4.046405074897e-04 1.003514478953e-04 1.000000000000e-04
1.074728662647e-03 1.543860711029e-04 7.610492179068e-05
2.444872239663e-03 4.025498624482e-05 4.132536829030e-05
2.444872239663e-03 3.240254986245e-03 4.132536829030e-05
2.493381876417e-03 1.552854091180e-04 8.139713831612e-05
3.041328626289e-03 6.853915783228e-05 6.434588173372e-05
3.130380538041e-03 7.599106981056e-05 2.501728613381e-05
1.649333672837e-03 1.942598971756e-04 1.177941578684e-05
2.024180956849e-05 1.414880602092e-04 8.618030916319e-05
3.220241809568e-03 1.414880602092e-04 8.618030916319e-05
2.678810856300e-03 1.048647424919e-04 8.177117454973e-05
2.370360460282e-03 1.368792842598e-04 4.293133213306e-05
2.942236125618e-03 1.170658088232e-04 4.599071718773e-05
1.252746685106e-03 1.202048314748e-04 3.831562602202e-05
2.156254932851e-04 1.043932236103e-04 5.991889982131e-05
2.075948355928e-03 3.419906237303e-04 2.990685550378e-05
2.025623052871e-03 4.202246220789e-04 5.307869816524e-05
1.330841255630e-03 1.362530610276e-04 4.141083618607e-05
1.186210031383e-03 1.471478160500e-04 3.346912865261e-05
1.527453618124e-03 1.731996933568e-04 3.984376580760e-05
2.607166829817e-03 2.069660890081e-04 4.295878364000e-05
2.185252123556e-03 2.631660168296e-04 9.972424125125e-06
1.889700888509e-03 4.917619215246e-04 1.000000000000e-04
2.179727338759e-03 3.084346025510e-04 3.544939431588e-05
1.594734229471e-03 2.838721410860e-04 8.553468101010e-05
1.515266639163e-04 2.096546523308e-04 6.174669365668e-05
5.959806263266e-04 7.492754329121e-05 9.069263317480e-05
5.959806263266e-04 3.274927543291e-03 9.069263317480e-05
9.155484165450e-04 1.020779584983e-04 2.385807665482e-05
5.211134946350e-04 1.917137563663e-04 4.803049746417e-05
2.389629712872e-03 2.580476027510e-04 6.463247991884e-05
3.012382945024e-04 1.383936906215e-04 1.017817353905e-05
7.578924770565e-04 1.057915216371e-04 7.413464790859e-05
4.386408652099e-04 2.326817287973e-04 3.662842912397e-05
2.829304390380e-03 1.927706338002e-05 2.321563773820e-05
2.829304390380e-03 3.219277063380e-03 2.321563773820e-05
2.138803338285e-03 3.710190471577e-04 3.932751790677e-05
2.266165188137e-03 4.237266229469e-05 2.781189279237e-05
6.707951216595e-04 2.289636733730e-04 7.672067455068e-05
1.662624943947e-03 4.089014302962e-04 5.673787861577e-05
2.243497604426e-03 3.044088916410e-04 2.844781379444e-05
3.057369989886e-03 2.308342904415e-04 9.874009576747e-05
2.827372553306e-03 1.672883444171e-04 7.937255523204e-05
2.685034664522e-03 2.357674391537e-04 3.722641043298e-05
1.486905275810e-03 2.828937124226e-04 2.229872402218e-05
2.545107829387e-03 2.743493749575e-04 4.841743083762e-05
1.485988943625e-03 3.399739121812e-04 3.478883426036e-05
1.240384632762e-03 1.872667718013e-04 2.987619388939e-05
1.562683816819e-03 4.361938966389e-04 4.686286214395e-05
2.472947845525e-03 3.552763204333e-04 6.000877830953e-05
2.321912826450e-03 4.081082649418e-04 1.000000000000e-04
1.731952774439e-03 5.002995505295e-04 5.797905966718e-05
2.929413143176e-03 1.867498060844e-04 2.450733978880e-05
8.693445260054e-04 1.522250056515e-04 4.432935505537e-05
2.030701318456e-03 5.166008793544e-04 4.317174395444e-05
2.174647095515e-03 4.611623680287e-04 5.653120951758e-05
2.632378227503e-03 2.716066323707e-04 2.642433039020e-05
2.903412362736e-03 2.924756493026e-04 6.709900900931e-05
4.737709163722e-05 3.128763228000e-04 8.432597942183e-05
3.247377091637e-03 3.128763228000e-04 8.432597942183e-05
2.609862275540e-03 3.329334107520e-04 3.890516286825e-05
8.153828057002e-04 2.524948550944e-04 6.739589689327e-05
1.419206374768e-03 2.125463206037e-04 7.533271956287e-05
1.782625168087e-03 5.915636824039e-04 4.637490812729e-05
2.765130618139e-03 3.451600538201e-04 8.048395446030e-05
1.178088603161e-03 2.212682192379e-04 4.109488299889e-05
2.248691254677e-03 5.599295591325e-04 6.644610429990e-05
-9.820426761986e-05 4.259344252371e-04 1.000000000000e-04
3.101795732380e-03 4.259344252371e-04 1.000000000000e-04
7.320692852307e-04 3.789493629383e-04 8.403687778598e-05
2.467514295757e-03 4.759107170836e-04 6.061435524255e-05
2.904807891563e-03 4.605146301264e-04 1.000000000000e-04
1.303472022441e-03 2.149502148896e-04 3.599214116161e-05
2.760857609099e-03 5.141599537966e-04 5.362130247178e-05
3.024421601220e-03 5.413583659013e-04 3.895841914498e-05
2.833559111178e-03 6.494891678214e-04 1.000000000000e-04
2.639765683540e-03 4.413691141913e-04 7.357826076242e-05
2.388728056117e-03 5.152571807018e-04 2.627427792922e-05
1.990642087787e-03 5.917503923028e-04 4.198814309413e-05
2.097936796120e-03 4.951942591363e-04 2.738950111796e-05
2.240396035590e-04 3.515719677100e-04 9.652477687603e-05
5.767068959725e-04 3.789493630696e-04 7.132551147229e-05
1.681928209652e-03 6.002738931000e-04 5.381241747757e-05
3.030171935788e-03 6.861415510871e-04 1.000000000000e-04
2.687380756645e-03 6.795464036817e-04 4.923655303483e-05
2.425627075989e-03 5.511309751072e-04 2.518905417156e-05
1.335970638124e-03 2.761269010466e-04 2.929210490740e-05
-2.683158811883e-05 7.657032696104e-04 6.364002942294e-05
3.173168411881e-03 7.657032696104e-04 6.364002942294e-05
3.870647573174e-04 4.613207133440e-04 1.000000000000e-04
2.899309649899e-03 8.236986186687e-04 8.620436650808e-05
6.452889104796e-04 4.660590322140e-04 3.892217199590e-05
1.531378409514e-03 3.643906221049e-04 1.449269508929e-05
2.544823656836e-04 4.767363041400e-04 3.228854883113e-05
3.084850411768e-03 8.115341558181e-04 3.586142420779e-05
2.515903006701e-03 6.122420057374e-04 8.382612861272e-05
8.614168616948e-05 8.047738035554e-04 5.589853057410e-05
5.141726368097e-04 4.678271839242e-04 2.727429900989e-05
2.737277592239e-03 7.600178527567e-04 4.544897024370e-05
2.358018423955e-03 6.537629825082e-04 7.762728423742e-05
1.906613309205e-03 6.410905492691e-04 5.028262193401e-05
1.743468056486e-03 6.568453736979e-04 2.974986965704e-05
2.460536234272e-03 7.508081478370e-04 6.353809943042e-05
9.604199977457e-04 1.777940333344e-04 4.057585454915e-05
1.625454023756e-03 4.889206374585e-04 3.149209610781e-05
2.122424750376e-03 5.841561007944e-04 6.212283099718e-05
5.710082342800e-04 5.293450704032e-04 5.647971878417e-05
3.778900325468e-06 8.907442118694e-04 6.315834490003e-05
3.203778900325e-03 8.907442118694e-04 6.315834490003e-05
1.982156845543e-03 6.610827571389e-04 2.786157280410e-05
4.812552381470e-04 5.708963078132e-04 4.242480914639e-05
1.385130456467e-03 3.101152208260e-04 2.801102048290e-05
1.590856408894e-03 6.312347917428e-04 4.237829257167e-05
8.889980296258e-04 4.150604308515e-04 7.699305745357e-05
2.602831442132e-03 6.980869537583e-04 3.732174282251e-05
2.196348380888e-03 6.667171500711e-04 4.866324651277e-05
2.073750897845e-03 7.481754437366e-04 9.852913456619e-05
1.654522636396e-03 7.067007918910e-04 5.608324558667e-05
1.065990121493e-03 4.156450701450e-04 1.000000000000e-04
3.006835933462e-03 8.702252944117e-04 3.095634880400e-05
1.948606835678e-03 7.035761635749e-04 2.499589867919e-05
2.759004060397e-03 8.716135351259e-04 6.205721875507e-05
3.112486277629e-03 9.300964596215e-04 3.625464399966e-05
2.849535654260e-03 9.663470768298e-04 6.487850233438e-05
9.572159009990e-04 5.074729472604e-04 3.787099768862e-05
1.826066470830e-03 6.564654308124e-04 3.171847928117e-05
1.019072654518e-03 5.382669983658e-04 3.122698737139e-05
1.890402460841e-03 8.257942370859e-04 1.000000000000e-04
2.951445513227e-03 9.663470768298e-04 3.703135663313e-05
6.632892717037e-05 9.269804802550e-04 9.129780022484e-06
7.211793153145e-04 5.068520585998e-04 4.432858097237e-05
2.703033302862e-04 5.637859041276e-04 5.534589201096e-05
2.022220112458e-03 8.835751822506e-04 4.392543521557e-05
1.198119923512e-04 3.892087367453e-04 1.429002954215e-05
4.049245071080e-04 6.011314636715e-04 3.967601393544e-05
2.920993386024e-03 1.029741139845e-03 3.064644024341e-05
1.693424998729e-04 5.821699713172e-04 4.727507662690e-05
2.745540446574e-03 9.745932270840e-04 3.944312637067e-05
2.382096518419e-03 7.427488463808e-04 1.455860724238e-05
8.649370518046e-04 5.599406170655e-04 6.828098007632e-05
2.326978811856e-03 8.451928856047e-04 1.000000000000e-04
1.735147832877e-03 7.467297872684e-04 3.393199078237e-05
1.112694502394e-04 9.400657736661e-04 3.767700920060e-05
1.085617289507e-03 5.724439627177e-04 4.358112273805e-05
2.997873819969e-03 9.840485783413e-04 1.265698025430e-05
2.334984057436e-04 7.108284044644e-04 9.623279836431e-05
6.687796228560e-04 6.264882995851e-04 8.134644491476e-05
-3.633600527790e-05 9.828739168137e-04 3.726146793879e-05
3.163663994722e-03 9.828739168137e-04 3.726146793879e-05
1.246318633043e-03 2.821402788207e-04 5.005988533189e-05
2.179792724664e-03 8.822997200373e-04 5.179150643130e-05
1.759760386295e-04 9.453495999702e-04 2.724495473691e-05
1.186542870477e-03 4.156450701450e-04 2.055274898364e-05
2.460205353579e-03 8.484130021302e-04 3.326545152442e-05
3.085699993984e-03 1.007318621866e-03 4.444489054219e-05
2.564276954991e-03 7.661157554211e-04 4.087267088029e-05
7.772532730446e-04 5.851854824683e-04 2.296455837261e-05
2.632226168019e-03 7.661157554211e-04 2.707654214780e-05
2.992170970403e-03 1.037866056735e-03 4.099337265794e-05
1.489868882235e-04 9.950927641423e-04 2.903561935612e-05
1.726254023356e-03 9.400539870920e-04 1.000000000000e-04
1.434079523601e-03 4.455206970651e-04 8.207920508908e-05
2.522223179175e-03 8.242876000088e-04 3.090813131052e-05
8.011633861649e-04 6.222816354334e-04 2.090132198122e-05
1.591098705864e-03 9.465454818779e-04 3.531112057444e-05
1.529730824750e-03 5.014576125207e-04 2.624837666353e-05
1.490640937391e-03 5.471046627233e-04 3.315417728023e-05
2.868233504791e-03 1.060350886983e-03 3.034996692595e-05
2.820590608562e-03 1.085805227216e-03 2.366641020018e-05
1.181548009390e-03 5.724439627177e-04 5.234959714537e-05
1.416599272661e-03 5.733821253004e-04 4.532702552402e-05
5.703783773758e-04 6.623681873752e-04 2.339214138407e-05
1.128257451121e-03 6.307979026305e-04 2.667613223424e-05
1.962284254389e-03 9.555786782788e-04 4.836102392314e-05
1.870305331352e-03 1.027584689454e-03 6.845073887682e-05
1.323380744776e-03 6.162029977725e-04 5.725621414217e-05
3.431211823805e-04 6.011314636715e-04 2.212731079203e-05
4.668606244872e-04 7.295224530047e-04 1.000000000000e-04
2.064705307086e-03 9.740620861687e-04 5.571446984313e-05
1.611309957951e-03 1.026507282036e-03 4.382736310790e-05
1.071417232554e-03 6.490144499783e-04 3.301183174588e-05
2.000116040220e-03 1.077819500622e-03 6.650408213751e-05
9.632484816863e-04 7.112723532676e-04 9.179411837727e-05
2.938446294763e-03 1.125166942754e-03 6.151411717755e-05
1.467482594843e-03 1.026507282036e-03 1.000000000000e-04
2.238071247653e-03 9.179424504915e-04 1.487843210884e-05
1.086904416289e-03 7.364212757007e-04 3.439327585036e-05
6.269772143544e-04 8.151048076774e-04 8.155346810802e-05
1.768151092937e-03 1.086746602477e-03 4.959848974760e-05
2.608362546078e-03 8.126441733500e-04 2.322438846283e-05
2.515096437679e-03 8.934674612199e-04 3.774817672762e-05
1.054131482041e-03 8.108117136857e-04 4.299387821707e-05
3.461096290723e-04 7.682195469853e-04 2.680011031630e-05
1.229861777017e-03 6.624138213062e-04 4.705695637049e-05
4.979056891406e-04 9.038003077224e-04 7.505544079972e-05
1.952419848144e-04 1.021050352395e-03 2.400521725634e-05
2.160840826388e-03 9.725437282349e-04 4.042104945896e-05
1.316665814556e-03 7.537500082819e-04 7.894796410663e-05
3.064104305479e-04 8.655077775791e-04 7.476975082201e-05
7.272034285342e-04 8.850274000337e-04 4.065317218056e-05
1.679058492629e-03 1.073758363104e-03 3.877123623316e-05
2.438915049618e-03 9.047264448806e-04 2.678314558441e-05
2.581134380708e-03 9.297312038312e-04 3.759151365979e-05
-2.647430271142e-05 1.121996310379e-03 1.000000000000e-04
3.173525697289e-03 1.121996310379e-03 1.000000000000e-04
1.172271915305e-03 8.032310665461e-04 7.368877219223e-05
1.693970855414e-03 1.178403820705e-03 6.693141444468e-05
3.933214036299e-04 9.297423813702e-04 3.269827821232e-05
2.404087684904e-03 9.609721019563e-04 3.910645291180e-05
1.297594540035e-03 1.114581891312e-03 9.136114539172e-05
2.709124891868e-03 1.097328825844e-03 8.839339224193e-05
2.333039953818e-03 9.804896968750e-04 3.457337203263e-05
1.911799253624e-03 1.119904783011e-03 3.132753743578e-05
2.475629500729e-03 9.472611572093e-04 2.897064250983e-05
2.832295347103e-03 1.169533610742e-03 5.353554565294e-05
1.846203191099e-03 1.130830228333e-03 3.517215259570e-05
1.554822859156e-03 1.172173846435e-03 6.984425146039e-05
8.077798991693e-04 8.850274000337e-04 3.992329845459e-05
1.095449563166e-04 1.129988906048e-03 3.625388219079e-05
3.031538771621e-03 1.236036259354e-03 8.211369257323e-05
9.506941803365e-04 8.912959405077e-04 8.806712342361e-05
2.569136841298e-03 1.097328825844e-03 5.159465832830e-05
1.179618536053e-03 1.144715649870e-03 3.040248185542e-05
8.359356923657e-04 9.801492180521e-04 5.706872842462e-05
1.209956546405e-03 1.199813637740e-03 3.088806125882e-05
8.953979115315e-05 1.212597455008e-03 4.719999111190e-05
2.429851930055e-03 1.109586390823e-03 8.822856720721e-05
2.123131419315e-03 1.010863567930e-03 1.333594398655e-05
6.842307725565e-04 1.020845689086e-03 1.000000000000e-04
3.336222272562e-04 9.888972075017e-04 5.134507437636e-05
1.094100529319e-03 8.855755061050e-04 3.985140709761e-05
2.539343098476e-03 1.201438370143e-03 5.468784915960e-05
3.144144709409e-03 1.249761429822e-03 3.109984056064e-05
5.409761028852e-04 1.010972344150e-03 4.044739869869e-05
2.647642804138e-03 1.230965088467e-03 5.756478262051e-05
1.806026840665e-04 1.244717893212e-03 4.936176641218e-05
5.728330445494e-04 1.061036309569e-03 1.842609416822e-05
2.323872730928e-05 1.313164122333e-03 7.026960791976e-05
3.223238727309e-03 1.313164122333e-03 7.026960791976e-05
1.771595306700e-03 1.202878465651e-03 1.446000821573e-05
1.453999491356e-03 1.230799253884e-03 4.678460385995e-05
2.753919428171e-03 1.282444392393e-03 6.052348753631e-05
1.081325722038e-03 1.144715649870e-03 6.789033215912e-05
1.519205495491e-03 1.262026397805e-03 2.551309660713e-05
1.392382048797e-03 1.181920499981e-03 2.491077742244e-05
1.178521515076e-04 1.365069065678e-03 3.764620733550e-05
4.287066507694e-04 9.786497142164e-04 2.688052225549e-05
1.954293189276e-03 1.163103738496e-03 2.926853770263e-05
1.148563227260e-03 1.222064896353e-03 3.441322621354e-05
1.228973878963e-03 1.329773031950e-03 1.000000000000e-04
2.129054056044e-04 1.420521321312e-03 7.239957299852e-05
1.243357560448e-04 1.449459831487e-03 2.077778580836e-05
2.156692798895e-03 1.055876501145e-03 4.281145449207e-05
2.903800467839e-03 1.211186938243e-03 2.921698895026e-05
4.566424060764e-04 1.055781182637e-03 5.505131555449e-05
2.096306789095e-03 1.103326720793e-03 3.301113504098e-05
2.259436975418e-03 9.544181617764e-04 2.739415755254e-05
3.962057642198e-04 1.001085410962e-03 1.241424966700e-05
3.188351521826e-04 1.433464140258e-03 3.431794089864e-05
1.362620442537e-03 1.247856140648e-03 4.617274092239e-05
2.930335507872e-04 1.536540954280e-03 6.860069254925e-05
9.213744552129e-04 1.195732861411e-03 1.000000000000e-04
5.406520550034e-04 1.129156095391e-03 5.649015177658e-05
2.274217616740e-03 1.188495740175e-03 8.626706281269e-05
2.462775021839e-03 1.214825271662e-03 2.203997777688e-05
1.625360049594e-03 1.219367178822e-03 1.297752988291e-05
3.675915482581e-04 1.071751853498e-03 3.542032423333e-05
4.480199061674e-04 1.151202546032e-03 3.872938920039e-05
1.482466296600e-03 1.304269633286e-03 3.047136265645e-05
7.985516950600e-04 1.090198915810e-03 3.371291403277e-05
2.057406404786e-03 1.146533166852e-03 2.295961887512e-05
2.166619039353e-03 1.188495740251e-03 2.133151457453e-05
1.558256613400e-03 1.325136765334e-03 4.813912850413e-05
2.409580990704e-03 1.229923409816e-03 3.325521843488e-05
2.562709422709e-03 1.319487955974e-03 6.511356653969e-05
1.052140001784e-03 1.250575491700e-03 4.180036060267e-05
7.518580523974e-04 1.119441908135e-03 1.956029185957e-05
5.010159772420e-04 1.268945988889e-03 8.881034025536e-05
6.802436087425e-04 1.316782848573e-03 9.669143611817e-05
1.092729207526e-03 1.317235400216e-03 3.624467143723e-05
1.806958011940e-03 1.223730024488e-03 2.659249996355e-05
2.912123314615e-03 1.300366877510e-03 5.352730345853e-05
2.357951413950e-03 1.354881045697e-03 1.000000000000e-04
2.667467739661e-03 1.324407091270e-03 3.557418435739e-05
9.982944895949e-04 1.295605275243e-03 2.606026627733e-05
5.881441452015e-05 1.413615703012e-03 3.629562835154e-05
2.206712808768e-03 1.355711215855e-03 5.124088362547e-05
2.842285285967e-03 1.301235017590e-03 1.631612080265e-05
2.999210426555e-03 1.368756759799e-03 5.448738038372e-05
3.913335395611e-04 1.536540954334e-03 2.969929622463e-05
2.234362602362e-03 1.477736153230e-03 7.387744607563e-05
4.827749525940e-04 1.536540954386e-03 6.174211680709e-05
2.634078849850e-03 1.388442261847e-03 3.412499163609e-05
1.752956705930e-03 1.267488173720e-03 3.991123861621e-05
2.019480931096e-03 1.201534121614e-03 4.384941179712e-05
1.566672597269e-04 1.554556234610e-03 6.895044580622e-05
1.878073204364e-03 1.330106194373e-03 1.000000000000e-04
5.640711718433e-04 1.380011923850e-03 3.557326459780e-05
3.082646998543e-03 1.368756759799e-03 2.894919160425e-05
1.103386657185e-03 1.401699132598e-03 4.472565159018e-05
1.026383962948e-03 1.418876443975e-03 3.416969013498e-05
3.146364539733e-03 1.392222867990e-03 3.895208444386e-05
2.437434639378e-04 1.656250228017e-03 6.085904204116e-05
1.178394418586e-03 1.515057308358e-03 9.120168297575e-05
6.126673046837e-04 1.442100729792e-03 4.327217883576e-05
4.117463086773e-04 1.589324532828e-03 2.675180620325e-05
8.582137464600e-04 1.376910482180e-03 9.116143780809e-05
7.491143838163e-04 1.413268686332e-03 2.185265081637e-05
1.395913988038e-03 1.360392732477e-03 6.972497187600e-05
1.035428267349e-03 1.602002663458e-03 7.612678194647e-05
2.846637081992e-03 1.340699164581e-03 2.338264416535e-05
1.641022561290e-03 1.256265419793e-03 2.710731088500e-05
9.586498618148e-04 1.468319708165e-03 4.464378986281e-05
2.008715077913e-03 1.384699852932e-03 4.159013623557e-05
2.888733983738e-03 1.419396094084e-03 6.586619812350e-05
6.799930354764e-04 1.437527576650e-03 2.405355195701e-05
1.319304758100e-03 1.515057308358e-03 4.970865653737e-05
1.950481648176e-03 1.459866426596e-03 4.859576239450e-05
2.117256381538e-03 1.541912386501e-03 5.966077269561e-05
-6.635897914337e-07 1.426432606045e-03 2.410602557733e-05
3.199336410209e-03 1.426432606045e-03 2.410602557733e-05
2.026022817850e-03 1.577320202591e-03 3.820278836438e-05
3.069017278808e-03 1.471586544089e-03 6.979842394859e-05
2.494436009557e-03 1.366673268303e-03 1.787867793508e-05
1.411266823801e-03 1.579512548844e-03 6.259227646892e-05
5.483698657037e-04 1.561986270217e-03 8.615233367637e-06
2.565060316965e-03 1.436294013704e-03 4.985922138791e-05
1.304030708254e-03 1.613737804615e-03 4.997304949897e-05
7.665816151050e-04 1.483731704356e-03 4.957669136709e-05
1.684750825893e-03 1.299683049372e-03 3.451453332137e-05
6.702037583706e-04 1.519595306927e-03 5.324648769187e-05
3.789394691846e-04 1.685271720302e-03 7.464913808035e-05
1.138562622590e-03 1.633105906561e-03 3.159557860352e-05
2.367112149328e-03 1.522337097676e-03 6.616428508026e-05
2.778184824063e-03 1.443213357148e-03 4.721951593778e-05
1.758258048016e-03 1.371852424249e-03 2.687954681393e-05
2.441787050976e-03 1.567020371846e-03 2.085833224865e-05
1.425693534745e-04 1.710648052238e-03 5.401185900863e-05
2.942324962460e-03 1.570705283661e-03 9.106010879375e-05
2.680206137403e-03 1.462289429581e-03 5.259891712522e-05
8.754093137635e-04 1.528249646365e-03 5.792611962587e-05
5.092502722631e-04 1.763543667844e-03 7.736205614906e-05
2.406901658469e-03 1.672683016694e-03 8.935774037941e-05
3.095976055553e-03 1.611360990796e-03 6.787869997015e-05
2.298236088971e-03 1.690580819316e-03 2.077189837793e-05
1.636706729488e-03 1.347112286805e-03 3.299670843005e-05
2.756192825087e-03 1.546312993913e-03 5.819956734418e-05
2.193096442783e-03 1.563825673276e-03 1.928165586444e-05
1.496294571972e-03 1.581368734419e-03 2.245572987976e-05
7.387507104057e-04 1.554144037346e-03 2.351482682841e-05
2.714552796302e-04 1.780096294577e-03 6.604955865771e-05
2.084051874747e-03 1.671094527626e-03 7.207411529266e-05
2.608531177780e-03 1.502171229399e-03 2.906810776852e-05
-5.200597730296e-06 1.667320694017e-03 4.568864674934e-05
3.194799402270e-03 1.667320694017e-03 4.568864674934e-05
2.512830265078e-03 1.672683016694e-03 1.657086623055e-05
2.658302171655e-03 1.553154940145e-03 3.992989947165e-05
1.594687673279e-03 1.407819446027e-03 4.083391032347e-05
3.124644038727e-03 1.719592635200e-03 4.179924309188e-05
2.591461167171e-03 1.560646382105e-03 2.732960976715e-05
1.105059619800e-03 1.727832469669e-03 6.768443241212e-05
2.498122814003e-03 1.726066321181e-03 1.633557263060e-05
2.619797298709e-03 1.617675958630e-03 3.520722229233e-05
9.894665843844e-04 1.787541261472e-03 6.241894823299e-05
1.862055939370e-03 1.472369075615e-03 4.070945699605e-05
2.839367246537e-03 1.643756045193e-03 3.518055433980e-05
3.917048358058e-04 1.889048930665e-03 9.459288163363e-05
3.041701020246e-03 1.726364506582e-03 4.141976048710e-05
2.456364672870e-04 1.896148640226e-03 5.164792716337e-05
5.974164766181e-04 1.579987174500e-03 4.133240030046e-05
1.457042742257e-04 1.924425582484e-03 5.220787996140e-05
1.694536568041e-03 1.386188774880e-03 3.679771933747e-05
2.879485459731e-04 1.989795518195e-03 5.002814862827e-05
2.214634033243e-03 1.783156122458e-03 1.000000000000e-04
1.912668355961e-03 1.686495522481e-03 1.000000000000e-04
7.047204095100e-04 1.592550505958e-03 2.746200177228e-05
3.764089423741e-04 2.036190803283e-03 4.986061054835e-05
6.356682544090e-05 1.950294413611e-03 3.390690922592e-05
6.618926962069e-04 1.763543668377e-03 7.528036779475e-05
2.562971165347e-03 1.729955521907e-03 4.862929906393e-05
2.347616800229e-03 1.820656730167e-03 3.816914233604e-05
2.972253392168e-04 2.080683025811e-03 4.096670293405e-05
7.944973133567e-04 1.569460758265e-03 3.287645497342e-05
2.422119252836e-03 1.820656730167e-03 3.633331027088e-05
2.508256631369e-03 1.841688918473e-03 5.233461473824e-05
1.370786113032e-03 1.683637060130e-03 4.668195548543e-05
5.861622959946e-04 1.849530786619e-03 3.800364040117e-05
2.304941201592e-03 1.878640912312e-03 3.142575755431e-05
1.237892598942e-03 1.613737804615e-03 1.616505981292e-05
2.578436771967e-03 1.850264038064e-03 1.836747017029e-05
1.273858511218e-03 1.733364048167e-03 6.225717124388e-05
6.828000901029e-04 1.923537083092e-03 8.371651063256e-05
1.077325299158e-03 1.830731662374e-03 3.548184079185e-05
2.073461697661e-03 1.785168384851e-03 4.118667618998e-05
-3.491179791761e-06 1.958298710086e-03 3.362711795920e-05
3.196508820208e-03 1.958298710086e-03 3.362711795920e-05
2.397690401118e-03 1.924697093745e-03 7.053654539287e-05
2.570303422862e-03 1.911902778120e-03 4.136592112530e-05
1.191760631081e-03 1.770826178268e-03 2.798402286810e-05
5.255554768314e-04 1.863030965201e-03 2.345253572319e-05
2.316413034245e-03 1.951672226086e-03 1.510029323845e-05
2.686799899739e-03 1.619407321841e-03 3.181774442447e-05
1.784876014329e-03 1.421872405470e-03 2.978185673384e-05
4.683535445356e-04 2.066916409757e-03 4.708201557581e-05
2.744716697809e-03 1.733545428901e-03 9.528346292655e-05
9.102773966838e-04 1.813552781851e-03 2.093287622870e-05
1.435702072850e-03 1.719537087757e-03 2.749953696896e-05
2.976428571443e-03 1.758555804237e-03 3.135916652836e-05
3.026891336813e-03 1.802337271846e-03 3.544882397254e-05
5.995190601221e-04 2.083826179091e-03 8.516900626517e-05
1.991916583234e-03 1.803023443815e-03 4.092209896388e-05
1.757559158756e-03 1.686495522481e-03 5.510919720503e-05
4.977220891466e-04 2.132980367285e-03 2.521568768572e-05
3.103014358815e-03 1.835997477919e-03 4.778412594225e-05
4.424360729961e-05 2.049835633921e-03 6.749250546755e-05
3.244243607300e-03 2.049835633921e-03 6.749250546755e-05
5.319189014130e-04 2.170258082535e-03 2.455909127869e-05
1.910641999181e-03 1.834925126787e-03 4.638927136825e-05
2.044142060645e-03 1.843088448277e-03 2.373154052971e-05
1.376599964496e-03 1.784215497664e-03 5.237997865847e-05
2.851414771016e-03 1.786325756445e-03 2.375536183998e-05
3.161050525414e-03 2.067405486210e-03 1.753565800311e-05
3.002369723520e-03 1.923808106978e-03 8.578252105239e-05
7.871651633192e-04 1.960273722564e-03 2.692547591504e-05
2.850815412235e-03 1.993163207685e-03 8.088733003986e-05
4.037182638071e-04 2.107462989609e-03 2.646450707955e-05
3.176160858334e-03 2.103300686928e-03 1.907407353229e-05
1.805942036846e-03 1.751888051321e-03 2.516664899280e-05
9.327380730094e-04 1.868441092987e-03 3.638847427130e-05
1.231352972505e-03 1.806892979288e-03 2.267353305806e-05
1.176354256441e-03 1.896281144503e-03 8.227932707080e-05
2.107356933634e-03 1.896719673325e-03 5.622117713679e-05
1.381911741178e-04 2.073261760021e-03 2.933170997084e-05
2.025558944719e-03 1.954157598441e-03 4.372894158287e-05
1.778334916182e-03 1.897572190245e-03 1.000000000000e-04
2.247095656652e-03 1.912870321829e-03 3.371436165506e-05
1.074188536605e-03 1.930779557453e-03 2.555376064111e-05
1.185244462727e-04 2.183335196861e-03 8.248484374502e-05
1.272106922499e-03 1.918170145450e-03 1.594338628905e-05
1.516453460914e-03 1.844718864808e-03 1.000000000000e-04
8.682321262523e-04 1.973052970746e-03 5.514255478677e-05
2.740869163823e-03 1.993163207685e-03 2.905891837185e-05
2.087973450870e-03 1.989790975346e-03 2.814113652875e-05
1.914180634429e-03 1.921780489370e-03 3.798587214846e-05
7.830928894962e-04 2.108079221171e-03 1.000000000000e-04
9.490016439693e-04 2.108079221171e-03 6.590875447317e-05
1.101428509272e-03 1.970293792075e-03 2.243989361297e-05
1.150672129288e-03 2.039503549410e-03 6.250081878481e-05
1.950816364193e-03 1.985864933606e-03 3.583142046256e-05
1.087475269392e-03 2.172350811103e-03 8.461219233235e-05
1.324631060163e-03 1.937023943410e-03 3.986208597673e-05
1.871452133692e-03 2.014463699618e-03 4.852834779566e-05
3.102928429048e-03 2.146110292129e-03 6.575310959142e-05
6.632887839944e-04 2.230952158357e-03 7.161230255345e-05
2.650892759664e-03 1.997222106025e-03 6.100898912725e-05
2.140466862844e-03 1.989790975346e-03 2.435227544452e-05
8.513850160971e-06 2.132071961001e-03 2.217035327710e-05
3.208513850161e-03 2.132071961001e-03 2.217035327710e-05
5.258576589639e-04 2.264546793718e-03 6.986530575334e-05
1.947329377456e-03 2.068018567742e-03 4.434509174370e-05
3.470199311277e-04 2.167422466255e-03 5.605724622379e-05
1.415621592230e-03 1.968675875241e-03 5.647649256071e-05
1.491918220202e-03 2.023508955588e-03 3.748010454738e-05
1.640943960571e-03 1.902976227000e-03 3.744746179720e-05
1.276044061886e-03 2.025998398919e-03 6.151419396367e-05
2.967210902351e-03 2.049363648386e-03 4.460281816996e-05
2.507172307162e-03 1.944861523938e-03 2.985076719583e-05
2.175742086867e-03 2.000139903888e-03 1.240968521913e-05
2.023293010988e-03 2.085867144350e-03 3.368724326224e-05
4.444621232739e-04 2.133336109591e-03 2.180018417413e-05
4.282096975346e-04 2.212121294619e-03 3.662373039112e-05
8.898347900749e-04 2.212782475621e-03 4.952125210685e-05
1.884463198821e-03 2.084445157260e-03 2.063174458587e-05
2.269537967073e-03 1.985287045000e-03 4.210014283989e-05
1.771492347426e-03 2.059487740392e-03 6.110341365077e-05
-1.026258088382e-05 2.236820790047e-03 5.696696533484e-05
3.189737419116e-03 2.236820790047e-03 5.696696533484e-05
2.512769890207e-03 2.070597315010e-03 9.539385087435e-05
8.003552495722e-04 2.326096493382e-03 9.485097503389e-05
6.097436555549e-05 2.279372229863e-03 2.601090901591e-05
4.240713254056e-04 2.284992544123e-03 3.395418378910e-05
3.101255061139e-03 2.244957672209e-03 3.188874119375e-05
2.647406728212e-03 2.100912724039e-03 4.261376548319e-05
3.023292110351e-03 2.244938993412e-03 4.607421211359e-05
1.849412391937e-03 2.174388140791e-03 7.589959410863e-05
1.414755098988e-03 2.096808020691e-03 6.894780636199e-05
9.287528470799e-04 2.381286686872e-03 4.490560116883e-05
2.898063632296e-03 2.266178650525e-03 8.094269544653e-05
6.224497140273e-04 2.359171512448e-03 6.295378678246e-05
2.751390229698e-03 2.057519984019e-03 3.615218104561e-05
1.569882684778e-03 2.122268152405e-03 8.825520308654e-05
2.002863567084e-03 2.202153453930e-03 8.004326650869e-05
1.700637186102e-03 2.224705140314e-03 7.782948686971e-05
2.601295803660e-03 2.137003373420e-03 1.527051532455e-05
2.630077901541e-03 2.174315026905e-03 3.185239464714e-05
1.911021113990e-03 2.270719239850e-03 3.456580702790e-05
2.344797378548e-03 2.021679520891e-03 3.993183475149e-05
2.354850161372e-03 2.146885513079e-03 7.998724822106e-05
1.576090102712e-03 2.266662641608e-03 5.359504768612e-05
2.210311675671e-03 2.023223751510e-03 2.823439557511e-05
2.282638381475e-04 2.087806322414e-03 2.836171825262e-05
1.008567496470e-03 2.381269273038e-03 3.490905078949e-05
1.199143894076e-03 2.241505215404e-03 4.673548892949e-05
2.552121405223e-04 2.167422466255e-03 3.575054438159e-05
2.473972753523e-03 2.224173344238e-03 6.201134615969e-05
1.494435624396e-03 2.288753468665e-03 3.093498120540e-05
1.360004270366e-04 2.332387653654e-03 6.585608807159e-05
1.784877150613e-03 2.224494934055e-03 5.804066188056e-06
7.012851233441e-04 2.388719971166e-03 2.123726484898e-05
7.235588742020e-04 2.507893602523e-03 1.000000000000e-04
8.650396940404e-04 2.446145370580e-03 4.148081983842e-05
2.964043991221e-04 2.374563566538e-03 1.000000000000e-04
2.136854298800e-03 2.082589709087e-03 6.621296085050e-05
2.151591605102e-03 2.219391322845e-03 6.967791990793e-05
3.129605851562e-03 2.300944773698e-03 3.086531345339e-05
1.532708651630e-03 2.371727132753e-03 6.007332260581e-05
1.912649993850e-05 2.326255999240e-03 3.682851778791e-05
3.219126499939e-03 2.326255999240e-03 3.682851778791e-05
1.075286484323e-03 2.381206991318e-03 3.180996713582e-05
3.160661183492e-03 2.360059575682e-03 3.070573283623e-05
3.023518345591e-03 2.380843841325e-03 8.901099573882e-05
2.576607259589e-03 2.275355575277e-03 5.267719995398e-05
5.695552796292e-04 2.507893602523e-03 5.400359457273e-05
2.261775945952e-03 2.220527084344e-03 3.869674646399e-05
1.423048190665e-04 2.488307093296e-03 9.019075500071e-05
9.091284729144e-04 2.583499002585e-03 1.000000000000e-04
5.975566145714e-04 2.663210795931e-03 1.000000000000e-04
-4.950462258311e-05 2.451376793677e-03 5.624073051214e-05
3.150495377417e-03 2.451376793677e-03 5.624073051214e-05
1.641577705417e-03 2.305191197609e-03 2.192515245455e-05
1.789295896485e-05 2.516337986887e-03 3.733979955353e-05
3.217892958965e-03 2.516337986887e-03 3.733979955353e-05
3.162876600512e-03 2.522110093569e-03 1.556800432502e-05
2.069078043942e-03 2.331235664488e-03 6.503110770570e-05
1.982656353153e-03 2.382626885262e-03 3.547812467426e-05
2.229985052091e-03 2.283752249514e-03 3.175117558552e-05
2.046927779613e-03 2.457658110107e-03 6.331712568665e-05
2.737595185249e-03 2.157203364601e-03 6.369989308210e-05
1.791965388502e-03 2.251323177212e-03 1.729864021627e-05
4.261501701152e-04 2.429750852812e-03 4.099504134226e-05
1.311921179792e-03 2.117838111305e-03 3.601447090197e-05
1.392346809405e-03 2.288753468665e-03 7.115383378576e-05
3.729540143060e-04 2.535696136135e-03 7.755551356815e-05
2.509490572957e-04 2.580553166862e-03 5.233260772471e-05
1.640792221746e-03 2.376325830284e-03 4.810803539520e-05
2.668786071115e-03 2.221857457658e-03 2.945506912152e-05
1.789352677455e-03 2.316613367263e-03 4.804380532527e-05
-2.801793555540e-05 2.579249640141e-03 4.054271987666e-05
3.171982064445e-03 2.579249640141e-03 4.054271987666e-05
2.773860530302e-03 2.266156465072e-03 4.326040867988e-05
1.273492063080e-03 2.304564424097e-03 4.874794699986e-05
7.782513295202e-04 2.714766963688e-03 8.536478710615e-05
5.829777755100e-05 2.578529799880e-03 3.308541179999e-05
1.874404862332e-03 2.330744072777e-03 3.574585952421e-05
1.829319836162e-03 2.420848384066e-03 6.359092275599e-05
1.458634090878e-03 2.422492423221e-03 2.952591033747e-05
6.674596582890e-04 2.785343989845e-03 4.072296392775e-05
5.699394319183e-04 2.829363464723e-03 6.610307023336e-05
2.887005270421e-03 2.441619576214e-03 6.034633143857e-05
2.711731122692e-03 2.248637232614e-03 2.115554045386e-05
8.852180920231e-04 2.703057511336e-03 2.109434650616e-05
1.704744301958e-03 2.473503679112e-03 6.822512084179e-05
4.485708926880e-04 2.637741605129e-03 4.922335075968e-05
3.290975266111e-04 2.685364530008e-03 7.840608326239e-05
7.501357406178e-04 2.884315307016e-03 8.649890049867e-05
2.970674795841e-03 2.506515623649e-03 4.554081316634e-05
2.691485594445e-03 2.329678707002e-03 6.076221048077e-05
6.376191132737e-04 2.889747824293e-03 2.459869465766e-05
1.804747579313e-03 2.532186561872e-03 4.772459472429e-05
1.512422439241e-03 2.476691046352e-03 4.683296760199e-05
1.593712274634e-03 2.443561042651e-03 3.392730798921e-05
1.184440703019e-03 2.333239664522e-03 4.480639091198e-05
2.609297863718e-03 2.341625882616e-03 2.121751726680e-05
1.131605128952e-03 2.398051199833e-03 2.697368067016e-05
2.798179033532e-03 2.357682932732e-03 4.953920068990e-05
2.065182437780e-04 2.751384887311e-03 6.081843644106e-05
8.871530090541e-04 2.923083048180e-03 5.589727099683e-05
2.623859497689e-03 2.396971223542e-03 3.463994754987e-05
2.312770870660e-03 2.295800858268e-03 5.190682300943e-05
2.176807480376e-03 2.457569150067e-03 6.656261270550e-05
6.271887049174e-04 2.988361359239e-03 7.456492121297e-05
2.027825395219e-05 2.621136405415e-03 2.338711217597e-05
3.220278253952e-03 2.621136405415e-03 2.338711217597e-05
2.517112436716e-03 2.448466688746e-03 8.387890314655e-05
1.114251928842e-04 2.764993441270e-03 3.524342504145e-05
2.639156028695e-03 2.470217321702e-03 4.008262976016e-05
9.811274790629e-04 2.916304274856e-03 3.832137267737e-05
3.216985191076e-04 2.863617117549e-03 1.000000000000e-04
2.697958150142e-03 2.491527341661e-03 2.246180594272e-05
4.762919356027e-04 2.708591499420e-03 2.685663176737e-05
7.190768761481e-04 3.017800402081e-03 2.192390403128e-05
2.337914669032e-03 2.499848865301e-03 1.000000000000e-04
4.283997191728e-04 2.740031209142e-03 3.043315564685e-05
1.449921653506e-04 2.830991256176e-03 3.848164112032e-05
4.544064722512e-04 3.013245319182e-03 1.000000000000e-04
1.035951037178e-03 2.948499165432e-03 2.525640277832e-05
1.875199270896e-04 2.937295232930e-03 5.307631872932e-05
1.946109322534e-03 2.583859553232e-03 9.821047793845e-05
5.651163703593e-04 3.055995028487e-03 1.521730889796e-05
1.214377634831e-03 2.443267635807e-03 6.734394293286e-05
3.078419992017e-03 2.475716571668e-03 1.983348307716e-05
1.593262817392e-03 2.597377286258e-03 9.842659418158e-05
2.481039677873e-03 2.619654609599e-03 8.610983450825e-05
1.361475350515e-03 2.484853479095e-03 8.551913603887e-05
2.803565019735e-03 2.430296752135e-03 2.327409216022e-05
3.085111688281e-03 2.579067264930e-03 4.632785540253e-05
1.141762518974e-03 2.941122090517e-03 7.675772294233e-05
2.988588112224e-03 2.600934001474e-03 5.056183547899e-05
1.259953595334e-03 2.523444110160e-03 2.284771105547e-05
3.058197273124e-03 2.666169569505e-03 4.483794881880e-05
1.457543475481e-03 2.545827552358e-03 2.801829817077e-05
1.216879259279e-03 2.543611722341e-03 2.471415400097e-05
3.130725651599e-03 2.703214280834e-03 3.660330153857e-05
1.823686381866e-05 2.744521558869e-03 6.016707181756e-05
3.218236863819e-03 2.744521558869e-03 6.016707181756e-05
2.371466961064e-03 2.618669807728e-03 2.346731919059e-05
4.380316693385e-05 2.873420547461e-03 7.124293309519e-05
3.243803166934e-03 2.873420547461e-03 7.124293309519e-05
2.754857988755e-03 2.432412987958e-03 2.547889052775e-05
1.412766717681e-03 2.590640038531e-03 3.204617032631e-05
2.076823264174e-03 2.630408153973e-03 4.053170613800e-05
1.464160054906e-03 2.632740146035e-03 3.438947438435e-05
2.344283749075e-03 2.725653961459e-03 8.691631428702e-05
3.142163023226e-03 2.910234942652e-03 3.685917312341e-05
1.747851387901e-03 2.622101792980e-03 5.811529388392e-05
5.639607269499e-04 3.124338702469e-03 5.161047765362e-05
1.499262556803e-03 2.693429209494e-03 3.572007709173e-05
1.281116271565e-03 2.603736956949e-03 5.749445263829e-05
1.685749897393e-03 2.700209479424e-03 3.938463093617e-05
2.801671579665e-03 2.494638136623e-03 4.011663060463e-05
-1.413081470769e-05 2.955112751283e-03 2.578471602860e-05
3.185869185292e-03 2.955112751283e-03 2.578471602860e-05
2.915204735822e-04 3.030630236881e-03 6.278612241479e-05
9.772255443050e-04 2.983458843950e-03 2.858084086319e-05
7.911706317782e-04 3.054444729435e-03 5.894831890407e-05
2.874171477391e-03 2.558364628714e-03 5.639702557022e-05
1.616440940639e-03 2.729742489655e-03 3.595264351933e-05
2.737343503981e-03 2.540736694053e-03 3.902361456841e-05
2.971276724998e-03 2.699770203450e-03 4.820580700437e-05
3.456493221728e-04 3.119618617891e-03 4.137175977757e-05
1.835086811830e-03 2.663643528771e-03 3.850631392669e-05
1.541515239665e-03 2.763775408248e-03 4.634013644766e-05
2.600811825396e-03 2.527001372473e-03 2.843529744649e-05
1.900229043648e-03 2.731548549155e-03 5.551348396943e-05
3.045384196051e-03 2.753258310609e-03 4.318839684011e-05
2.026526248460e-03 2.683474715908e-03 2.981320258314e-05
2.212345887559e-03 2.726756452905e-03 4.473793596315e-05
2.092944064443e-03 2.712623927951e-03 4.271956860751e-05
1.340286984719e-03 2.640224431690e-03 1.202179803878e-05
2.477806585238e-03 2.757799198506e-03 4.968001143882e-05
1.045099254199e-03 3.023341876729e-03 5.014334111131e-05
1.747709905093e-03 2.730345084703e-03 2.951498599751e-05
2.028710030388e-03 2.741211060833e-03 2.757744403252e-05
1.979923186560e-03 2.838677311591e-03 7.800703281852e-05
2.662447138669e-03 2.544997675165e-03 3.577357073306e-05
2.242207849395e-03 2.805779544656e-03 3.973922276976e-05
9.597649759135e-05 2.981094729306e-03 4.840567679010e-05
4.248405795479e-04 -4.401333569789e-05 4.577116950583e-05
4.248405795479e-04 3.155986664302e-03 4.577116950583e-05
9.571254706102e-04 3.070554380772e-03 4.937256403767e-05
1.688055787751e-03 2.845303843533e-03 1.000000000000e-04
2.790028405329e-03 2.594031505757e-03 3.499325123152e-05
2.956930733838e-03 2.809451910173e-03 6.087340291961e-05
1.545299997355e-03 2.852998299327e-03 4.296300482169e-05
1.743391294868e-04 3.051204690193e-03 5.618772602891e-05
6.331168982757e-04 3.162730595652e-03 2.748764808013e-05
2.834316059747e-03 2.622010052343e-03 1.739181727882e-05
1.809217787955e-03 2.769311488384e-03 4.302122766679e-05
2.318889470410e-03 2.871884239691e-03 6.150263493816e-05
1.587267352579e-03 2.923413587014e-03 2.636737930235e-05
1.256333361333e-03 2.996900521301e-03 5.066955546665e-05
2.604326310545e-03 2.593327250411e-03 3.798362824556e-05
4.300709973657e-05 3.106808200406e-03 8.643013698863e-05
3.243007099737e-03 3.106808200406e-03 8.643013698863e-05
1.855294407401e-03 2.846614023732e-03 4.681174261967e-05
2.623808663935e-03 2.719017430490e-03 8.783256015551e-05
1.805581337945e-03 2.924325883149e-03 4.105348984621e-05
2.750701110343e-03 2.761534216207e-03 4.599334089535e-05
8.747192551751e-04 3.115159905232e-03 4.433142343651e-05
1.137089505418e-03 3.063098292288e-03 3.475387114723e-05
1.328060879096e-03 3.032637323147e-03 2.946755094923e-05
9.301670483516e-04 3.151508706304e-03 2.046280908869e-05
1.394017986629e-03 2.861157753310e-03 9.933369978976e-05
2.224598112610e-03 2.942869491400e-03 5.652180338457e-05
1.054461788508e-03 -5.160175046592e-05 7.526301310189e-05
1.054461788508e-03 3.148398249534e-03 7.526301310189e-05
1.345722419291e-03 3.084318945482e-03 2.514856481540e-05
1.898541164880e-03 2.923961035297e-03 3.987573532350e-05
2.692115556098e-03 2.811116590417e-03 2.617086415720e-05
3.102625457411e-03 2.791757179001e-03 2.434515033327e-05
6.903166747723e-04 -2.797803662705e-05 3.046184670095e-05
6.903166747723e-04 3.172021963373e-03 3.046184670095e-05
2.544815287182e-03 2.835715952792e-03 5.308764116751e-05
2.068372740729e-03 2.773459093802e-03 2.288669812396e-05
1.526805609419e-03 2.927980765705e-03 3.426661858528e-05
2.423191196448e-03 2.832283885910e-03 4.256541015541e-05
2.874083772252e-03 2.860660299170e-03 3.652228223488e-05
3.060935728571e-03 2.821662478020e-03 2.696142975815e-05
7.075816818168e-04 3.068032739920e-03 2.363475808119e-05
3.041264541910e-03 2.910512238980e-03 6.404005205413e-05
2.810811696765e-03 2.861119656078e-03 2.675146995933e-05
2.915007445448e-03 2.961173143407e-03 7.200230467119e-05
2.474070091912e-03 2.898081749395e-03 4.060923046829e-05
2.767539949591e-03 3.035416763345e-03 9.310059117859e-05
2.393679061329e-03 3.015026033700e-03 1.000000000000e-04
2.143840929974e-03 2.775206072260e-03 3.794650688041e-05
1.465276556014e-03 3.047319345887e-03 1.000000000000e-04
2.561753553147e-03 2.943968883678e-03 5.648248223262e-05
3.249377927472e-04 -1.421623087532e-05 2.754538735919e-05
3.249377927472e-04 3.185783769125e-03 2.754538735919e-05
1.702253907183e-03 3.043079901239e-03 9.828507994390e-05
2.525954248256e-03 3.025652664142e-03 3.270184010482e-05
1.211845070121e-03 3.137224130789e-03 3.176466239257e-05
1.853014225221e-03 2.999314416269e-03 4.767733284163e-05
2.071101653766e-03 2.865130672489e-03 1.693133279529e-05
2.253060437899e-03 3.043327220133e-03 4.343868668171e-05
3.028163097378e-03 3.046489969477e-03 6.971278216947e-05
3.102144956474e-03 -4.333895895536e-05 6.299359879989e-05
3.102144956474e-03 3.156661041045e-03 6.299359879989e-05
1.830781788297e-03 3.079725817387e-03 3.536502031178e-05
2.509848654845e-03 3.099318499141e-03 4.241024499877e-05
2.410515688570e-03 3.156325905970e-03 4.229942690222e-05
1.955588923053e-03 2.931434875304e-03 1.763403684274e-05
2.487091699944e-03 -2.513582980545e-05 3.648859792124e-05
2.487091699944e-03 3.174864170195e-03 3.648859792124e-05
1.510794696838e-03 -2.079903686174e-05 3.951583056733e-05
1.510794696838e-03 3.179200963138e-03 3.951583056733e-05
2.995162355668e-03 -3.517296902206e-05 4.186236186040e-05
2.995162355668e-03 3.164827030978e-03 4.186236186040e-05
2.614916767005e-03 3.053901138247e-03 6.063840198124e-05
1.927637747574e-03 3.080548121824e-03 6.149448513432e-05
2.294910585973e-03 3.119536183663e-03 4.322289618039e-05
2.592460578536e-03 3.147372174788e-03 3.549258274763e-05
2.148047484406e-03 3.037366043756e-03 6.174355036416e-05
2.214986400735e-03 3.099069730814e-03 2.406590258797e-05
2.045440370868e-03 3.098425242702e-03 5.765695835975e-05
2.886571708267e-03 3.095591140604e-03 4.027681855358e-05
2.685760990771e-03 -3.601105980245e-05 5.927604626954e-05
2.685760990771e-03 3.163988940198e-03 5.927604626954e-05
1.815744732244e-03 3.147829794608e-03 3.437926804054e-05
1.979937640573e-03 3.158558804101e-03 3.126245630065e-05
1.115625000000e-03 2.721875000000e-03 1.000000000000e-04
1.509375000000e-03 8.093750000000e-04 5.698958819213e-05
1.634375000000e-03 1.565625000000e-03 2.927933726633e-05
8.406250000000e-04 1.703125000000e-03 4.878659973703e-05
2.187500000000e-05 5.906250000000e-04 7.410415782246e-05
3.221875000000e-03 5.906250000000e-04 7.410415782246e-05
2.134375000000e-03 2.812500000000e-05 6.324298362306e-05
2.134375000000e-03 3.228125000000e-03 6.324298362306e-05
1.290625000000e-03 9.281250000000e-04 4.002811403699e-05
3.218750000000e-04 1.203125000000e-03 1.436574194896e-05
4.062500000000e-05 1.821875000000e-03 1.572486834453e-05
1.153125000000e-03 1.003125000000e-03 3.267750481940e-05
2.468750000000e-04 1.121875000000e-03 2.827618358538e-05
1.753125000000e-03 1.540625000000e-03 3.573160071509e-05
7.843750000000e-04 7.531250000000e-04 6.568748209042e-05
1.571875000000e-03 1.665625000000e-03 3.341379007663e-05
1.090625000000e-03 2.534375000000e-03 3.309102008549e-05
3.281250000000e-04 1.309375000000e-03 2.960064907545e-05
9.406250000000e-04 2.790625000000e-03 5.136463670142e-05
1.271875000000e-03 4.718750000000e-04 1.982994134031e-05
1.478125000000e-03 6.781250000000e-04 7.246873918879e-05
2.190625000000e-03 2.603125000000e-03 4.443047757398e-05
2.090625000000e-03 1.296875000000e-03 2.905194799124e-05
8.156250000000e-04 1.834375000000e-03 2.472821363067e-05
2.253125000000e-03 1.531250000000e-04 2.115167830696e-05
1.562500000000e-05 1.528125000000e-03 5.673963345452e-05
3.215625000000e-03 1.528125000000e-03 5.673963345452e-05
2.003125000000e-03 6.562500000000e-05 1.749990904731e-05
1.490625000000e-03 1.465625000000e-03 1.777993751718e-05
4.218750000000e-04 1.409375000000e-03 2.796483412192e-05
1.031250000000e-04 4.718750000000e-04 5.022121125014e-05
2.281250000000e-04 -3.437500000000e-05 7.071067811865e-05
2.281250000000e-04 3.165625000000e-03 7.071067811865e-05
2.853125000000e-03 2.703125000000e-03 6.987712429687e-05
1.284375000000e-03 2.734375000000e-03 3.254173538971e-05
9.906250000000e-04 1.040625000000e-03 3.823061072463e-05
9.531250000000e-04 2.843750000000e-04 2.825642821084e-05
2.734375000000e-03 1.896875000000e-03 2.865892828509e-05
9.906250000000e-04 1.971875000000e-03 1.687485570508e-05
2.028125000000e-03 2.978125000000e-03 2.509664537707e-05
1.403125000000e-03 8.718750000000e-04 4.724266967127e-05
1.646875000000e-03 1.740625000000e-03 6.033087443773e-05
1.343750000000e-04 2.646875000000e-03 4.473392170558e-05
2.678125000000e-03 2.903125000000e-03 2.635173770757e-05
9.843750000000e-04 2.278125000000e-03 5.520298700978e-05
1.390625000000e-03 2.696875000000e-03 1.281126594305e-05
