# 2D packing, generated 2026-09-30T17:09:02.477060+00:00
# generator = preprocess/generate_packing_gravity.py
# periodic axes = xy
# porosity_achieved = 0.324770  (target 0.325000)
# 77 distinct grains; 95 rows including 18 periodic edge images.
# Centres span [-R, L+R]: a grain need only be PARTLY inside.
# Do NOT drop the out-of-box rows -- they carry the conduction
# paths that cross the domain edge, and k_eff depends on them.
# header row is 'Lx Ly'; grain rows are 'x y r', all in metres
1.000000000000e-03 1.000000000000e-03
3.855479135298e-04 7.181196337825e-05 1.000000000000e-04
3.855479135298e-04 1.071811963378e-03 1.000000000000e-04
5.198393486767e-04 8.355455983833e-05 3.480418223478e-05
2.315734629085e-04 1.230960280968e-04 6.229213694677e-05
6.993662987033e-04 2.227679474701e-05 7.428337630115e-05
6.993662987033e-04 1.022276794747e-03 7.428337630115e-05
8.275000171772e-04 5.161786293957e-05 5.716702057572e-05
8.275000171772e-04 1.051617862940e-03 5.716702057572e-05
9.429130759130e-04 6.721370236014e-05 3.924404618769e-05
8.878847632009e-04 1.315079503295e-04 4.297711061252e-05
5.884760136173e-04 1.433833582359e-04 5.624813770701e-05
4.846810998741e-04 1.580257590322e-04 3.137828700681e-05
1.566017335071e-05 9.376852559825e-05 3.819818312420e-05
1.015660173351e-03 9.376852559825e-05 3.819818312420e-05
1.443042018783e-04 1.664475507608e-04 3.515325971891e-05
-2.981347005840e-05 1.734436459795e-04 4.939348892302e-05
9.701865299416e-04 1.734436459795e-04 4.939348892302e-05
7.129642514337e-04 1.662520385105e-04 7.032338111172e-05
6.096594678566e-04 2.803762405910e-04 8.237298355867e-05
8.367764112023e-04 2.322332286666e-04 6.997283418223e-05
4.079814533716e-04 2.255470318638e-04 5.536341373884e-05
7.611902582411e-04 2.769490826779e-04 1.784961341221e-05
7.410663288841e-04 3.684049496029e-04 7.579412931604e-05
6.589861267662e-05 1.984404729461e-04 4.953000595462e-05
4.962578240534e-04 3.541955666491e-04 5.293863615967e-05
1.552051182999e-04 2.557262938574e-04 5.434394881720e-05
5.851917310431e-04 4.134770103329e-04 5.290484383759e-05
5.074332252561e-04 4.362582781915e-04 2.812213554262e-05
3.938408803393e-05 3.246501904521e-04 7.943584901747e-05
1.039384088034e-03 3.246501904521e-04 7.943584901747e-05
6.588216041159e-04 4.204192390335e-04 2.105158081938e-05
6.491085448139e-04 4.814461921460e-04 4.039665003553e-05
1.802762321774e-04 3.789670827287e-04 7.141590868611e-05
9.390853308326e-04 2.508349094624e-04 3.401340420859e-05
2.833996397489e-04 2.601165500450e-04 7.392573408140e-05
3.657607353132e-04 3.118494494869e-04 2.299841606329e-05
9.058650110798e-04 3.279234145062e-04 4.805221362155e-05
4.592765074857e-04 4.611088013447e-04 2.606843529223e-05
3.386361664827e-04 4.977033159570e-04 1.000000000000e-04
9.491814789480e-04 3.964832991563e-04 3.304535874519e-05
8.205756318568e-04 4.200480855399e-04 1.901489454002e-05
2.095277339786e-04 4.752138421777e-04 2.917777432661e-05
1.273961896760e-05 4.541409105356e-04 5.276884939174e-05
1.012739618968e-03 4.541409105356e-04 5.276884939174e-05
8.858109140039e-04 4.887016743027e-04 7.568970611386e-05
8.336516397029e-05 4.522883980823e-04 1.788104025731e-05
8.085975010114e-05 5.025647216081e-04 3.080879413245e-05
4.997050069027e-04 4.876643486616e-04 2.230160355837e-05
1.853543751841e-04 5.768053728936e-04 7.248896473484e-05
5.832506001111e-04 5.257943356043e-04 3.900125109929e-05
4.686643144652e-04 5.637062520652e-04 4.582080300077e-05
5.536633160683e-04 6.230278420331e-04 5.783189262191e-05
2.885802948258e-04 6.258745874856e-04 3.759892566082e-05
6.289930721921e-04 6.505396452673e-04 2.236456287873e-05
3.351485411564e-04 6.593184848702e-04 1.973427448164e-05
7.882589380292e-04 5.468700020622e-04 3.786976434466e-05
-2.152017894846e-06 5.600455642567e-04 5.417898586008e-05
9.978479821052e-04 5.600455642567e-04 5.417898586008e-05
9.266205099480e-04 5.920777929518e-04 2.369637876543e-05
7.346246462747e-04 6.522452158121e-04 8.036971179146e-05
-3.020106853405e-05 6.999370354194e-04 8.849807430648e-05
9.697989314660e-04 6.999370354194e-04 8.849807430648e-05
1.035046770224e-04 7.093559705362e-04 4.553956099837e-05
8.275078220325e-04 7.714637822308e-04 7.076054854205e-05
6.756761895815e-04 8.496032305283e-04 1.000000000000e-04
2.272393826831e-04 6.861715974932e-04 4.462348095890e-05
7.306507894940e-05 8.461025295894e-04 9.046684455063e-05
1.073065078949e-03 8.461025295894e-04 9.046684455063e-05
1.759369014895e-04 7.512423449458e-04 3.813211089660e-05
5.165529163596e-04 -5.764894494585e-05 8.418189415639e-05
5.165529163596e-04 9.423510550541e-04 8.418189415639e-05
4.058557837517e-04 6.111991102289e-04 3.190819441556e-05
2.418502008724e-04 7.584667469779e-04 2.817606902038e-05
4.050909719195e-04 9.454682193880e-04 2.732381408268e-05
8.058053252941e-04 8.701121006370e-04 2.892078045248e-05
9.652195416008e-04 8.603444769900e-04 1.772399916978e-05
7.946261979239e-04 9.446739938283e-04 4.647450325293e-05
2.892510498442e-04 -6.157614453704e-05 6.321191189735e-05
2.892510498442e-04 9.384238554630e-04 6.321191189735e-05
8.773848904524e-04 -3.110550745545e-05 3.943361377306e-05
8.773848904524e-04 9.688944925445e-04 3.943361377306e-05
2.105953039560e-04 8.436004320340e-04 4.708623008454e-05
1.759293727878e-04 9.386305296559e-04 4.788979959666e-05
9.135563395023e-04 7.893412396597e-04 1.712550944757e-05
-3.518964054802e-05 9.179059666458e-04 3.943632714411e-05
9.648103594520e-04 9.179059666458e-04 3.943632714411e-05
9.422510314122e-04 -3.205448576765e-06 3.117821886371e-05
9.422510314122e-04 9.967945514232e-04 3.117821886371e-05
3.876953125000e-04 7.861328125000e-04 3.673140479154e-05
5.087890625000e-04 7.607421875000e-04 4.874523739231e-05
1.181640625000e-04 4.589843750000e-05 1.933814196248e-05
3.613281250000e-05 -4.882812500000e-06 4.719309361080e-05
3.613281250000e-05 9.951171875000e-04 4.719309361080e-05
1.036132812500e-03 -4.882812500000e-06 4.719309361080e-05
1.036132812500e-03 9.951171875000e-04 4.719309361080e-05
