# 2D packing, generated 2026-09-28T18:44:13.758303+00:00
# generator = preprocess/generate_packing_gravity.py
# periodic axes = xy
# porosity_achieved = 0.325331  (target 0.325000)
# 308 distinct grains; 340 rows including 32 periodic edge images.
# Centres span [-R, L+R]: a grain need only be PARTLY inside.
# Do NOT drop the out-of-box rows -- they carry the conduction
# paths that cross the domain edge, and k_eff depends on them.
# header row is 'Lx Ly'; grain rows are 'x y r', all in metres
2.000000000000e-03 2.000000000000e-03
9.305230728113e-04 4.483285477974e-05 1.000000000000e-04
9.305230728113e-04 2.044832854780e-03 1.000000000000e-04
-5.402944226693e-05 4.341980574032e-05 8.918643487546e-05
-5.402944226693e-05 2.043419805740e-03 8.918643487546e-05
1.945970557733e-03 4.341980574032e-05 8.918643487546e-05
1.945970557733e-03 2.043419805740e-03 8.918643487546e-05
1.077436153493e-03 9.424903486533e-05 5.190017896423e-05
6.511212291083e-04 7.180822761300e-06 4.932248647248e-05
6.511212291083e-04 2.007180822761e-03 4.932248647248e-05
7.974401873112e-04 5.790001425852e-05 3.372304005872e-05
7.175247493532e-04 7.992529316071e-05 4.917214463966e-05
5.809539596311e-04 1.457042406342e-05 2.123286094338e-05
5.809539596311e-04 2.014570424063e-03 2.123286094338e-05
1.408024744741e-03 3.374694913872e-05 3.658535662805e-05
1.408024744741e-03 2.033746949139e-03 3.658535662805e-05
1.257704084491e-03 6.479404984625e-05 5.207030438298e-05
7.878890623213e-04 1.144571021014e-04 2.363486763420e-05
1.174529496752e-03 1.227082041217e-04 4.927807530168e-05
6.270380130534e-04 1.022532902768e-04 4.402870577038e-05
7.529295852878e-04 1.371114908644e-04 1.802310548147e-05
1.825103001537e-03 1.177961218098e-04 5.273186086743e-05
4.516525454476e-04 2.259959753839e-05 5.266726287070e-05
4.516525454476e-04 2.022599597538e-03 5.266726287070e-05
1.900291226644e-03 1.523581745765e-04 2.891076009288e-05
8.479026329895e-04 1.800758772425e-04 5.848424372770e-05
1.109022186496e-03 1.934334854336e-04 4.712354871839e-05
1.012183038692e-03 1.685083841892e-04 4.673917320035e-05
6.974259693816e-04 1.652623885344e-04 3.849989273560e-05
1.200229092653e-03 2.096327970948e-04 4.132238631481e-05
1.009251840922e-04 6.507891396145e-05 6.727459402195e-05
1.009251840922e-04 2.065078913961e-03 6.727459402195e-05
1.855767561661e-03 2.212882830855e-04 5.314846609518e-05
3.214182769873e-04 1.022634237492e-04 1.000000000000e-04
4.659039032239e-04 1.125784424603e-04 3.843319822492e-05
2.871596474340e-05 1.237544470159e-04 2.576835083508e-05
7.491040001327e-04 2.567984399680e-04 6.660717438416e-05
5.442872185577e-04 3.272978842846e-05 1.968429801598e-05
1.143278381378e-03 2.929601521629e-04 5.813349037183e-05
4.312316225508e-04 1.677166681674e-04 2.670044181620e-05
1.930918676125e-03 2.459913827671e-04 2.595843996626e-05
8.764611359338e-04 2.948994255763e-04 5.983785432572e-05
8.164461601515e-05 1.752046401154e-04 4.328127884469e-05
3.938467634102e-04 2.123287705910e-04 3.150494809319e-05
5.318263612810e-04 8.389651383433e-05 3.297790278785e-05
5.236942520915e-04 2.054808188897e-04 7.097692972720e-05
-1.551955288560e-05 1.614734475925e-04 3.236515104913e-05
1.984480447114e-03 1.614734475925e-04 3.236515104913e-05
1.226851448869e-03 2.916828281404e-04 2.537010688114e-05
6.122123981906e-04 3.517624125582e-04 1.000000000000e-04
1.477842788611e-03 6.135173096586e-05 3.849208225466e-05
1.751182279781e-03 2.569647031473e-04 5.735442135313e-05
4.308329168897e-04 4.360297810531e-04 1.000000000000e-04
1.895691263328e-03 3.131230061111e-04 4.698903091739e-05
5.731596624286e-04 5.022942492058e-04 5.551539882839e-05
7.903552578857e-04 3.719448605947e-04 5.570542112071e-05
1.576430051690e-03 1.289459560734e-05 1.729246480789e-05
1.576430051690e-03 2.012894595607e-03 1.729246480789e-05
2.927860070854e-04 4.959927578219e-04 5.050862923210e-05
1.795350845010e-04 1.530425816582e-04 5.069626632876e-05
1.216311797822e-03 3.619557377288e-04 4.233675768746e-05
1.198367752757e-05 2.408631755143e-04 5.165363606367e-05
2.011983677528e-03 2.408631755143e-04 5.165363606367e-05
1.568943491271e-03 8.584596123583e-05 5.584418018727e-05
1.801264467205e-03 3.717466314662e-04 6.415569129580e-05
9.756229975323e-04 3.336805700346e-04 4.663785637410e-05
1.653278021840e-03 7.732868883528e-05 2.818419401479e-05
4.990433060327e-04 5.616720816772e-04 3.945288160070e-05
1.904786169931e-03 4.052780142164e-04 4.466109573407e-05
1.718674058358e-03 4.025332653584e-04 2.398619639439e-05
1.401348611070e-03 1.413857536649e-04 7.126039792800e-05
1.745569132763e-03 4.726383423855e-04 5.108799664746e-05
1.132118945893e-03 4.031777373327e-04 5.111393481685e-05
8.976001739312e-05 2.694261043846e-04 3.120165918203e-05
2.553920244227e-04 2.228968273845e-04 3.752048935846e-05
7.293897542024e-04 5.152186022988e-04 1.000000000000e-04
1.857368700419e-04 2.370728636706e-04 3.356256541962e-05
1.429131695854e-05 4.159052915537e-04 6.535852183044e-05
2.014291316959e-03 4.159052915537e-04 6.535852183044e-05
1.850082953725e-03 4.534478245877e-04 2.822767222437e-05
5.939356442485e-04 6.338179297389e-04 7.763929586496e-05
1.928700497299e-03 5.150700596716e-04 6.563552248389e-05
4.582926225651e-04 6.542458793083e-04 5.953335714538e-05
1.647722099087e-03 4.726383334891e-04 4.675903690360e-05
1.831886994936e-04 5.437325213592e-04 6.903583097443e-05
1.809471858706e-03 4.882760294343e-04 1.470026704095e-05
1.491020755618e-03 1.812799549133e-04 2.688562920423e-05
7.264274361028e-04 6.788346278561e-04 6.229138137129e-05
3.805822189939e-04 6.540529425396e-04 1.817730093494e-05
1.573595436608e-03 4.996441652438e-04 3.213378304243e-05
1.058315919933e-03 4.394839704939e-04 3.113586279535e-05
7.725817371323e-05 5.415867810696e-04 3.691685967846e-05
9.117053763292e-04 3.778896500718e-04 3.032620041583e-05
1.129772632643e-05 5.962050994359e-04 4.872181169640e-05
2.011297726326e-03 5.962050994359e-04 4.872181169640e-05
1.050513803756e-04 6.341443423394e-04 5.046232703455e-05
2.632008384993e-04 5.877781143014e-04 2.126112441906e-05
1.300136878512e-03 1.352068066843e-04 3.013978700814e-05
6.519941952759e-04 7.067254316617e-04 1.556106195343e-05
3.483043026885e-04 6.718612022378e-04 1.868729614434e-05
8.662147381358e-04 4.366810122101e-04 4.400970767049e-05
2.790987907293e-05 6.844711083176e-04 4.109389831404e-05
2.027909879073e-03 6.844711083176e-04 4.109389831404e-05
5.239449911296e-04 7.196607963451e-04 3.312036434206e-05
2.812464162522e-04 6.552072707672e-04 4.854098169621e-05
8.208398578486e-04 7.011512397660e-04 3.472274658618e-05
1.692367436942e-03 5.577538499394e-04 4.928665186676e-05
1.811987078051e-03 5.696994100998e-04 6.323025327034e-05
1.102841763173e-03 4.721575021762e-04 2.382178020550e-05
1.783531823407e-04 7.510751491612e-04 8.754484820558e-05
3.701324838031e-04 7.885239828450e-04 1.000000000000e-04
3.328727286286e-05 7.953568316637e-04 6.404801678805e-05
2.033287272863e-03 7.953568316637e-04 6.404801678805e-05
1.223035542917e-03 4.618957673112e-04 5.711561132871e-05
1.736322290337e-03 6.253162167238e-04 3.067602596015e-05
6.158459698399e-04 7.483291623871e-04 3.894928188462e-05
1.135663732111e-04 8.749470643010e-04 4.899772211438e-05
1.045289648735e-03 3.423008766049e-04 2.356015133644e-05
1.926572457199e-03 6.202635867712e-04 3.935316500281e-05
1.916863933169e-03 8.053305335385e-04 5.280175323522e-05
7.800416430085e-04 7.346085417241e-04 1.507279198958e-05
-2.534256506074e-05 8.853288595124e-04 4.334110598588e-05
1.974657434939e-03 8.853288595124e-04 4.334110598588e-05
2.547669219541e-04 8.385478232973e-04 2.574417499316e-05
1.455307737854e-03 3.039234980636e-04 1.000000000000e-04
7.476667433956e-04 7.816878939096e-04 4.206388439282e-05
1.587892588723e-03 5.939531657966e-04 6.128180827875e-05
1.146298438575e-03 5.007787507094e-04 2.821338583237e-05
5.238877739709e-04 8.076352760144e-04 5.485415771464e-05
1.072236314215e-03 5.564970642203e-04 6.446740357502e-05
4.730146721189e-04 9.464754672250e-04 8.850309404699e-05
9.767203899229e-04 5.759759207308e-04 3.301448009737e-05
3.634287058930e-04 9.998018790324e-04 3.336892994664e-05
6.243240887051e-04 9.629938682617e-04 6.370530678879e-05
1.670617205313e-03 6.664190747748e-04 4.682625231558e-05
1.949108162176e-04 8.813762728394e-04 3.260039753592e-05
4.863298534535e-05 9.715976644963e-04 6.743974341040e-05
2.048632985345e-03 9.715976644963e-04 6.743974341040e-05
1.200689635775e-03 5.836905859142e-04 6.671216182631e-05
1.509460031734e-03 6.246506672910e-04 2.294409387650e-05
1.820923287747e-03 8.053305335385e-04 4.313889218695e-05
1.428663825619e-03 6.281122281079e-04 5.792623025934e-05
1.532256074663e-03 7.473151672151e-04 1.000000000000e-04
1.946275493315e-03 9.899477950521e-04 3.654959963073e-05
1.525925047949e-04 1.019522202175e-03 4.703445890569e-05
6.739785573076e-04 8.188902791923e-04 4.048286849109e-05
1.011296931661e-03 6.385605231309e-04 3.774815118239e-05
9.344318709631e-04 4.572813249249e-04 2.723682809036e-05
1.762128006179e-03 8.053305335385e-04 1.565638938143e-05
7.238365458706e-04 1.002421987198e-03 4.333349809983e-05
1.075375149650e-03 6.752591447219e-04 3.609497203990e-05
4.073208650749e-04 1.069694951064e-03 4.916291189633e-05
7.974182181482e-05 1.082882973941e-03 4.811188922505e-05
8.181980515050e-04 7.642951228076e-04 2.847637849675e-05
1.307416646520e-03 6.723880161165e-04 7.115213292900e-05
1.681132050738e-03 7.633382367000e-04 4.973575060022e-05
1.764017632330e-04 1.120216848972e-03 5.550742605839e-05
-1.398004113947e-05 1.036957642685e-03 2.307168036849e-05
1.986019958861e-03 1.036957642685e-03 2.307168036849e-05
8.787194058816e-04 7.966925878441e-04 4.017076392333e-05
1.383070690510e-03 7.754874919987e-04 5.182212858747e-05
8.510620779115e-04 9.341077075289e-04 1.000000000000e-04
-5.235074736262e-06 1.106730245947e-03 4.014775800737e-05
1.994764925264e-03 1.106730245947e-03 4.014775800737e-05
6.652591471323e-04 1.061665007510e-03 3.997736693498e-05
2.806879070599e-04 9.053605138244e-04 4.592055193111e-05
7.903191317864e-04 1.059630805731e-03 3.944803307503e-05
1.302815275188e-03 7.964602175858e-04 3.112838019295e-05
1.203133870008e-03 8.413550185046e-04 7.819648289116e-05
7.304212330395e-04 1.170737940909e-03 8.677618824891e-05
5.696912567349e-04 1.170864911911e-03 7.395383925125e-05
1.306131785563e-03 8.602863466697e-04 2.652679911881e-05
4.634944129189e-04 1.171377655379e-03 3.218163510667e-05
4.039357442596e-04 1.175309260566e-03 2.750665965723e-05
2.678320852528e-04 1.132957859125e-03 3.680637098378e-05
1.646855078597e-03 8.892980515744e-04 8.080461014041e-05
3.311473054356e-04 1.182994441799e-03 4.389354668962e-05
3.918280512819e-04 1.246892307147e-03 4.422620201944e-05
9.980297461061e-04 7.449176478073e-04 6.799450149803e-05
1.091646324132e-03 7.986132896408e-04 3.992808943287e-05
3.061755514007e-04 1.267600571492e-03 4.389407344586e-05
1.361180798800e-03 8.527923821788e-04 2.852221411822e-05
4.897277029640e-05 1.175313092783e-03 4.727133225971e-05
1.440249030853e-03 8.497765188273e-04 3.770847717151e-05
1.938735021653e-03 1.112943111693e-03 1.622554950074e-05
1.287183880395e-03 9.246686495480e-04 4.014862838849e-05
5.015806481306e-04 1.307174619779e-03 7.842526755166e-05
8.913012054700e-04 1.100556229977e-03 6.951191168833e-05
1.519800662992e-03 8.969910537867e-04 4.648249371492e-05
3.609286790657e-04 1.380261171022e-03 7.989006770056e-05
1.779167467094e-03 8.872996709105e-04 4.885289027176e-05
1.078662987920e-03 8.986111787199e-04 5.881179558257e-05
1.012890424898e-03 1.017752910953e-03 7.727928570473e-05
8.567089150829e-04 1.216386352929e-03 4.750842067584e-05
1.749555433631e-03 1.010950583708e-03 7.829435020698e-05
4.859570669533e-04 1.446053276282e-03 6.132944160824e-05
1.918883962507e-04 1.382033278292e-03 8.915950366348e-05
4.106339418449e-04 1.490711132843e-03 2.385105671815e-05
1.562617007156e-03 9.490558395523e-04 2.092656535245e-05
4.530386050791e-04 1.561003795730e-03 5.824166071579e-05
2.815397525716e-04 1.440500618191e-03 1.775604999399e-05
3.325114132982e-04 1.563698371281e-03 6.231565078127e-05
1.146364745232e-03 1.018309960479e-03 5.619619703585e-05
1.871052951927e-03 1.016140918960e-03 4.310283581782e-05
1.353002197467e-03 9.073560595698e-04 2.665100773977e-05
1.092073853833e-03 1.080847115186e-03 2.396741313428e-05
1.039732835654e-03 1.189055604914e-03 9.611370138951e-05
1.239381401180e-03 1.041048922849e-03 3.955952704039e-05
9.222855518324e-04 1.348318581724e-03 9.982252753927e-05
1.884634438532e-03 1.112943111693e-03 3.787503362051e-05
1.302522547793e-04 1.210740852613e-03 4.139365950376e-05
1.648196673740e-03 1.058055673702e-03 3.347544763611e-05
1.772079328309e-03 1.192572704550e-03 1.000000000000e-04
1.192035637317e-03 1.112232767501e-03 4.593176547052e-05
1.597190997656e-03 1.212919266161e-03 7.605802980897e-05
1.675245228027e-03 1.291058116611e-03 3.438717375775e-05
3.987258097559e-04 1.630631721182e-03 2.798894562782e-05
1.047094899873e-03 1.395943496998e-03 3.376454489345e-05
-1.985858865242e-05 1.184891914638e-03 2.222334237708e-05
1.980141411348e-03 1.184891914638e-03 2.222334237708e-05
6.403975501832e-04 1.275204346720e-03 5.108907967965e-05
7.635245596401e-04 1.312693641493e-03 5.898818146003e-05
1.009383565534e-03 1.454022571823e-03 3.548029158507e-05
5.270767862945e-05 1.457229229058e-03 6.903563902135e-05
2.052707678629e-03 1.457229229058e-03 6.903563902135e-05
1.484100760029e-03 1.257131781987e-03 4.536745537535e-05
6.718180196459e-04 1.381145361191e-03 5.544838615119e-05
1.584828035500e-03 1.390479649919e-03 1.000000000000e-04
1.365589218967e-03 1.257128466722e-03 7.314408583995e-05
1.177837557519e-03 1.199640271475e-03 4.239604327695e-05
7.676934802865e-04 1.420253206288e-03 4.793200225626e-05
6.923967896942e-04 1.487407664257e-03 5.278823004097e-05
1.469129584152e-03 1.431967205628e-03 2.291197792143e-05
6.107759519125e-04 1.522354097128e-03 3.598215378598e-05
9.321486923227e-04 1.507507501069e-03 5.846577430609e-05
1.416200815258e-03 1.433338785248e-03 3.003147120017e-05
8.340505853128e-04 1.426217927738e-03 1.787928820702e-05
6.644753257353e-04 1.575332794459e-03 3.945235887873e-05
2.145582739480e-04 1.575723252646e-03 5.624885139165e-05
2.842230318158e-04 1.648182552881e-03 3.499490769224e-05
1.456262968171e-03 1.513002760411e-03 5.913874183883e-05
1.920496809876e-03 1.234656876516e-03 5.426868238444e-05
1.743363212422e-03 1.340629019607e-03 4.985850490662e-05
1.858165857879e-03 1.285940127171e-03 2.644760701580e-05
2.032951708076e-04 1.679327812920e-03 4.796613046289e-05
1.549328809594e-03 1.518379373578e-03 3.246967171182e-05
5.584327655530e-04 1.592439838390e-03 5.026112482872e-05
1.440417323702e-04 1.494118310584e-03 2.938916534028e-05
7.846265223461e-04 1.577179510874e-03 7.591807852151e-05
1.756666551411e-03 1.492810099382e-03 1.000000000000e-04
1.141129374986e-03 1.254233248978e-03 2.339061082210e-05
1.104347430323e-03 1.471883195771e-03 6.114857316777e-05
4.861584523628e-04 1.658365946848e-03 4.459955054876e-05
5.524664997883e-04 1.692888953421e-03 3.015736957423e-05
1.061129480893e-04 1.555982398689e-03 4.317637795779e-05
1.463309047062e-05 1.605675520135e-03 6.092919667192e-05
2.014633090471e-03 1.605675520135e-03 6.092919667192e-05
6.869396848633e-04 1.673561728756e-03 6.131257908334e-05
1.230725256253e-03 1.290559023743e-03 6.278631356811e-05
1.192621069445e-03 1.471883195771e-03 2.712506595384e-05
8.880848234797e-04 1.640310910613e-03 4.528094093199e-05
1.310969390771e-03 1.348346134204e-03 3.317613095476e-05
1.904013595702e-03 1.316747999365e-03 2.878951865743e-05
6.067291161748e-04 1.709584167937e-03 2.661554302169e-05
7.400058038365e-05 1.755253952719e-03 1.000000000000e-04
2.074000580384e-03 1.755253952719e-03 1.000000000000e-04
1.963016296647e-03 1.330468328120e-03 3.178742530570e-05
2.652738997132e-04 1.813687825184e-03 1.000000000000e-04
5.050389585087e-04 1.739213810051e-03 3.614017396128e-05
1.904045927201e-03 1.607932083281e-03 4.968098710141e-05
4.111486614787e-04 1.703018258305e-03 4.269477037599e-05
1.025106659362e-03 1.677616626050e-03 9.672860956883e-05
9.035466080277e-04 1.710248394300e-03 2.494508220375e-05
8.166197611744e-04 1.693149678615e-03 3.939633297863e-05
1.351687343993e-03 1.557156758608e-03 5.437622752451e-05
6.088701284382e-04 1.836181595256e-03 1.000000000000e-04
1.245157099211e-03 1.471883195771e-03 2.541096381290e-05
4.204584331896e-04 1.897425211614e-03 7.633544547923e-05
1.393488421771e-04 1.878100043894e-03 3.825843073423e-05
1.925644315108e-03 1.710360652703e-03 5.499996720303e-05
1.968857792423e-03 1.821026785784e-03 2.402044759231e-05
1.188072240672e-03 1.683403730814e-03 6.633975937203e-05
8.145445349311e-05 1.875473506662e-03 1.819401942038e-05
1.645486848498e-03 1.557207948840e-03 2.830645415478e-05
5.335984787721e-04 -3.618014385462e-05 4.818013013931e-05
5.335984787721e-04 1.963819856145e-03 4.818013013931e-05
1.797402525744e-03 1.645189633736e-03 5.773060667260e-05
7.558762260384e-04 1.759711160810e-03 4.902315986828e-05
9.271930560538e-04 1.776998466497e-03 4.278423092216e-05
8.403548437184e-04 1.815446500372e-03 5.218488952210e-05
1.356578780398e-05 1.894924559480e-03 5.218489408953e-05
2.013565787804e-03 1.894924559480e-03 5.218489408953e-05
7.708802049630e-04 -6.178756491278e-05 8.887613272235e-05
7.708802049630e-04 1.938212435087e-03 8.887613272235e-05
1.852241257306e-03 1.748438615499e-03 2.769187124189e-05
1.126672881238e-03 1.770447122693e-03 3.859343731093e-05
1.685129686500e-03 1.647455355725e-03 5.446704070472e-05
1.057348843815e-03 1.815438342019e-03 3.988771910355e-05
1.445501849835e-03 1.620171555196e-03 4.856905926478e-05
1.336637502680e-03 1.693255004961e-03 8.255182233414e-05
1.443670197203e-03 1.705972031344e-03 2.523377470183e-05
1.895772194093e-03 1.812402991512e-03 4.957217779207e-05
3.006984702643e-04 -4.348283197083e-05 4.710104056211e-05
3.006984702643e-04 1.956517168029e-03 4.710104056211e-05
1.179181853064e-03 -9.692817819405e-05 1.000000000000e-04
1.179181853064e-03 1.903071821806e-03 1.000000000000e-04
1.037667058141e-03 1.943808083687e-03 4.726243693232e-05
1.742649576194e-03 1.718345181054e-03 3.364565728701e-05
1.868879930169e-04 1.932163398956e-03 2.834881725533e-05
1.288154280041e-03 1.809649539550e-03 4.353721874070e-05
1.502387188612e-03 1.725640695256e-03 3.668995908677e-05
1.601690200267e-03 1.732288459698e-03 6.283536773210e-05
1.202201065314e-04 1.956788321394e-03 4.272152759552e-05
1.401550289522e-03 1.849267504216e-03 7.658067016512e-05
1.522325702204e-03 1.928624360714e-03 6.793324026385e-05
1.689458237356e-03 1.744993023517e-03 2.584743705441e-05
1.329184972845e-03 -2.947393692144e-05 6.447241829592e-05
1.329184972845e-03 1.970526063079e-03 6.447241829592e-05
1.667942886337e-03 1.804408091772e-03 3.509655195941e-05
1.425825218108e-03 1.954460046826e-03 2.812418376801e-05
1.774691200783e-03 1.831764459339e-03 7.241269954847e-05
1.678158827029e-03 1.862992240325e-03 2.292144074646e-05
1.706677317859e-03 1.922124096677e-03 4.068353059103e-05
1.631652480058e-03 -2.650427983351e-05 5.024379228554e-05
1.631652480058e-03 1.973495720166e-03 5.024379228554e-05
1.427734375000e-03 1.056640625000e-03 3.902026876677e-05
1.816406250000e-04 3.730468750000e-04 2.120507574637e-05
1.376953125000e-03 4.824218750000e-04 6.784047778341e-05
1.634765625000e-03 3.378906250000e-04 8.154467195311e-05
2.792968750000e-04 3.378906250000e-04 1.882842540703e-05
1.541015625000e-03 1.041015625000e-03 4.970563171033e-05
1.326171875000e-03 1.115234375000e-03 3.714463023520e-05
8.769531250000e-04 6.074218750000e-04 4.850137041038e-05
1.791015625000e-03 -1.953125000000e-06 5.632231690655e-05
1.791015625000e-03 1.998046875000e-03 5.632231690655e-05
1.916015625000e-03 1.423828125000e-03 7.202769107260e-05
1.646484375000e-03 1.855468750000e-04 3.369536001953e-05
1.849609375000e-03 6.972656250000e-04 3.312656332528e-05
5.664062500000e-05 1.294921875000e-03 2.822943524657e-05
2.675781250000e-04 1.029296875000e-03 6.821972342411e-05
1.302734375000e-03 2.402343750000e-04 2.600187798299e-05
