# periodic 2D packing, generated 2026-07-28T01:51:41.882934+00:00
# porosity_achieved = 0.325394  (target 0.325000)
# header row is 'Lx Ly'; grain rows are 'x y r', all in metres
2.000000000000e-03 2.000000000000e-03
2.942426520834e-04 6.333230783277e-04 2.659429654361e-05
7.023493752379e-04 7.315661310943e-04 2.048070025973e-05
6.206530023054e-04 6.651652368481e-06 3.507475632550e-05
8.741116409113e-04 1.192012914416e-03 4.900317582684e-05
3.150191915000e-04 9.871607508318e-04 7.008338560362e-05
1.453110749779e-03 1.603204354729e-03 4.195156294005e-05
1.733081602150e-03 8.203908960729e-04 3.012450106458e-05
1.974071577745e-03 2.956161422624e-04 2.682333753409e-05
1.757684777215e-03 1.931657485290e-03 5.774491970971e-05
3.307353227679e-04 3.177062997879e-04 8.993201637220e-05
6.917459088556e-04 1.781211949316e-03 4.551522465055e-05
1.007433516756e-03 1.933523580983e-03 2.143442249969e-05
8.465253532191e-04 9.260296919503e-04 2.459467330199e-05
4.326986344789e-04 1.637345829248e-04 8.838232747970e-05
1.416033857930e-03 9.152031121093e-04 4.395224528237e-05
1.715410905840e-03 1.043693265624e-03 1.670311232041e-05
4.350669410008e-04 1.573561038197e-03 3.808476728373e-05
2.630207890425e-04 1.993350244546e-03 2.219905017489e-05
1.010936021707e-03 4.959778087497e-04 2.899195688542e-05
3.316400757700e-04 5.533779868889e-05 3.111405287726e-05
1.913677319920e-03 1.964363972263e-03 2.779915998725e-05
1.658659087690e-03 1.990384202615e-03 5.237093306656e-05
1.664136532205e-03 1.895692409450e-03 3.847926419287e-05
7.910298911898e-04 1.703290444399e-03 2.957551611456e-05
1.617442766594e-03 1.739440047243e-03 4.873909124395e-05
7.806754132245e-04 8.155988723686e-04 6.013488625706e-05
9.326248784360e-04 3.963181953485e-04 1.746416040443e-05
1.812867769543e-04 1.180640113424e-03 3.492830131747e-05
7.483838669733e-05 8.650153069426e-04 2.431975083437e-05
1.361904983405e-03 1.410679593012e-03 3.641879098678e-05
4.147836555570e-04 3.971941411079e-04 2.084164433062e-05
1.943592254876e-03 9.547518316642e-04 4.012532522804e-05
1.101479669924e-03 1.856842480123e-03 3.896717477343e-05
1.155076783940e-03 1.178362510753e-03 3.410669209963e-05
1.780905428687e-03 1.849619368240e-03 2.351642791679e-05
5.187193451482e-04 1.538808714260e-03 3.257572322264e-05
2.741979408876e-05 2.883938057903e-04 2.301159084847e-05
4.635935004359e-04 1.297316460494e-03 2.016721198674e-05
9.590637742749e-04 3.210909586323e-04 4.443624014527e-05
3.141182981141e-04 1.601420215531e-04 2.280517584230e-05
5.321224839533e-04 1.225169510877e-03 7.129388364492e-05
1.450815808196e-03 1.981699731476e-03 5.682386055474e-05
7.590635551747e-04 8.830674324984e-05 1.462531810346e-05
6.729760249875e-04 7.950855797105e-04 4.550066423749e-05
4.434257428892e-04 4.370952677336e-04 2.289238164562e-05
1.092661089265e-03 1.226203867139e-03 4.037420535945e-05
1.331579924240e-05 6.373001551712e-04 4.058824473169e-05
3.368260308780e-04 4.801489038829e-04 1.469412267273e-05
1.731201330083e-03 1.116346447011e-03 3.533772986651e-05
1.510144869582e-03 1.041053646401e-03 3.494472313681e-05
1.231041443329e-03 1.713616357498e-03 6.424235675530e-05
1.041322467165e-03 1.607325142189e-03 2.199772603108e-05
1.001422647244e-03 1.848504359507e-03 5.743669809638e-05
2.396315898565e-04 2.445248465897e-04 2.292380999665e-05
1.211871443974e-03 9.869640407383e-05 3.365013417391e-05
1.955841070694e-03 1.508383326157e-03 2.608670781698e-05
1.505506772104e-03 8.210359457107e-04 8.194334830990e-05
8.275531789642e-04 1.097222560252e-04 5.276082896189e-05
8.558920477504e-04 1.044253868936e-03 9.000000000000e-05
1.813165514722e-03 7.076529361925e-04 5.474142192823e-05
1.954915911640e-03 5.498230300550e-04 6.059175675211e-05
4.026770734693e-04 1.365000479930e-03 6.046132641938e-05
1.908001976284e-03 1.469288689055e-03 2.932254640002e-05
1.309234799237e-03 5.471996409713e-04 3.834592509327e-05
1.598684710878e-03 1.361986598984e-03 7.801155241776e-05
1.077754356164e-03 4.414591320131e-04 3.256985304109e-05
1.522992842978e-04 1.737523007272e-03 4.364384461118e-05
1.078794276372e-03 7.725554626280e-04 3.929317185222e-05
1.211024541234e-03 9.470605422134e-04 5.385367983539e-05
1.388783789977e-04 4.456754902462e-04 3.308923883496e-05
1.093761278595e-03 9.226978181856e-04 3.679940017287e-05
1.889148305971e-03 6.372725971147e-04 4.482890822074e-05
1.289095366603e-04 1.572681794968e-03 4.181161028652e-05
8.877855502236e-05 2.823099814486e-04 2.576910043564e-05
2.509190922444e-04 1.107372092146e-03 6.215019847064e-05
1.285904950448e-03 8.259517225154e-04 2.074741966908e-05
1.766956248303e-03 1.802335289585e-03 2.178245251954e-05
3.175574451990e-04 1.335384369942e-03 2.091395401484e-05
1.790863520529e-03 1.201213441673e-03 6.440225378999e-05
4.527331398717e-04 3.533295524155e-04 3.316046341602e-05
1.064864828433e-03 3.029584187246e-04 2.443812225422e-05
1.509759432284e-03 1.212358608624e-03 2.250307108754e-05
2.663623092598e-04 1.832525676672e-03 4.901998433329e-05
9.394712099527e-04 2.403078563991e-04 2.343527013930e-05
1.779627719942e-03 8.503252621975e-04 2.102313261852e-05
7.731566029583e-04 6.977210860252e-04 5.398245147180e-05
1.594832964272e-03 3.556917905207e-05 2.183051204202e-05
9.568736619562e-04 1.218187800538e-03 3.379941228752e-05
1.857569672065e-03 9.383125100324e-04 3.957832894482e-05
7.864362524650e-04 9.319462545930e-04 3.178501035927e-05
1.635288698545e-03 1.649707851761e-03 3.865265665805e-05
7.919474559268e-05 1.247664107708e-03 7.755979903635e-05
6.456511822921e-04 5.125643360071e-04 3.066786652638e-05
2.869972493949e-04 1.919487467117e-03 2.115780589246e-05
7.872440368468e-04 1.909081554655e-03 1.585190428346e-05
7.463495598447e-04 1.474555680754e-03 3.584770080916e-05
5.424399113407e-04 2.438168227617e-04 3.329922037548e-05
7.943906376267e-04 1.249598512480e-03 4.534082964599e-05
1.358945876998e-03 1.990699844595e-03 3.148591156726e-05
1.212501233315e-03 6.401410397314e-04 3.126012295366e-05
4.739951327623e-04 8.565512024514e-04 2.768815254782e-05
1.338345818611e-03 9.034223460069e-04 3.062395676858e-05
1.472871469109e-03 1.516450123585e-03 4.302476339892e-05
7.961342477478e-04 1.156128944611e-03 3.283470798388e-05
1.011795587821e-03 1.275745626115e-03 4.175768124066e-05
3.556582432894e-04 8.281896062526e-04 9.000000000000e-05
1.684569932190e-03 1.490191599056e-03 5.046204982553e-05
7.083239528176e-04 3.696534608043e-04 1.805851948498e-05
5.550615665556e-04 1.737076861951e-03 9.000000000000e-05
1.852411101624e-03 1.631294033202e-03 4.725543504654e-05
6.131100551472e-04 1.840732402344e-03 2.480278255176e-05
3.734959587291e-04 1.875740471672e-03 6.250127575495e-05
7.179415312750e-04 1.629092980366e-03 4.006448556851e-05
1.024425580161e-03 5.664716680854e-04 2.919662800289e-05
1.284909500770e-03 1.901239628486e-03 2.893083632242e-05
7.957947602763e-04 1.645745939183e-03 2.416599777768e-05
1.306444128485e-03 9.716343338194e-04 4.067940650692e-05
1.951781411431e-03 1.995800399129e-04 6.776669409041e-05
1.854603923152e-03 1.928225732782e-03 3.375526618870e-05
9.306884788133e-04 4.781924038622e-04 4.901246003915e-05
8.278765001858e-04 2.768817512560e-04 9.000000000000e-05
9.247347482816e-04 1.137164629532e-03 2.163618562191e-05
5.738345649029e-04 1.599179281680e-03 4.516957098034e-05
1.592756758896e-03 5.952223538002e-04 3.407091290669e-05
8.878048532649e-04 3.947415071057e-04 2.338358872693e-05
1.783090362606e-04 1.523668219852e-03 2.377747942481e-05
7.281414931234e-04 1.118959432044e-03 3.941001288631e-05
9.941808715563e-04 1.108922446956e-03 4.933304770770e-05
7.392039444312e-04 1.191979562407e-03 3.044334999690e-05
2.150712689139e-04 1.581568058078e-03 4.080716839569e-05
1.774046361897e-03 1.556630401083e-03 5.698378860751e-05
3.203952650253e-04 5.612682383690e-04 4.605991795969e-05
1.402527758770e-03 7.042577309574e-04 6.131334901939e-05
8.049178395630e-04 1.976677817744e-03 5.001686726529e-05
9.820544242213e-04 1.655985283841e-03 5.068679016379e-05
1.257833021767e-03 1.097234886003e-03 9.000000000000e-05
1.959479878245e-03 7.201667607611e-04 5.423076821480e-05
9.645861936345e-04 1.751455262506e-03 4.236819894507e-05
9.100853857571e-04 5.859709968354e-04 5.663540906694e-05
8.494447864838e-04 8.724337390746e-04 2.508075081243e-05
1.996867723876e-03 1.167222992081e-03 3.354239284555e-05
5.210189591954e-05 1.499693693856e-03 5.904340886582e-05
1.060508729068e-03 1.448436112972e-03 5.443764073225e-05
8.886688137131e-04 1.448286555706e-03 8.612875563590e-05
6.931348447232e-04 4.297427772193e-04 3.992086039650e-05
2.099383945810e-04 7.087223072437e-04 1.911548222806e-05
6.111965314286e-04 1.452383117794e-03 9.000000000000e-05
1.347300323623e-03 1.239361552413e-03 6.858740347445e-05
1.650583105503e-03 1.807976924764e-03 2.338965365216e-05
1.516437189960e-03 1.051797056433e-04 7.900999194255e-05
1.964181880397e-03 2.534743095756e-05 4.036099664901e-05
6.330541766240e-04 8.948882960560e-04 1.603378574225e-05
9.944872568855e-04 6.245955958850e-04 3.218451798670e-05
1.688851708052e-03 1.418938724673e-04 3.079063461421e-05
1.138845736899e-03 2.044438730790e-04 8.797798123504e-05
1.601851706378e-03 1.929721165695e-03 2.672576662161e-05
1.373583727025e-03 1.588177433785e-03 3.498270580730e-05
1.591089503697e-04 1.935441804430e-03 3.458022843943e-05
1.955482173612e-03 1.613565275267e-03 3.285737116296e-05
1.136214728463e-03 8.597761558976e-04 2.514415488145e-05
1.298630413336e-03 3.683241427485e-04 4.430980322291e-05
5.409432933781e-04 1.082109422087e-03 6.803789388498e-05
1.850858445648e-03 4.924121144964e-04 5.425262158260e-05
1.927209138587e-03 3.259055646815e-04 2.497593925763e-05
6.581735155176e-04 1.117492216694e-03 2.234839734187e-05
1.084435124329e-03 1.140075205729e-03 4.214639978985e-05
1.871207127840e-04 1.995724622175e-03 2.789290646567e-05
1.527879066989e-03 1.608136163662e-03 2.897923866057e-05
1.265416777285e-03 5.645325107703e-05 1.714686229563e-05
5.594079242432e-04 4.225413330777e-04 9.000000000000e-05
1.598933634940e-03 1.217174218545e-03 6.280106714225e-05
1.137376181994e-03 1.479322594170e-03 2.440306706578e-05
1.837374738005e-03 2.702754463793e-05 6.253757794387e-05
1.621894205222e-03 1.074505016936e-03 7.770394611871e-05
2.217956182611e-04 9.311103132429e-04 1.202377349981e-05
4.784486330528e-04 4.229037386884e-05 3.018032122702e-05
1.742480253102e-03 8.945198477516e-04 3.270983773123e-05
7.412213238976e-05 1.669465541209e-03 5.491517516275e-05
2.784232936953e-04 1.045539759129e-04 3.737229963828e-05
1.851519790740e-03 1.049653938146e-03 3.539062030319e-05
1.598386172512e-03 1.848302662307e-03 3.857007802773e-05
5.238582255675e-04 1.919143313636e-03 9.000000000000e-05
6.641629581754e-04 1.492476300627e-04 9.000000000000e-05
8.754996458298e-05 6.257029537154e-04 3.054647429494e-05
3.224742907731e-04 4.363423104403e-04 2.499161811236e-05
2.389730600869e-05 1.904986390056e-03 9.000000000000e-05
1.151404456655e-03 1.538947386545e-03 2.433194687638e-05
1.248243744015e-03 5.857622845841e-04 2.981350506118e-05
3.432843612163e-04 6.943148294464e-04 4.044541326810e-05
1.727279601192e-03 1.394239384654e-03 5.056631341708e-05
9.253516045114e-04 1.974779026733e-03 6.643209276477e-05
1.203026970373e-03 3.291630361136e-04 4.828645567884e-05
1.314260712996e-03 1.562462803975e-03 2.567379838954e-05
4.105539780980e-04 6.111766086543e-04 5.115466307455e-05
1.573409809694e-03 5.144376897197e-04 4.499814558486e-05
8.439163245385e-04 1.814977115833e-03 9.000000000000e-05
9.971202017118e-04 1.524670290887e-03 3.941563601269e-05
3.573473751413e-04 1.702341560452e-03 2.035193594531e-05
4.971270212761e-04 1.594928108466e-03 2.355062907873e-05
9.675938796821e-04 9.082418904420e-04 8.200162131861e-05
1.389552742502e-03 3.556819075331e-04 3.031361302067e-05
9.908285476346e-04 1.467735401487e-03 1.386585696196e-05
1.134898973881e-03 1.083446418707e-03 2.970491846636e-05
1.500789814574e-03 1.434328619097e-03 3.971266044241e-05
7.509313532005e-04 1.362844300727e-03 7.195765557827e-05
7.521017160179e-06 1.582180381955e-03 2.391314770759e-05
1.128456544968e-03 5.740900389397e-05 5.542352556047e-05
1.854147524993e-03 3.751009394693e-04 5.910479410034e-05
6.371570583087e-05 1.756495837667e-03 2.799338789297e-05
9.655009772359e-04 1.343323767380e-03 3.615689404678e-05
1.361796830961e-03 1.802743526083e-03 9.000000000000e-05
9.733452331225e-04 1.278641458914e-04 9.000000000000e-05
1.780917147271e-04 1.003252624274e-03 6.091159143907e-05
1.040363087619e-03 1.997907744695e-03 4.688208734367e-05
1.684822082506e-04 3.425901110570e-04 7.016273293874e-05
2.147327520163e-04 5.885842080562e-05 3.701502261867e-05
6.588120234533e-04 3.358926831137e-04 3.786836083281e-05
3.755476060530e-04 5.091407636414e-04 2.582860038510e-05
1.016881997533e-03 2.544071496378e-04 3.982298197137e-05
1.889107186604e-03 1.298569440844e-03 3.811676369326e-05
3.674065404397e-04 1.211360285070e-03 9.000000000000e-05
1.950689289533e-03 1.366312702423e-03 3.606204426707e-05
6.924345575116e-04 1.907636456202e-03 7.496875935138e-05
1.705244931824e-03 6.187641707737e-04 7.685427735813e-05
1.077659923043e-03 5.142058959110e-04 3.617698484268e-05
1.483424165049e-03 5.942188892853e-04 7.126184749237e-05
1.730632362300e-03 1.628404346151e-03 1.337323959465e-05
1.775581716559e-03 1.311034377498e-03 4.164269996063e-05
3.372060100539e-04 1.471982718800e-03 6.096458912723e-05
1.782559401086e-03 5.087522767337e-04 1.197390685376e-05
2.881212181215e-04 2.096282733765e-04 2.224410190714e-05
1.404449891528e-03 1.029908184729e-03 6.733628863960e-05
1.076668850129e-04 1.806987191966e-03 3.492340047634e-05
5.924743218004e-04 5.347012857729e-04 2.293268402163e-05
2.473285837751e-04 1.510822090809e-03 3.294582861486e-05
1.253225309975e-03 1.366929516408e-03 3.027639410847e-05
6.319426610172e-04 6.904594462378e-04 5.704760795106e-05
1.187149107702e-03 1.418965527617e-03 4.982941286688e-05
4.465887544060e-04 1.806005254264e-03 3.452032634938e-05
8.089244453976e-04 3.983122698024e-04 2.847399307411e-05
1.819634698099e-03 5.841536808383e-04 3.865687578135e-05
1.199120744960e-03 7.727741358809e-04 7.703350471965e-05
1.001316567870e-03 4.069808853927e-04 4.728416900141e-05
1.364932119169e-03 8.181884371403e-04 5.466016977924e-05
1.971855812401e-03 1.440235054451e-03 3.683033002439e-05
6.678476036688e-04 1.712586191590e-03 2.081667534365e-05
1.879402402487e-04 1.389013682172e-03 2.783351087683e-05
4.145505608274e-04 1.069351275578e-03 5.499711738730e-05
3.466231137318e-04 1.770810038563e-03 4.181564455089e-05
7.551929103866e-04 3.762552821440e-04 2.527314969636e-05
1.478290733892e-03 1.377201692807e-03 1.768518488546e-05
1.539597455229e-03 6.977078471159e-04 4.197202982743e-05
1.880968121908e-04 1.869434178548e-03 3.351177888106e-05
3.839522388121e-04 4.465460452797e-04 3.332798320087e-05
7.135362522529e-04 5.046149328162e-04 3.368112229240e-05
1.712191024054e-03 2.511783649100e-04 4.576936800517e-05
9.896612857478e-04 7.780864836944e-04 4.601126934504e-05
1.105035261605e-03 1.334117374500e-03 6.424646898804e-05
5.394422370878e-04 6.075476109348e-04 6.317276533236e-05
1.087453565876e-03 1.737394839638e-03 7.730116526173e-05
1.228311065664e-03 1.585970584726e-03 5.943266661158e-05
6.615005942326e-04 5.789437634498e-04 3.357757633200e-05
1.227725165740e-03 1.226422123756e-03 3.864927499522e-05
1.469303884035e-03 1.304471679819e-03 5.084440247017e-05
6.999590708169e-04 2.721456689164e-04 3.400529863805e-05
8.852477163190e-04 1.297478907707e-03 5.226787198450e-05
2.244838113636e-04 1.293211810968e-03 7.070153105090e-05
4.508056433567e-04 1.676447789895e-03 2.660341217422e-05
1.083690320631e-04 5.792190340923e-04 1.638670711421e-05
1.524447145843e-04 1.971171112245e-04 7.213143690887e-05
1.348345987828e-04 1.100287344610e-03 4.006657497440e-05
1.793011571185e-03 1.724182429921e-03 5.659934435601e-05
1.351372572073e-03 2.005252144730e-04 2.039948820566e-05
1.200724323468e-03 4.714308231305e-04 9.000000000000e-05
1.615569890074e-03 2.046915089849e-04 5.745329946030e-05
3.224109693298e-04 1.970918307254e-03 3.728627896935e-05
6.629523988940e-04 1.574668433591e-03 3.330369894902e-05
1.265801733119e-03 1.573646273384e-04 4.203953268550e-05
1.700455799685e-03 1.694697683971e-03 3.653595409638e-05
1.073248066758e-03 8.501976753705e-04 3.454688635385e-05
2.757614135020e-04 4.054849061565e-05 2.268859787429e-05
9.908209606129e-05 5.607367168325e-05 7.466916401304e-05
1.192971201926e-04 5.191399159435e-04 3.893422358375e-05
1.553316742674e-03 1.982914761011e-03 4.122233860071e-05
1.760166808073e-03 3.289396249407e-04 4.160084518760e-05
3.296990735055e-04 1.201182552138e-04 1.221364563545e-05
1.633465324190e-03 3.164089332834e-04 5.168839141282e-05
4.945873462443e-05 1.589887223663e-04 3.368609107634e-05
1.678850700246e-03 8.628503376023e-04 3.436533172353e-05
1.402071744746e-03 1.673751604009e-03 4.112254149647e-05
9.585263050638e-04 1.580457867297e-03 2.442054257993e-05
1.065252924574e-03 1.019947716514e-03 6.054294178094e-05
3.945282025722e-04 4.951899643548e-05 2.804275129921e-05
1.829415110959e-03 1.870446938285e-03 2.527544730846e-05
5.459337284869e-04 1.298814036545e-04 2.580498497320e-05
5.540997674211e-04 5.754282880286e-05 4.299306559001e-05
1.577351361699e-03 1.522984295942e-03 5.765933891697e-05
1.161080671032e-03 1.254043568774e-03 2.949249640968e-05
1.058662241342e-03 1.532818526636e-03 1.866348893243e-05
1.112530075057e-03 6.161360330828e-04 6.755268664803e-05
1.974192042966e-04 1.799754341702e-03 2.331555401734e-05
2.617730447093e-04 1.688822396808e-03 7.217384149130e-05
1.918138226880e-03 9.441618349399e-05 3.864875457206e-05
1.384473417465e-03 1.922625525832e-03 2.800792603394e-05
1.222021182027e-03 1.493916087511e-03 2.883651641875e-05
1.117317531596e-03 1.609505603324e-03 5.002863675693e-05
4.517198758709e-04 9.542418168726e-04 6.195128728442e-05
3.137459864318e-04 1.589453503255e-03 3.596611970356e-05
1.207367078469e-03 1.843478618961e-03 6.376023249962e-05
1.942859938826e-03 1.739793074376e-03 9.000000000000e-05
5.438829329160e-05 5.636757991338e-04 3.578426662793e-05
7.232547778749e-04 3.278275208267e-04 2.235252229725e-05
1.191074979416e-03 1.302436869136e-03 2.344043014661e-05
1.848714915228e-03 8.696141616568e-04 1.981610145982e-05
9.004514607442e-04 1.705917910227e-03 2.884191653599e-05
6.750063929235e-04 8.722135913822e-04 2.765406881258e-05
1.907559719667e-03 2.805282190392e-04 2.047307944393e-05
5.572367755071e-04 7.749945673794e-04 5.176708989406e-05
9.476801778652e-04 1.896715866024e-03 1.076169410759e-05
9.880525131800e-04 1.399651132940e-03 2.051718861651e-05
1.737567635914e-05 4.084115638412e-04 9.000000000000e-05
2.370322973217e-04 4.794815509696e-04 6.672393298980e-05
1.994424066756e-03 8.242650296099e-04 5.157609714006e-05
1.517643104672e-03 1.893399879367e-03 4.991352555562e-05
6.778292688316e-04 9.954001001990e-04 9.000000000000e-05
1.393274179802e-03 5.045238098199e-04 5.190822772287e-05
8.371062824010e-04 4.666162962456e-04 4.128300992578e-05
9.772836916589e-04 5.387966241894e-04 2.146840693116e-05
1.773875288733e-03 1.051516979289e-03 3.827623016151e-05
7.640738504687e-04 4.381502468913e-04 2.751470229209e-05
2.525494395323e-04 1.688110023674e-04 2.789855379890e-05
1.335844339584e-03 1.643262077219e-03 2.778629804470e-05
2.904959601848e-05 1.357119720084e-03 3.883566624160e-05
1.022987456679e-03 1.191025315099e-03 3.367672951169e-05
7.893322071774e-04 5.684090642545e-04 6.138820681190e-05
8.719595395924e-04 8.283024136649e-04 2.046204627195e-05
1.466104980382e-03 1.724344596119e-03 3.648595497750e-05
1.695601073992e-03 4.481823731450e-04 9.000000000000e-05
1.912803022413e-03 8.749316562091e-04 4.049227269961e-05
1.439589129935e-03 2.401568763249e-04 7.231055449746e-05
1.648565475245e-03 7.586863988149e-04 7.011201927792e-05
1.806499207896e-03 1.669044388927e-04 7.670649611818e-05
7.924893506418e-04 1.560204932089e-03 5.743891725431e-05
6.796341825954e-04 5.687530404439e-06 1.991432802965e-05
1.995321460641e-03 1.018554793567e-04 3.474267077712e-05
9.075411785138e-04 7.207366355935e-04 3.283498945646e-05
1.329900698245e-04 1.878314707838e-03 1.830610915243e-05
4.584038229339e-04 2.849120856095e-04 3.149162631375e-05
8.453806921834e-04 1.624577954472e-03 2.125564638272e-05
7.887017897216e-04 1.727374712274e-04 1.726854721549e-05
1.544354296432e-03 9.451713973031e-04 4.412871119200e-05
8.913264246075e-04 1.577244096611e-03 3.885616896584e-05
1.398267232683e-03 1.525741006014e-03 2.815584681029e-05
5.989469204221e-05 1.587080562870e-03 2.468928412647e-05
1.379292569749e-03 6.115143667995e-04 3.029630532870e-05
1.502455867192e-03 1.114259466605e-03 3.260994506140e-05
5.023233449954e-05 2.335558912303e-04 3.238215011082e-05
7.341149037375e-04 3.650677923420e-05 3.867945636497e-05
1.337485987436e-03 1.505392898731e-03 3.194105435690e-05
2.158778109785e-04 8.021247696975e-04 4.818985303536e-05
1.676119423151e-03 9.527522796921e-04 5.157813989042e-05
1.912451229061e-03 1.156976350078e-03 4.749371225001e-05
1.604283662920e-03 6.607936912106e-04 2.850588999768e-05
1.261540533207e-03 6.819429224107e-04 2.917783706407e-05
1.526939376333e-03 1.790458127576e-03 4.935773748367e-05
1.847251823344e-03 2.762499791516e-04 3.598640040412e-05
1.897309294016e-03 1.864610721487e-03 3.886470978781e-05
6.284094146745e-04 1.094236941542e-03 1.142341121099e-05
1.291918913222e-03 9.049502569769e-04 1.029450749226e-05
1.438578794638e-04 8.967013149024e-04 4.700418243853e-05
1.730404819273e-03 6.456082905138e-05 4.682615048638e-05
9.982089318452e-05 7.394509834423e-04 7.970867499585e-05
5.562487063657e-04 8.895932676910e-04 5.695400710453e-05
1.220260498637e-03 8.985523429791e-06 4.436859457871e-05
4.034278295562e-04 1.977989254599e-03 4.003858915010e-05
8.479008754531e-04 3.626900129004e-05 1.945866117680e-05
6.660181131020e-04 1.254420239610e-03 6.175966210394e-05
1.301859388724e-03 2.147356001042e-05 2.936693795160e-05
1.128601967560e-03 1.946867806376e-03 5.105506300469e-05
1.698631396482e-03 1.265266186012e-03 4.388985993798e-05
1.283056825461e-03 1.444811602073e-03 4.549993967581e-05
1.372479874789e-03 8.729798577905e-05 6.205369741472e-05
3.246576802424e-05 1.016314720607e-03 3.108512577202e-05
1.360657744430e-03 4.204657581488e-04 3.272191048581e-05
1.825676681354e-03 1.815411563152e-03 2.588676289947e-05
2.659745009045e-04 6.961934458895e-04 3.288729713994e-05
1.508602886823e-03 3.914720854310e-04 9.000000000000e-05
1.606872727510e-03 8.841000733357e-04 3.311555648646e-05
1.934199564855e-04 6.152125769825e-04 7.184209933004e-05
1.291679182301e-03 2.602181832315e-04 6.001942180787e-05
