# 2D packing, generated 2026-08-07T23:52:07.615648+00:00
# generator = preprocess/generate_packing_gravity.py
# periodic axes = xy
# porosity_achieved = 0.325022  (target 0.325000)
# 81 distinct grains; 97 rows including 16 periodic edge images.
# Centres span [-R, L+R]: a grain need only be PARTLY inside.
# Do NOT drop the out-of-box rows -- they carry the conduction
# paths that cross the domain edge, and k_eff depends on them.
# header row is 'Lx Ly'; grain rows are 'x y r', all in metres
2.000000000000e-03 2.000000000000e-03
1.264352769143e-03 1.635401110134e-04 1.107914074935e-04
1.483317939810e-03 2.222537397373e-04 1.159100597018e-04
1.703314011505e-03 2.190513786841e-04 1.041107972326e-04
1.289215304254e-03 4.733344426575e-04 2.000000000000e-04
-5.829446939725e-05 2.268779135588e-04 1.344106455233e-04
1.941705530603e-03 2.268779135588e-04 1.344106455233e-04
1.645825271974e-03 4.686846515123e-04 1.513116181018e-04
7.781031638473e-04 3.883671481525e-05 9.804789582383e-05
7.781031638473e-04 2.038836714815e-03 9.804789582383e-05
1.005238570553e-03 4.679422519520e-04 8.106813201687e-05
9.266434395705e-04 2.709453074682e-05 5.016473075113e-05
9.266434395705e-04 2.027094530747e-03 5.016473075113e-05
1.046213712327e-03 6.486592125251e-04 9.964756516955e-05
8.863507994234e-04 6.482188618421e-04 6.021600183031e-05
6.501357317996e-04 1.424191905849e-04 6.658814686694e-05
4.442618635109e-04 1.046491874585e-04 7.846615870525e-05
1.107143236177e-04 2.279067407555e-04 3.460179042752e-05
9.125107090191e-04 8.571812275551e-04 1.480578840805e-04
1.886269945152e-03 5.234607518135e-04 9.529345488696e-05
1.290477566012e-04 3.544006168276e-04 9.221563628644e-05
1.531766628431e-03 8.009653744655e-04 2.000000000000e-04
2.979642673085e-04 3.531599097688e-04 7.670593072263e-05
4.966920491339e-04 3.531649252270e-04 1.220221379356e-04
6.226811509978e-05 5.234607518135e-04 8.070471506067e-05
2.062268115100e-03 5.234607518135e-04 8.070471506067e-05
2.631570252810e-04 5.515054809185e-04 1.221323157408e-04
1.181570548022e-03 6.890338895766e-04 4.106811134437e-05
1.200261691318e-03 9.693137426129e-04 1.606945946153e-04
1.480758374283e-03 1.185368145633e-03 1.877722688282e-04
1.232133011481e-03 1.189734445374e-03 6.089143097858e-05
-1.889179249357e-05 6.767176774804e-04 8.493412699569e-05
1.981108207506e-03 6.767176774804e-04 8.493412699569e-05
1.268756479296e-03 1.307097682935e-03 5.669221474732e-05
1.555439204010e-04 7.533623188506e-04 1.053560413004e-04
1.819573487121e-03 6.857511767017e-04 7.685298620640e-05
-3.495000853036e-05 9.045227285393e-04 1.378268371227e-04
1.965049991470e-03 9.045227285393e-04 1.378268371227e-04
1.622640177789e-04 9.243112763722e-04 6.037747652108e-05
2.787544751636e-04 9.243042796470e-04 5.611298108364e-05
1.830879978761e-03 1.166521038212e-03 1.565299278072e-04
7.741344033012e-04 1.949318492981e-04 5.809778870139e-05
7.012504570655e-04 8.564898207714e-04 6.320353364267e-05
9.958215104439e-04 1.047227086297e-03 5.808903521046e-05
4.221334706394e-04 9.542820953784e-04 9.036638873525e-05
8.766746339046e-04 1.064259880338e-03 6.209877349131e-05
1.153531293019e-03 1.307097682935e-03 5.853297152995e-05
1.694754061535e-03 1.356733191467e-03 7.737667514391e-05
1.263937163959e-04 1.165602307346e-03 1.389857136753e-04
2.126393716396e-03 1.165602307346e-03 1.389857136753e-04
9.002868028349e-04 1.359745882588e-03 2.000000000000e-04
3.255009691201e-04 1.232734106692e-03 7.024599100367e-05
1.143894466822e-03 1.431211983485e-03 5.227724232548e-05
1.825168551784e-03 1.378994806847e-03 5.474016955814e-05
1.586791214703e-03 1.380176186421e-03 3.298232493243e-05
-8.315231756570e-06 1.342088939152e-03 8.153614169686e-05
1.991684768243e-03 1.342088939152e-03 8.153614169686e-05
2.327867147371e-04 1.487458947695e-03 2.000000000000e-04
1.284407505707e-03 1.455351673223e-03 9.029427908520e-05
6.271840222941e-04 1.446385760328e-03 8.635691573018e-05
1.608205255469e-03 1.541647984332e-03 1.267933293233e-04
1.421871152009e-03 1.580218839886e-03 6.319922232587e-05
1.913907873270e-03 1.469380041174e-03 6.763580631936e-05
1.800642929300e-03 1.539643464671e-03 6.565296375695e-05
1.483357275744e-03 1.759923178436e-03 1.246669969770e-04
1.097382751982e-03 1.532202502695e-03 5.890919833902e-05
-1.672865246287e-05 1.594727054520e-03 7.066439032728e-05
1.983271347537e-03 1.594727054520e-03 7.066439032728e-05
1.852093990302e-03 1.682435501018e-03 8.612574794215e-05
4.855649077290e-04 1.446385760328e-03 5.526219883494e-05
9.727247907606e-04 1.648408769407e-03 9.761369843844e-05
5.115203049178e-04 1.613688331216e-03 1.053001119480e-04
3.396388263344e-05 1.785415676138e-03 1.228756257542e-04
2.033963882633e-03 1.785415676138e-03 1.228756257542e-04
1.176329483947e-03 -1.345238215343e-04 2.000000000000e-04
1.176329483947e-03 1.865476178466e-03 2.000000000000e-04
8.672827078104e-04 1.851580623148e-03 1.093597939473e-04
1.696996570819e-03 1.727232509995e-03 7.531148922535e-05
3.522203823311e-04 1.793211919615e-03 1.282521054129e-04
1.880980617124e-03 1.797599507038e-03 3.054671648129e-05
6.949035214981e-04 1.622287614488e-03 7.828461453031e-05
6.124336183565e-04 -1.345893732023e-04 1.417915882777e-04
6.124336183565e-04 1.865410626798e-03 1.417915882777e-04
1.865335329401e-03 -7.103403156066e-05 9.856050949385e-05
1.865335329401e-03 1.928965968439e-03 9.856050949385e-05
1.901820132755e-04 -5.496627675749e-05 9.379812915993e-05
1.901820132755e-04 1.945033723243e-03 9.379812915993e-05
1.716016412718e-03 1.933402840521e-03 5.082431139921e-05
4.343973712270e-04 -3.534146705258e-05 6.187171263427e-05
4.343973712270e-04 1.964658532947e-03 6.187171263427e-05
3.386821493993e-04 -2.008880730128e-05 3.449783076880e-05
3.386821493993e-04 1.979911192699e-03 3.449783076880e-05
5.566406250000e-04 6.542968750000e-04 8.366773014647e-05
5.683593750000e-04 1.181640625000e-03 6.882965479495e-05
7.636718750000e-04 4.550781250000e-04 7.536406287345e-05
9.980468750000e-04 2.246093750000e-04 8.200560060756e-05
2.480468750000e-04 1.542968750000e-04 1.024068041430e-04
6.933593750000e-04 1.041015625000e-03 7.273424157809e-05
