# 2D packing, generated 2026-09-28T18:42:47.570807+00:00
# generator = preprocess/generate_packing_gravity.py
# periodic axes = xy
# porosity_achieved = 0.249677  (target 0.250000)
# 351 distinct grains; 387 rows including 36 periodic edge images.
# Centres span [-R, L+R]: a grain need only be PARTLY inside.
# Do NOT drop the out-of-box rows -- they carry the conduction
# paths that cross the domain edge, and k_eff depends on them.
# header row is 'Lx Ly'; grain rows are 'x y r', all in metres
2.000000000000e-03 2.000000000000e-03
1.872615219710e-03 2.930714000170e-05 9.003195347418e-05
1.872615219710e-03 2.029307140002e-03 9.003195347418e-05
1.693350870554e-03 3.188768805093e-05 3.271970029077e-05
1.693350870554e-03 2.031887688051e-03 3.271970029077e-05
1.750484168652e-03 8.087596392804e-05 4.254029198404e-05
5.876439725610e-04 6.004758251183e-05 4.138168130511e-05
7.192569676245e-04 8.280893939516e-05 7.918938059693e-05
1.809160239945e-03 1.338406362543e-04 3.225377241004e-05
1.752051343189e-03 1.515558605854e-04 2.753968573180e-05
-8.028431852429e-06 2.334040384173e-05 2.946760137208e-05
-8.028431852429e-06 2.023340403842e-03 2.946760137208e-05
1.991971568148e-03 2.334040384173e-05 2.946760137208e-05
1.991971568148e-03 2.023340403842e-03 2.946760137208e-05
2.516650078392e-04 8.993468530666e-05 7.153750725556e-05
1.903031403917e-03 1.945364257951e-04 7.797413556351e-05
3.614072780154e-04 1.091139610706e-04 3.986810518044e-05
4.947255914693e-04 4.415159874432e-05 5.288661856647e-05
4.947255914693e-04 2.044151598744e-03 5.288661856647e-05
8.034031678296e-04 3.584362631207e-05 1.717619818130e-05
1.486375458292e-03 1.958431520906e-05 5.209572309989e-05
1.486375458292e-03 2.019584315209e-03 5.209572309989e-05
4.377511829858e-04 1.130825599036e-04 3.654247614001e-05
1.077753939956e-03 6.154305673996e-05 5.998153959687e-05
1.412129271300e-03 4.922358780652e-05 2.779076395981e-05
9.410664069603e-04 1.054251348168e-04 7.247261684666e-05
8.341277495399e-04 7.643438858772e-05 3.373165923352e-05
8.216449270523e-04 2.298651160508e-04 1.000000000000e-04
3.262049025949e-04 2.126222873635e-04 6.773995498934e-05
6.226984301459e-04 1.127324404876e-04 2.189957032040e-05
4.008349646350e-04 1.603080674516e-04 2.339964030066e-05
1.457650656391e-04 9.037355447566e-05 3.436334431867e-05
1.178695753643e-03 3.973591605820e-05 4.328262645041e-05
1.178695753643e-03 2.039735916058e-03 4.328262645041e-05
1.782040700719e-03 2.145883920291e-04 4.199870926743e-05
1.825681249799e-03 2.895508762483e-04 4.454443507443e-05
1.673078043848e-03 1.090563496176e-04 3.983610888863e-05
1.684060623121e-03 3.184764358916e-04 1.000000000000e-04
1.282273486366e-03 5.677068174772e-05 6.168659209282e-05
1.282273486366e-03 2.056770681748e-03 6.168659209282e-05
1.030775802923e-03 1.256373110213e-04 1.948557692653e-05
6.312502104374e-05 1.848288608116e-05 4.185147929347e-05
6.312502104374e-05 2.018482886081e-03 4.185147929347e-05
-6.855626070529e-05 3.401816166303e-04 7.041698051639e-05
1.931443739295e-03 3.401816166303e-04 7.041698051639e-05
1.011471973983e-03 2.408897279455e-04 8.013953684312e-05
1.815057503483e-03 4.136093657970e-04 6.178888153226e-05
1.209368396934e-03 1.163914273486e-04 3.249325517278e-05
6.031278796781e-04 1.616689135457e-04 3.080517010257e-05
1.687599514850e-04 1.613256738282e-04 3.762867644082e-05
1.283390808011e-03 1.912002328032e-04 7.274785364874e-05
1.144605679631e-03 1.261738002460e-04 3.300434709685e-05
9.221767449459e-04 3.631191220512e-04 6.692300315220e-05
5.245427785575e-04 1.519092239570e-04 4.838365957715e-05
4.480476633793e-04 2.172018452258e-04 5.053236707166e-05
1.601503264896e-03 4.901737128389e-05 5.358587913369e-05
1.601503264896e-03 2.049017371284e-03 5.358587913369e-05
1.467335378355e-03 1.182799393777e-04 4.842073286354e-05
1.551082336087e-03 1.223718050483e-04 3.542637379565e-05
1.404893991782e-03 1.927518005461e-04 4.876559870843e-05
1.027888745733e-03 3.587716401643e-04 3.887836382104e-05
6.655622655425e-04 2.223217389716e-04 5.623975544547e-05
1.363986551680e-03 2.774666150302e-04 4.530967543357e-05
1.915189624317e-03 4.558398066779e-04 4.637817286060e-05
1.722047983479e-03 4.449878322449e-04 3.207739422790e-05
1.518498033656e-03 1.904132965180e-04 4.001492396136e-05
1.179050569628e-03 1.813663887959e-04 3.205498203850e-05
5.749357254758e-05 1.184132949773e-04 5.823749485784e-05
2.057493572548e-03 1.184132949773e-04 5.823749485784e-05
3.938564073722e-04 2.896215892204e-04 3.475697927675e-05
7.557650868995e-04 4.187032336783e-04 1.000000000000e-04
9.944117741291e-04 3.998769163890e-04 1.412658963029e-05
1.847219060786e-03 5.334029695968e-04 5.675317987228e-05
9.174305102636e-04 5.146427506089e-04 8.467496052100e-05
2.489250992316e-05 2.155558108606e-04 4.422956898772e-05
2.024892509923e-03 2.155558108606e-04 4.422956898772e-05
2.994581140096e-04 3.629788880354e-04 8.479356267477e-05
1.711766628695e-03 5.603103918227e-04 8.134604799299e-05
-4.646381580118e-05 5.435246017442e-04 4.932514435637e-05
1.953536184199e-03 5.435246017442e-04 4.932514435637e-05
1.189774596600e-03 2.508624857907e-04 3.826384134371e-05
1.033190340158e-03 5.077471779058e-04 3.129011657173e-05
1.468985920316e-03 2.472597393815e-04 3.537059711179e-05
8.101119150084e-04 5.298414524830e-04 2.371455036534e-05
1.250798658630e-03 2.969849904396e-04 3.794402647999e-05
1.812544189880e-03 6.252454426353e-04 3.827758575613e-05
5.855449499933e-04 2.129910363893e-04 2.344537863333e-05
4.981430477066e-04 3.379272352552e-04 8.017405692620e-05
1.758708874217e-03 6.569632494618e-04 2.420649607620e-05
1.705286501943e-03 6.730558772726e-04 3.158551976570e-05
1.595750152466e-03 5.601454744217e-04 3.467059318956e-05
1.900113649505e-03 6.153870897985e-04 4.021919174199e-05
1.316267993073e-03 3.799238166739e-04 6.771541648292e-05
1.194101101371e-03 3.089722917794e-04 2.000691302645e-05
-7.241637205689e-09 6.471448519870e-04 6.423278270598e-05
1.999992758363e-03 6.471448519870e-04 6.423278270598e-05
8.262668076762e-04 5.760633329935e-04 2.524916475162e-05
1.809237817608e-03 7.274084380148e-04 6.248663346999e-05
1.631012002991e-03 6.730509568714e-04 4.268897967483e-05
7.282560076036e-04 5.850996897137e-04 6.864179723039e-05
8.410758614623e-04 6.772435049292e-04 7.700904094704e-05
4.082061096848e-04 4.022901252548e-04 3.042085536048e-05
5.938732017970e-04 2.612804614232e-04 2.534394044512e-05
6.350091083439e-04 2.938535350176e-04 2.154387700370e-05
2.296879530688e-04 1.925618016743e-04 3.083969567839e-05
-4.193844920986e-05 8.059345005526e-04 1.000000000000e-04
1.958061550790e-03 8.059345005526e-04 1.000000000000e-04
1.430197169649e-03 2.891559507316e-04 2.172461513478e-05
9.795086423143e-04 6.761330444702e-04 6.127774337083e-05
9.231007031298e-04 7.711338513132e-04 4.766443709504e-05
1.814947873274e-03 8.324374111521e-04 4.269744295780e-05
1.672250430317e-03 8.324374111521e-04 1.000000000000e-04
1.787462268625e-04 2.343237528327e-04 3.503230510049e-05
4.702861279145e-04 4.970580779628e-04 8.084614652639e-05
8.636646137113e-05 8.058395524067e-04 2.827233773207e-05
1.003320307388e-03 7.699297664919e-04 3.256420590167e-05
3.401801104215e-04 4.891287341924e-04 4.776610267256e-05
1.181155383910e-03 3.998830352884e-04 6.886361940359e-05
2.002850395639e-04 8.058395512914e-04 8.564624010093e-05
8.004061151462e-05 8.776445730135e-04 4.149638810597e-05
1.861950713259e-03 8.687379754024e-04 1.481104646210e-05
1.409574576550e-03 3.381793081624e-04 3.061337723787e-05
1.493939464148e-03 8.324374111521e-04 7.831096616831e-05
1.570073121498e-03 9.156895190642e-04 3.179952924522e-05
6.058805476693e-04 4.111237099282e-04 5.007608603460e-05
1.115798363439e-03 5.010613632871e-04 5.158808139430e-05
5.626480234126e-04 4.970580779628e-04 1.151574897173e-05
1.794267284022e-03 9.311564191812e-04 5.695080482221e-05
1.585415909496e-04 9.440536462353e-04 5.873399242192e-05
1.265765444080e-03 4.853890026346e-04 4.921816565480e-05
5.526713494207e-05 9.616693097585e-04 4.603205485302e-05
1.684601278924e-03 1.013455483814e-03 8.016144376778e-05
8.265174185509e-04 8.126601378493e-04 5.746768646152e-05
1.504658707062e-03 9.581706861119e-04 4.619851668989e-05
1.396812275369e-03 5.056823613685e-04 8.162527200918e-05
1.296093028807e-03 5.707570785173e-04 3.795857779316e-05
1.358578973765e-03 6.244808442720e-04 4.317408860159e-05
1.556508948656e-03 1.034181387501e-03 4.581275587546e-05
6.240112477342e-04 5.106351198483e-04 5.107352782596e-05
-9.859351895114e-06 9.279216097218e-04 2.613457570117e-05
1.990140648105e-03 9.279216097218e-04 2.613457570117e-05
1.796096373846e-03 1.026918506504e-03 3.214353907635e-05
1.083309343269e-04 1.001377079876e-03 1.747024684908e-05
7.303542721601e-04 8.126437671804e-04 3.869546148365e-05
6.388974545916e-05 1.090789261754e-03 8.237742481176e-05
2.063889745459e-03 1.090789261754e-03 8.237742481176e-05
1.885020753816e-03 1.126389948680e-03 1.000000000000e-04
1.605808567267e-03 1.069211872592e-03 1.466523417779e-05
5.605826093446e-04 5.962881425596e-04 5.331815676824e-05
3.730124672892e-04 5.821987982834e-04 4.842530162892e-05
9.749520308642e-04 8.246987874137e-04 2.688597518310e-05
2.728805300190e-04 9.440536473094e-04 5.560494658027e-05
1.275884212806e-03 6.509925724876e-04 4.366657057208e-05
1.762457627748e-03 1.088511668267e-03 2.798217313477e-05
9.130414358175e-04 8.765066340073e-04 5.005722433188e-05
1.219792360464e-05 1.217925638719e-03 5.486579915646e-05
2.012197923605e-03 1.217925638719e-03 5.486579915646e-05
7.972994600199e-04 9.622148036712e-04 9.396393837924e-05
2.209535451640e-04 1.013433462307e-03 3.105513930317e-05
2.863958930659e-04 1.038632888260e-03 3.907126065584e-05
1.196759390028e-03 5.375951979139e-04 3.723428513779e-05
1.140604191455e-03 5.999978658660e-04 4.668328261064e-05
1.729845910022e-03 1.173793953201e-03 6.221119113682e-05
1.693266043024e-04 1.024256045461e-03 2.169397756330e-05
1.448795389823e-03 1.055170321987e-03 6.392669066626e-05
1.187581249137e-03 6.911986208304e-04 5.335890611272e-05
6.033355216406e-04 9.622148038568e-04 1.000000000000e-04
2.373113127128e-04 1.168754053875e-03 1.000000000000e-04
1.025244078704e-03 8.235484717484e-04 2.341922971566e-05
1.125099103745e-03 8.056081912880e-04 7.700048256851e-05
1.541617895856e-03 1.149607602806e-03 6.849089742080e-05
4.600772238641e-04 6.328546447543e-04 5.230347588338e-05
1.276611479447e-03 7.504428296558e-04 5.352050469856e-05
7.039543697371e-04 1.033715443341e-03 2.343619420126e-05
1.632102718640e-03 1.204911014433e-03 3.755612277189e-05
1.807237026090e-03 1.265888073913e-03 5.808310584111e-05
9.325340438080e-04 9.674175095231e-04 4.137068690387e-05
1.249827698341e-03 8.657948119231e-04 6.148795254318e-05
1.339498736787e-03 1.055170322079e-03 4.536996237026e-05
-6.212137758736e-05 1.354899455264e-03 1.000000000000e-04
1.937878622413e-03 1.354899455264e-03 1.000000000000e-04
1.565485254118e-03 1.259350093023e-03 4.381287273887e-05
1.805067050435e-03 1.359875025840e-03 3.284866573110e-05
1.043331455746e-04 1.204454927007e-03 3.768713196841e-05
1.166457647429e-03 9.120785741794e-04 3.386797038577e-05
4.872175449531e-04 9.622148039640e-04 1.611797668751e-05
8.949072551979e-04 1.030788349582e-03 2.532400266402e-05
6.685134072384e-04 1.069262072991e-03 2.532866631438e-05
3.883297665475e-04 1.168759433959e-03 5.101476871712e-05
4.542602605568e-04 9.622148039640e-04 1.683930770878e-05
1.682845108877e-03 1.250763940725e-03 2.793981110499e-05
4.871695902477e-04 1.004718925151e-03 2.369771195711e-05
1.711470856837e-03 1.330390783718e-03 5.667618957687e-05
9.621877205868e-04 1.052442838106e-03 4.535539954179e-05
8.346744269481e-05 1.279126784373e-03 3.907527056662e-05
1.109859607169e-03 9.120785741794e-04 2.273006987366e-05
1.753156045612e-03 1.426584176286e-03 4.816093999469e-05
7.440445912732e-04 1.085595943248e-03 4.041979072732e-05
5.955107491157e-04 1.142632806033e-03 7.817327840211e-05
1.592102162301e-03 1.364505524519e-03 6.450214967590e-05
1.423472607834e-03 1.267924856890e-03 9.845841603268e-05
1.250918239318e-03 1.268579806372e-03 7.409720098732e-05
7.437439242919e-04 1.211198450630e-03 8.514947519247e-05
3.424742338780e-04 1.234161039312e-03 2.383793814055e-05
1.127554970126e-03 9.746710473126e-04 3.982894945641e-05
6.087128321593e-04 1.295030532833e-03 7.378829202801e-05
1.196926876598e-03 9.746710473126e-04 2.954295701483e-05
7.548286180546e-05 1.362605216337e-03 3.781983762098e-05
1.663933738281e-03 1.447498602430e-03 4.335137553479e-05
1.498046683050e-03 1.373968493586e-03 3.002830543353e-05
1.844137514939e-03 1.484994420564e-03 5.995651649423e-05
1.427695528298e-03 1.420822476835e-03 5.449761431246e-05
4.662311073675e-04 1.168759433959e-03 2.688657210287e-05
-8.354661998430e-06 1.547536696202e-03 1.000000000000e-04
1.991645338002e-03 1.547536696202e-03 1.000000000000e-04
1.792755351352e-04 1.324285022643e-03 6.600237347300e-05
3.079679280065e-04 1.300463627462e-03 4.946495784983e-05
7.274390394616e-04 1.357810146341e-03 6.051432214109e-05
1.097843699889e-03 1.268575399055e-03 7.897734197191e-05
1.710546503102e-03 1.581448748853e-03 9.847749090134e-05
8.803389871731e-04 1.134420414787e-03 7.048733108866e-05
1.312302667351e-03 1.387575675950e-03 5.979290358851e-05
1.857743270490e-03 1.585878104760e-03 3.855054576484e-05
1.349963481882e-03 1.500010526404e-03 5.646694229862e-05
1.002581039369e-03 1.142444652703e-03 5.201780235191e-05
1.260803126119e-04 1.387540073619e-03 1.664708613374e-05
1.644441108674e-04 1.431276190811e-03 4.153047795755e-05
5.076922950612e-04 1.173291013883e-03 1.482152425246e-05
5.070071683722e-04 1.295030532926e-03 2.791737175910e-05
6.320214269661e-04 1.423819975334e-03 5.551075401949e-05
1.540350920145e-03 1.580679630817e-03 7.169786660011e-05
1.177178496830e-03 1.330856721973e-03 2.187139668630e-05
5.455020343297e-04 1.423819975334e-03 3.100863861689e-05
7.231935955026e-04 1.461676644484e-03 4.320527786010e-05
9.499053749617e-04 1.246272284948e-03 6.123329435949e-05
4.208327203795e-04 1.272435217753e-03 5.763655503486e-05
3.778934976216e-04 1.387339118534e-03 6.205607939916e-05
1.193501309034e-03 1.501148359687e-03 1.000000000000e-04
1.826340255651e-03 1.665239037912e-03 4.445277624207e-05
9.988760323227e-04 1.347737558231e-03 4.775563332317e-05
1.030101682243e-03 1.501724892082e-03 6.340121559964e-05
1.928277971507e-03 1.696963181991e-03 6.230757940689e-05
1.405917161551e-03 1.605781782374e-03 6.319305203488e-05
1.301915895218e-03 1.575774249220e-03 3.007118753139e-05
1.606135231000e-03 1.670543003539e-03 3.877979448617e-05
4.273074890247e-05 1.699446576622e-03 5.217215007775e-05
2.042730748902e-03 1.699446576622e-03 5.217215007775e-05
1.085477592752e-03 1.615643594618e-03 5.652830460387e-05
1.677498556367e-03 1.727588738682e-03 4.823624192733e-05
9.906698424619e-05 1.431276190811e-03 2.384664866369e-05
1.183924985180e-03 1.645338495853e-03 4.450783118018e-05
8.714729568329e-04 1.400964714309e-03 8.961646625194e-05
1.309776824773e-03 1.737649091223e-03 1.000000000000e-04
1.485076012367e-03 1.700435205817e-03 6.019884324195e-05
9.210150730908e-04 1.531858231387e-03 4.977128910999e-05
1.759423055306e-03 1.707939845520e-03 3.492783486394e-05
2.689199973939e-04 1.450275266369e-03 6.368842252199e-05
5.666163082191e-04 1.494194585031e-03 4.052269098712e-05
7.892340067898e-04 1.481930756479e-03 2.579042546080e-05
-4.159703993027e-06 1.837477439507e-03 9.360595522776e-05
1.995840296007e-03 1.837477439507e-03 9.360595522776e-05
1.581651086336e-03 1.758425148245e-03 5.244969898293e-05
1.801416427679e-03 1.836166351165e-03 1.000000000000e-04
8.219398599686e-04 1.551710217646e-03 5.127362712335e-05
1.119153765400e-03 1.766216878989e-03 9.263047949072e-05
6.632246978034e-04 1.576740399676e-03 8.654812785681e-05
5.184809965336e-04 1.585741561918e-03 5.847525497521e-05
1.458653182169e-03 1.833909792871e-03 7.586641639730e-05
1.748460184901e-04 1.559662597526e-03 8.043124854961e-05
1.658895846124e-03 1.825318740034e-03 4.293302980481e-05
4.715567198850e-04 1.431224024185e-03 4.137837342869e-05
3.511155531284e-04 1.464227650607e-03 1.936205217928e-05
1.902205073493e-03 1.915054199377e-03 2.799119290200e-05
7.789820349645e-04 1.626804113680e-03 3.523950161623e-05
9.983047549757e-04 1.734165772522e-03 2.568448646650e-05
7.302882883950e-04 1.683152359330e-03 3.923361859630e-05
3.636956775577e-04 1.579346492378e-03 9.644220835620e-05
9.883904690107e-04 1.802096505157e-03 4.296602661262e-05
1.584565416638e-03 1.844710211008e-03 3.388545294935e-05
6.623707606779e-04 1.695532031298e-03 2.777114604607e-05
1.223624906351e-03 1.872118428101e-03 5.612908702232e-05
8.096275444410e-04 1.697929801831e-03 4.098771837205e-05
1.345345295286e-03 1.873927574902e-03 4.084371572204e-05
7.037643701924e-04 1.758870713009e-03 4.099621989816e-05
1.608857467916e-04 1.707057983672e-03 6.622777011522e-05
6.143893129332e-04 1.695532031345e-03 2.021030169860e-05
1.678185843039e-03 1.922716347432e-03 5.058787133775e-05
1.294160283065e-03 1.930364388271e-03 3.534702594858e-05
1.402805467034e-03 -4.759612294726e-05 5.512959357370e-05
1.402805467034e-03 1.952403877053e-03 5.512959357370e-05
9.785264500215e-04 -5.907807332957e-05 9.620964338055e-05
9.785264500215e-04 1.940921926670e-03 9.620964338055e-05
1.327352705970e-03 -1.824421626868e-05 2.583184812356e-05
1.327352705970e-03 1.981755783731e-03 2.583184812356e-05
2.856336377417e-04 1.712827201106e-03 5.818906593075e-05
4.622253773223e-04 1.626231422987e-03 1.064653203421e-05
6.482335052714e-04 1.740336286294e-03 1.248121573787e-05
2.285625243689e-04 1.790971878061e-03 3.857734674626e-05
1.316234696341e-04 1.843454989565e-03 4.230931419295e-05
1.566856859258e-03 -6.115261168519e-05 6.190391420519e-05
1.566856859258e-03 1.938847388315e-03 6.190391420519e-05
6.025048803237e-04 1.814354347629e-03 7.446786366868e-05
4.765253850895e-04 1.828507494381e-03 5.230426483551e-05
1.992823074686e-04 1.847968374634e-03 2.550040000383e-05
7.473061343866e-04 1.848330616775e-03 5.849738602227e-05
2.551192704372e-04 1.855172234016e-03 3.079960763617e-05
3.675597701374e-04 1.839817070024e-03 5.724677404797e-05
3.001610806831e-04 1.908042689137e-03 3.865592263608e-05
8.579938407553e-04 1.842159185751e-03 5.236225024498e-05
6.826840431394e-04 1.897258701547e-03 1.970418358155e-05
1.013315412870e-04 1.914498053493e-03 3.454323955895e-05
4.321158517007e-04 1.902495219515e-03 2.696820652810e-05
2.154528273097e-04 1.898537179104e-03 2.759106199197e-05
8.236448098115e-04 -5.205034136157e-05 5.883163391631e-05
8.236448098115e-04 1.947949658638e-03 5.883163391631e-05
1.729742946068e-04 1.944606362051e-03 3.507314011885e-05
3.672732910917e-04 1.930621121268e-03 2.994912347455e-05
5.155685585177e-04 1.906277080589e-03 3.471576560863e-05
7.170636002562e-04 -4.438648238759e-05 4.802500662979e-05
7.170636002562e-04 1.955613517612e-03 4.802500662979e-05
3.257086205534e-04 1.960751864927e-03 1.991836059995e-05
4.198600692268e-04 1.963703547425e-03 3.217829523151e-05
1.176500866486e-04 -2.514575626882e-05 2.798007472452e-05
1.176500866486e-04 1.974854243731e-03 2.798007472452e-05
6.035287790658e-04 -4.566439863310e-05 6.551718296973e-05
6.035287790658e-04 1.954335601367e-03 6.551718296973e-05
4.674842359060e-04 1.936391201555e-03 2.202016542037e-05
3.625931777990e-04 -9.684166981112e-06 2.735217539726e-05
3.625931777990e-04 1.990315833019e-03 2.735217539726e-05
4.199218750000e-04 8.144531250000e-04 2.925958959560e-05
1.621093750000e-04 5.332031250000e-04 3.688442156755e-05
1.035156250000e-04 3.964843750000e-04 5.967426099129e-05
5.644531250000e-04 7.558593750000e-04 2.724820419601e-05
1.185546875000e-03 1.103515625000e-03 4.505348005784e-05
1.494140625000e-03 6.582031250000e-04 8.780394308944e-05
2.441406250000e-04 6.347656250000e-04 3.709210091082e-05
3.496093750000e-04 7.207031250000e-04 2.525720108451e-05
1.552734375000e-03 4.472656250000e-04 6.810457001374e-05
6.621093750000e-04 7.167968750000e-04 6.099926378184e-05
9.238281250000e-04 1.662109375000e-03 4.384942463810e-05
1.373046875000e-03 9.316406250000e-04 4.040316058475e-05
1.347656250000e-04 6.425781250000e-04 4.725924534634e-05
3.964843750000e-04 1.041015625000e-03 5.701877458979e-05
4.707031250000e-04 1.708984375000e-03 7.031250000000e-05
3.886718750000e-04 9.042968750000e-04 6.675002926029e-05
1.021484375000e-03 9.121093750000e-04 2.603988143259e-05
6.445312500000e-05 5.136718750000e-04 2.816075840752e-05
5.097656250000e-04 8.300781250000e-04 1.724517118495e-05
4.785156250000e-04 7.441406250000e-04 4.597415514193e-05
1.908203125000e-03 9.667968750000e-04 4.526671871473e-05
1.083984375000e-03 1.064453125000e-03 6.076698900822e-05
1.134765625000e-03 1.947265625000e-03 2.761398006070e-05
1.525390625000e-03 3.222656250000e-04 5.859375000000e-05
1.287109375000e-03 1.142578125000e-03 5.767509007904e-05
9.960937500000e-05 2.792968750000e-04 5.524271728020e-05
1.388671875000e-03 7.519531250000e-04 3.783944826804e-05
2.519531250000e-04 5.410156250000e-04 3.438388211393e-05
1.361328125000e-03 8.378906250000e-04 3.720739065431e-05
1.283203125000e-03 9.746093750000e-04 5.313074417475e-05
1.615234375000e-03 1.816406250000e-04 1.662149802386e-05
3.378906250000e-04 7.949218750000e-04 2.683637373733e-05
9.765625000000e-06 4.550781250000e-04 5.078125000000e-05
2.009765625000e-03 4.550781250000e-04 5.078125000000e-05
2.011718750000e-04 4.550781250000e-04 5.078125000000e-05
8.789062500000e-05 7.285156250000e-04 5.078125000000e-05
1.083984375000e-03 1.396484375000e-03 3.891934409243e-05
1.525390625000e-03 1.458984375000e-03 1.374514732496e-05
1.044921875000e-03 5.878906250000e-04 2.310466159289e-05
6.113281250000e-04 8.144531250000e-04 1.229736847026e-05
9.003906250000e-04 1.751953125000e-03 4.708727095585e-05
1.087890625000e-03 6.777343750000e-04 4.752158226795e-05
2.480468750000e-04 -2.539062500000e-05 4.687500000000e-05
2.480468750000e-04 1.974609375000e-03 4.687500000000e-05
1.119140625000e-03 3.027343750000e-04 2.902877986221e-05
4.941406250000e-04 1.072265625000e-03 2.479195903948e-05
1.017578125000e-03 9.824218750000e-04 4.453810254294e-05
9.863281250000e-04 1.599609375000e-03 1.817776347767e-05
1.373046875000e-03 1.074218750000e-04 4.367320268554e-05
1.455078125000e-03 3.964843750000e-04 3.970269429029e-05
3.222656250000e-04 6.582031250000e-04 3.682115934488e-05
5.488281250000e-04 6.894531250000e-04 1.451977755901e-05
1.580078125000e-03 1.470703125000e-03 3.841828759898e-05
1.755859375000e-03 1.970703125000e-03 1.848704827211e-05
1.052734375000e-03 4.355468750000e-04 4.152400708099e-05
1.451171875000e-03 1.513671875000e-03 2.462314963160e-05
1.224609375000e-03 -2.929687500000e-05 4.021730523823e-05
1.224609375000e-03 1.970703125000e-03 4.021730523823e-05
1.816406250000e-04 3.261718750000e-04 2.125330979189e-05
