# periodic 2D packing, generated 2026-08-03T18:03:43.721678+00:00
# porosity_achieved = 0.325496  (target 0.325000)
# 271 distinct grains; 298 rows including 27 periodic edge images.
# Centres span [-R, L+R]: a grain need only be PARTLY inside.
# Do NOT drop the out-of-box rows -- they carry the conduction
# paths that cross the domain edge, and k_eff depends on them.
# header row is 'Lx Ly'; grain rows are 'x y r', all in metres
3.500000000000e-03 3.500000000000e-03
2.194675702395e-03 8.953755931462e-04 1.048952551256e-04
3.877426777446e-04 2.368325177538e-04 1.330838336360e-04
5.415984803813e-04 3.033460172444e-03 1.041038255849e-04
1.562556450339e-03 2.457740455454e-03 4.599770804715e-05
2.989627880415e-04 4.937856574536e-04 1.387741954887e-04
2.287216130193e-03 2.866929233112e-03 1.103169374142e-04
2.156964073519e-03 1.063565507603e-03 6.747070936095e-05
1.066679761231e-04 2.213550808837e-03 1.180052645247e-04
3.606667976123e-03 2.213550808837e-03 1.180052645247e-04
2.793000068165e-03 1.186786641937e-03 1.058958839031e-04
2.704595011476e-03 7.408737873050e-04 1.022311508655e-04
3.110555950150e-03 6.237938506411e-04 8.951277089325e-05
2.378887941503e-03 2.769964539023e-04 1.159926328638e-04
2.552848953442e-03 2.440263778924e-04 6.106526086194e-05
6.024973267541e-04 2.148076590156e-04 8.134628876152e-05
8.691788079199e-05 3.592307446155e-04 6.934614306049e-05
2.619108577520e-04 2.927896244116e-03 1.190559192384e-04
-8.127322188264e-05 1.832849677493e-03 9.001994345523e-05
3.418726778117e-03 1.832849677493e-03 9.001994345523e-05
2.313993857543e-03 4.579486959867e-04 7.624423533805e-05
3.270040812163e-03 1.850355965802e-03 5.969307128644e-05
1.221233694519e-03 1.884222438446e-03 7.760051514849e-05
2.703786520267e-03 1.733371323950e-03 8.860969502157e-05
1.526714063248e-04 6.522458588080e-04 7.688945441313e-05
3.834673044074e-04 1.566383421230e-03 1.685448848391e-04
8.191300961424e-04 3.086664808667e-03 1.459891558049e-04
1.946964679680e-03 1.377783934501e-03 2.275054148165e-05
1.950931080318e-03 1.763948350193e-03 3.431777916921e-05
1.781904227854e-03 3.242215694024e-03 8.086524602314e-05
1.402532560315e-03 8.025550297344e-04 7.145550727986e-05
2.074571872996e-03 2.390008603026e-03 9.819857310319e-05
3.326199617217e-03 1.651851565972e-03 9.837937235061e-05
1.617650451330e-03 2.697488900360e-03 2.000000000000e-04
2.956971841962e-03 1.332121102881e-03 5.061053745150e-05
2.214484059032e-04 1.986433678444e-03 7.306633173121e-05
1.444123594081e-03 1.476706375930e-03 2.000000000000e-04
1.948531982675e-03 3.121045890210e-03 1.219390932099e-04
2.100366133618e-03 3.313185937487e-03 1.229406688812e-04
8.473323679451e-04 2.209520387132e-03 6.824928788863e-05
1.393156104941e-03 5.641075739833e-06 3.871134078165e-05
1.393156104941e-03 3.505641075740e-03 3.871134078165e-05
-4.252688800623e-05 2.606469029252e-03 9.595722872750e-05
3.457473111994e-03 2.606469029252e-03 9.595722872750e-05
2.427738856301e-03 3.014135769914e-03 9.319343039648e-05
2.116784842741e-03 3.143262232864e-03 4.777460197569e-05
2.166274769117e-04 9.788561429969e-04 6.271225324482e-05
1.410262053973e-04 -2.804274518834e-05 8.512734792074e-05
1.410262053973e-04 3.471957254812e-03 8.512734792074e-05
7.796520269260e-04 1.382897356457e-03 5.502537125741e-05
4.771130333055e-04 1.800943996431e-03 8.401834787391e-05
-1.568203220811e-05 6.329603066608e-04 9.256505547253e-05
3.484317967792e-03 6.329603066608e-04 9.256505547253e-05
7.062874102435e-05 2.843954953161e-03 8.983398039033e-05
3.570628741024e-03 2.843954953161e-03 8.983398039033e-05
1.154194811425e-03 1.111599627728e-03 6.851305813653e-05
2.416753589976e-04 2.418239920037e-03 1.187528237858e-04
2.284584293317e-03 6.699558147863e-04 1.377931521371e-04
7.345322525217e-05 1.266060501994e-03 1.036059062434e-04
3.573453225252e-03 1.266060501994e-03 1.036059062434e-04
2.164628651386e-04 1.410087653099e-03 5.861877702430e-05
3.268125706485e-04 7.587332896078e-04 1.272299816440e-04
6.994307746518e-04 1.687291525755e-05 6.867946022713e-05
6.994307746518e-04 3.516872915258e-03 6.867946022713e-05
2.107879512194e-03 2.696411516535e-03 1.369684346316e-04
2.870859513746e-03 3.294879829161e-03 5.163896264394e-05
9.754311067236e-04 8.227110068163e-04 1.394078469390e-04
1.007614110915e-03 5.982297453359e-04 8.736881914742e-05
2.940843629258e-03 1.235582309558e-03 4.726621363632e-05
2.672619812351e-03 3.094954740391e-04 7.543115983109e-05
4.642698321761e-04 2.284391137624e-03 9.066952704075e-05
2.815785257716e-03 1.392571019255e-03 1.011460847572e-04
2.930730018062e-03 1.948937205615e-03 5.400497238440e-05
6.353075616610e-04 3.156714254422e-03 5.072828590421e-05
2.242132497977e-03 3.069807236720e-03 9.751073284546e-05
5.980351165543e-04 3.271419796354e-03 6.988111056151e-05
8.367109243435e-04 3.337624537744e-03 9.927790034520e-05
1.737691351723e-03 1.923946178900e-03 1.290151639209e-04
1.827770097828e-03 1.758051000520e-03 3.869755821450e-05
1.600535419938e-03 2.532773333498e-04 1.002196466966e-04
1.860492538768e-03 2.132943901102e-04 1.627953140628e-04
8.154834648490e-04 1.831235837589e-03 7.605119742410e-05
2.819408722910e-03 3.002910834588e-03 5.883652846216e-05
9.811870406978e-04 1.509723871015e-03 1.285466790650e-04
3.199947581126e-03 1.162574201041e-04 1.001724743767e-04
1.956525577269e-03 8.470001810136e-04 1.381184598125e-04
9.986194198933e-04 2.695314195964e-03 7.425924865698e-05
6.297021994811e-04 5.513786456766e-04 4.206689330935e-05
1.680300659856e-03 6.845562678585e-04 8.352657157021e-05
1.248104961812e-03 9.645348855857e-04 7.061595493038e-05
2.247350376109e-03 2.128978378750e-03 1.300386998115e-04
1.889879629341e-03 2.900713571184e-03 9.722098762016e-05
7.626708565956e-05 7.430984825439e-04 3.904620036545e-05
2.927367445320e-03 2.107789579365e-03 4.854973060647e-05
1.422509330019e-04 1.791559952121e-03 1.372857752909e-04
2.898388611999e-03 1.601986078980e-03 1.239716232548e-04
2.845398546548e-03 2.030554011892e-03 6.407463033853e-05
3.322318161384e-03 2.874014462109e-03 8.820342440428e-05
2.494567777784e-03 8.020300457523e-04 1.102727633022e-04
6.428764554016e-04 1.904698894557e-03 1.115387823189e-04
1.578427327098e-03 4.892316883368e-04 1.367687145256e-04
1.538014310597e-03 1.796331442740e-03 1.003248077219e-04
2.328138238319e-03 2.676804446756e-03 8.416305232937e-05
1.315931600828e-03 9.626944805756e-05 7.753629533209e-05
2.258852812441e-03 1.768437623352e-03 1.496114479369e-04
7.934531821822e-04 1.027480995566e-03 2.863824460384e-05
1.238339285046e-03 2.043244403703e-03 8.233880666332e-05
1.861260681735e-03 1.304955613599e-03 8.971789414631e-05
1.404676354084e-03 4.420608307837e-04 4.327156429573e-05
3.981392988782e-04 1.971823155274e-03 1.042276024047e-04
3.428559555468e-03 2.765213964052e-03 6.372198775885e-05
2.400156790321e-03 3.241490547494e-03 1.358284352897e-04
2.987808244689e-03 2.380367730110e-05 8.287837270528e-05
2.987808244689e-03 3.523803677301e-03 8.287837270528e-05
1.145345969768e-03 1.318709642284e-03 1.233155856380e-04
3.306934057993e-03 8.159990101874e-04 1.623236186492e-04
2.881721649272e-03 2.920899715631e-04 1.068723335114e-04
3.429073498719e-03 1.525398706278e-03 5.695774141975e-05
7.103152414979e-04 2.828142607041e-03 4.138882306622e-05
1.639727044676e-03 9.651643797406e-04 2.000000000000e-04
1.271132642665e-03 2.978251842736e-03 8.347307204732e-05
2.245162140845e-03 2.417035871686e-03 6.254508847023e-05
8.292007042877e-04 6.352751749886e-04 9.485019289071e-05
3.214233093896e-04 2.190638007601e-03 8.019526881068e-05
1.704368842932e-03 3.040616145654e-03 1.351305459323e-04
2.277554171675e-03 -6.914611846522e-05 8.975953642960e-05
2.277554171675e-03 3.430853881535e-03 8.975953642960e-05
1.313604330642e-03 5.377907694231e-04 8.885847875555e-05
-4.438545334698e-05 2.942673916480e-03 6.173680851948e-05
3.455614546653e-03 2.942673916480e-03 6.173680851948e-05
1.335449210537e-03 2.494034515646e-03 1.116037035537e-04
1.158867676374e-03 8.795312488804e-04 5.262739621858e-05
2.731425417498e-03 9.646164874349e-04 1.231145109821e-04
1.618420495025e-03 -4.298142897864e-05 1.890740888008e-04
1.618420495025e-03 3.457018571021e-03 1.890740888008e-04
9.413375958901e-04 1.321832619265e-03 4.117483080712e-05
1.002718585651e-03 1.011416368377e-03 2.571451376186e-05
3.321303275435e-03 2.364468228226e-03 1.201342134933e-04
-1.994695164459e-04 4.053280181328e-04 2.000000000000e-04
3.300530483554e-03 4.053280181328e-04 2.000000000000e-04
2.110583201087e-03 1.629617798548e-03 5.350139677752e-05
9.968611207136e-04 1.234836528322e-03 4.722022547272e-05
2.499135765312e-03 1.887313284144e-03 1.184693944909e-04
7.586931867764e-04 2.111375503477e-03 5.796326170421e-05
1.180917916503e-03 2.227757677959e-03 6.852217695361e-05
1.981818070445e-03 1.495164924875e-03 7.415158564517e-05
1.349207558618e-03 3.160878291540e-03 1.151425849089e-04
1.141917952389e-03 2.891681382384e-03 7.206143400622e-05
-4.978765045828e-05 3.194041657476e-03 1.014039054831e-04
3.450212349542e-03 3.194041657476e-03 1.014039054831e-04
6.581139299907e-04 1.705893375816e-03 8.079406877166e-05
2.171523820760e-03 2.512283405478e-03 5.784891130348e-05
1.305519755423e-04 1.512698150627e-03 7.520795854839e-05
3.284335117769e-04 9.416490682545e-04 5.487019766038e-05
7.136870355044e-04 2.291502478349e-03 8.853763173002e-05
4.558784757728e-05 3.363425990703e-03 5.031167070723e-05
3.545587847577e-03 3.363425990703e-03 5.031167070723e-05
2.606265529609e-03 2.565720954806e-03 5.109685765771e-05
3.031549206793e-03 1.024100157922e-03 1.828472479536e-04
1.356576093111e-04 8.530656775273e-04 8.593387248062e-05
2.470452367541e-03 2.583700219494e-03 8.590303612575e-05
1.371195333770e-03 2.271310822682e-03 1.139703578754e-04
1.497868805887e-03 3.048023519844e-03 7.150316287343e-05
2.478891779868e-03 5.122656383561e-04 7.872041324212e-05
9.614807920499e-04 2.874926142779e-03 1.091523435475e-04
1.851000028132e-03 1.613945509583e-03 1.016339981988e-04
9.056518425824e-04 9.981814917080e-04 4.942823514339e-05
1.354706346715e-03 1.139031643662e-03 1.338662924581e-04
1.931592407400e-03 -3.847247545753e-06 6.569039462987e-05
1.931592407400e-03 3.496152752454e-03 6.569039462987e-05
5.363454114883e-04 3.376589220117e-03 5.204614405866e-05
9.535237986259e-04 4.550995541072e-04 5.625712225797e-05
1.551919948958e-03 1.223230209828e-03 7.259510634266e-05
1.690431343629e-03 2.248642444297e-03 1.991026086710e-04
2.801240719995e-03 1.320171776120e-04 4.902852313394e-05
2.244810346510e-03 1.133016766112e-04 9.560337590572e-05
1.994551512716e-03 7.062389045135e-05 3.030334210546e-05
2.965566829165e-03 3.018779665055e-03 8.818057665373e-05
8.160549683195e-04 1.192955844046e-03 1.383730632752e-04
3.435319277613e-04 1.074062386972e-03 7.840114446027e-05
1.175276004348e-03 2.567043626320e-03 6.442441808433e-05
5.116846316876e-04 1.130843991310e-03 9.907981307547e-05
1.894078532421e-03 2.521719420971e-03 1.252417740503e-04
2.073108226887e-03 1.285987005023e-03 1.229771998967e-04
6.380528062798e-04 8.597724652374e-04 2.000000000000e-04
2.400469597005e-03 1.321807173466e-03 9.797907369615e-05
2.081826682075e-03 6.863414036000e-04 6.562555224981e-05
1.429418736188e-03 3.183775338848e-04 8.286233290191e-05
3.335720620502e-03 3.046806471445e-03 8.510798935867e-05
2.838477783773e-03 3.153727101324e-03 9.318053777487e-05
7.826955850945e-04 1.593588788541e-03 8.693461456528e-05
5.866773140859e-04 2.425749503371e-03 9.626965454981e-05
3.234554433872e-03 2.969050865266e-03 3.827301794741e-05
5.931496289476e-04 1.348815753210e-03 1.336179574349e-04
2.651680499004e-03 2.457564336649e-03 6.620795034166e-05
1.064302739233e-03 2.590911574189e-03 4.908683329125e-05
1.229704371718e-03 2.755407151586e-04 1.213945234276e-04
1.892614649366e-03 5.450547635801e-04 1.705166915662e-04
3.262702848951e-03 2.681929481594e-03 1.129205259095e-04
2.749465795422e-05 2.428109175639e-03 9.565517930312e-05
3.527494657954e-03 2.428109175639e-03 9.565517930312e-05
5.493375554989e-04 6.153177380191e-04 5.537122382714e-05
2.642217334896e-03 2.814232432778e-03 2.000000000000e-04
1.282968409926e-03 2.737313009370e-03 1.370436511098e-04
1.011751492980e-03 1.138839236953e-03 4.992504850290e-05
3.370134803446e-03 1.190986996816e-03 5.976087770417e-05
7.519563593294e-04 4.649499355902e-04 9.217231462685e-05
2.483905449465e-03 1.470478365750e-03 4.056090290433e-05
-8.238881372148e-05 1.334532250412e-04 9.601317191401e-05
3.417611186279e-03 1.334532250412e-04 9.601317191401e-05
2.694851627654e-03 1.891879188173e-03 7.014990190113e-05
2.455310364779e-03 2.335331625155e-03 1.629275276263e-04
2.650613751464e-03 2.100154411457e-03 1.427717952014e-04
2.787986908027e-03 2.025605249115e-04 2.274914283878e-05
9.863931416212e-04 2.133760969309e-03 9.010912888875e-05
2.240696078806e-03 2.580509610820e-03 3.930832923442e-05
2.877988440722e-03 5.526334846535e-04 1.536979304539e-04
3.108803744539e-03 2.082768785533e-03 9.598799394290e-05
3.110418569908e-03 2.866390652837e-03 1.160908311762e-04
3.099045962048e-03 7.646484078137e-04 5.181127665349e-05
3.220590058632e-04 3.243891934680e-03 2.000000000000e-04
1.131579011025e-03 -1.111913687052e-04 2.000000000000e-04
1.131579011025e-03 3.388808631295e-03 2.000000000000e-04
1.479599642138e-03 2.405908511119e-03 5.182043992988e-05
3.148248353625e-03 3.085585561662e-03 1.063332198549e-04
1.378407187187e-03 9.348529448373e-04 6.302421211169e-05
9.241502928177e-04 2.345096908214e-03 8.721577474193e-05
7.672423270163e-05 3.271368657477e-03 4.686877597974e-05
8.892360974031e-04 2.070375148221e-04 2.000000000000e-04
2.895359426738e-03 2.839067736583e-03 5.435738214870e-05
4.939501005512e-06 9.488243387881e-04 7.610608928022e-05
3.504939501006e-03 9.488243387881e-04 7.610608928022e-05
5.580433896862e-04 2.800348345578e-03 1.133988955177e-04
1.055870760367e-03 2.271152629671e-03 6.384063161300e-05
1.894557126996e-03 2.725257992465e-03 7.829736666848e-05
1.178239000926e-03 1.505731072609e-03 6.657640681616e-05
3.103284056327e-03 1.576096837677e-03 8.255294198615e-05
7.154717512493e-04 3.251996582527e-03 4.915108238559e-05
2.079276658706e-03 1.311756837887e-04 7.089331548374e-05
2.645289203969e-03 5.690105120945e-04 7.957688996560e-05
3.298685518915e-03 -3.112450912338e-05 7.468708488506e-05
3.298685518915e-03 3.468875490877e-03 7.468708488506e-05
3.008536914484e-03 3.224643253280e-03 9.078691464973e-05
5.138938243188e-04 4.885900968814e-04 7.621963268634e-05
2.787866174570e-03 -4.511594443300e-05 1.286088837896e-04
2.787866174570e-03 3.454884055567e-03 1.286088837896e-04
2.368311125505e-03 9.427350582305e-04 7.508135230635e-05
1.548430726721e-03 3.194699600990e-03 8.242142274051e-05
8.376812458485e-05 3.097667288265e-03 6.329330250792e-05
5.730934073755e-04 6.856431247351e-05 6.782377287952e-05
2.666976353820e-03 8.213528441514e-05 4.689559700610e-05
3.096326165895e-04 1.264315861721e-03 1.143841644160e-04
9.894389421860e-04 3.183337662725e-03 4.984465042265e-05
8.660379466112e-04 2.734330127630e-03 6.077885731059e-05
2.593005946996e-03 1.255625922458e-03 1.056141662103e-04
1.110055471796e-03 3.081634650936e-03 1.079271938698e-04
1.981368346713e-04 1.113503563522e-03 7.224858994613e-05
1.299065812159e-03 1.295450460569e-03 3.215401353693e-05
1.183014280098e-03 6.862983616697e-04 1.088996514876e-04
2.562623509748e-03 -8.691221354221e-05 1.004793180158e-04
2.562623509748e-03 3.413087786458e-03 1.004793180158e-04
1.107787500647e-03 2.781207859390e-03 4.355304316055e-05
2.506549475287e-03 1.639240777867e-03 1.297138962917e-04
1.919057548232e-03 1.043736864437e-03 6.215431757465e-05
3.009536375542e-03 3.365679904322e-03 5.025329555192e-05
2.625099163163e-03 1.451200899411e-03 9.257651960060e-05
1.436818803476e-03 6.542967144377e-04 8.071585063396e-05
1.740409828082e-03 1.448151908212e-03 9.765903589060e-05
1.486562715767e-03 2.497002389848e-03 3.953934123285e-05
2.968975945292e-03 2.574025928939e-03 2.000000000000e-04
5.503374150776e-04 3.518535727087e-04 6.529013015690e-05
1.426970942983e-03 3.296126436121e-03 4.086772091382e-05
2.003089006377e-03 2.183584449671e-03 1.202522091674e-04
1.452729070316e-03 1.612337130820e-04 7.390408626444e-05
2.086645863413e-03 2.941918971762e-03 1.038138538797e-04
1.869471426430e-03 3.370513342538e-03 7.446773696206e-05
1.425268328194e-03 2.908642837429e-03 8.565263643134e-05
2.434674066310e-03 6.715330619372e-05 9.978886539028e-05
2.434674066310e-03 3.567153306194e-03 9.978886539028e-05
1.152628629980e-03 1.655811178627e-03 6.075465738141e-05
2.048915095727e-03 1.943763257424e-03 1.239080779589e-04
2.603133487161e-03 3.163746453675e-03 6.977111761950e-05
3.366163298884e-04 1.787141351155e-03 5.712984238806e-05
1.101186607216e-03 4.455369082786e-04 9.171504165082e-05
3.254399092211e-03 3.274364389239e-03 1.102434194739e-04
3.416800792727e-03 3.371018183443e-03 7.869900521904e-05
-2.222597971742e-05 1.687518760445e-03 5.733494466935e-05
3.477774020283e-03 1.687518760445e-03 5.733494466935e-05
1.408089176549e-04 1.773934319967e-04 1.203089441757e-04
2.879326953282e-03 2.928599409026e-03 3.659844634539e-05
3.241316226777e-03 2.517686933578e-03 5.270646470617e-05
3.137158769992e-03 -6.328877053778e-05 9.001097715258e-05
3.137158769992e-03 3.436711229462e-03 9.001097715258e-05
2.578814537767e-03 5.734632560948e-05 4.468511671747e-05
2.334711651998e-03 1.497368848955e-03 8.949361823599e-05
2.520209967366e-03 9.964811275810e-04 8.586176565886e-05
2.130024388516e-03 3.475347173716e-04 1.383158835256e-04
2.713182839100e-03 2.568414143107e-03 5.585589162376e-05
1.739603426735e-03 1.210120918077e-03 6.453559449142e-05
