# 2D packing, generated 2026-09-28T18:44:21.914608+00:00
# generator = preprocess/generate_packing_gravity.py
# periodic axes = xy
# porosity_achieved = 0.350015  (target 0.350000)
# 276 distinct grains; 305 rows including 29 periodic edge images.
# Centres span [-R, L+R]: a grain need only be PARTLY inside.
# Do NOT drop the out-of-box rows -- they carry the conduction
# paths that cross the domain edge, and k_eff depends on them.
# header row is 'Lx Ly'; grain rows are 'x y r', all in metres
2.000000000000e-03 2.000000000000e-03
5.179607027958e-04 2.307502198661e-05 6.479803346286e-05
5.179607027958e-04 2.023075021987e-03 6.479803346286e-05
4.206403442808e-04 6.305786957646e-05 4.041552306409e-05
1.486335006477e-03 6.521992343558e-05 6.661961610248e-05
1.486335006477e-03 2.065219923436e-03 6.661961610248e-05
3.122888801706e-04 5.835280021879e-05 6.803816598747e-05
3.122888801706e-04 2.058352800219e-03 6.803816598747e-05
1.273505170162e-03 3.418978755910e-05 6.717384111978e-05
1.273505170162e-03 2.034189787559e-03 6.717384111978e-05
1.134742980359e-03 8.086022944865e-05 7.922718361756e-05
1.393676514335e-03 5.635030898850e-05 2.646248523308e-05
9.385997184545e-04 3.221358829639e-06 6.630518114360e-05
9.385997184545e-04 2.003221358830e-03 6.630518114360e-05
4.828602052157e-04 1.488478085815e-04 6.555385190171e-05
1.591826451142e-03 9.981171517889e-05 4.439865277523e-05
1.258691237876e-03 1.607972795435e-04 6.029825676207e-05
-7.612363343978e-05 2.791566833129e-05 7.893857761512e-05
-7.612363343978e-05 2.027915668331e-03 7.893857761512e-05
1.923876366560e-03 2.791566833129e-05 7.893857761512e-05
1.923876366560e-03 2.027915668331e-03 7.893857761512e-05
1.014828014618e-03 7.833781919011e-05 4.071478318670e-05
3.719921700062e-04 1.633563903677e-04 4.609816746287e-05
1.819461190442e-03 1.757265469094e-05 2.598770888227e-05
1.819461190442e-03 2.017572654691e-03 2.598770888227e-05
6.610489439774e-04 4.985817514032e-05 4.311691450689e-05
1.134601029865e-03 2.622715123301e-04 1.000000000000e-04
1.336207124170e-03 3.011061124637e-04 1.000000000000e-04
1.467583820665e-03 2.992377115221e-04 3.139031512775e-05
1.014339935732e-03 2.733606272182e-04 2.077137175852e-05
1.768554616998e-03 2.317839302432e-05 2.522663408996e-05
1.768554616998e-03 2.023178393024e-03 2.522663408996e-05
8.230880408866e-04 7.607791611995e-05 7.026361688609e-05
5.177462866028e-05 3.569153337165e-05 4.780456282692e-05
5.177462866028e-05 2.035691533372e-03 4.780456282692e-05
1.213552094112e-03 3.945534417764e-04 5.394664017833e-05
4.484100591720e-06 8.022832518178e-05 1.715640841321e-05
2.004484100592e-03 8.022832518178e-05 1.715640841321e-05
2.014178025884e-04 6.918239424523e-05 4.336071986320e-05
1.567995754583e-03 2.983121548752e-04 6.902609971012e-05
1.743265727775e-03 7.019040918593e-05 2.815556642748e-05
1.135666109567e-03 4.210333957587e-04 2.831765676401e-05
1.330382068565e-03 4.914084876207e-04 9.039224302438e-05
1.183489120509e-03 5.489915607378e-04 6.738461722879e-05
1.462634967582e-03 5.383981504314e-04 4.996056506059e-05
6.958553868021e-04 1.892218037519e-04 1.000000000000e-04
1.399185016418e-03 5.932674887810e-04 3.252721327135e-05
1.702778754845e-03 1.922266619268e-04 1.000000000000e-04
5.585758218400e-04 2.250699148466e-04 4.188294240386e-05
1.268919096128e-03 5.951472186363e-04 2.960444109285e-05
1.865552735482e-03 2.764674335339e-04 8.328101116306e-05
1.745878716516e-03 3.366124773348e-04 5.065667640449e-05
1.469597642432e-03 6.446700060379e-04 5.465185269313e-05
1.335081013403e-03 6.167258816497e-04 3.501330043767e-05
1.183255310155e-04 1.015178833487e-04 4.580171678994e-05
8.271892922307e-04 2.509844019762e-04 4.509150006968e-05
1.372982873256e-03 6.993402264022e-04 5.584201336831e-05
2.662898785408e-04 1.854460827859e-04 6.188761374925e-05
1.567710978302e-04 1.866821009035e-04 4.763814162812e-05
4.216317144485e-04 2.206633091666e-04 2.881924783260e-05
3.503739971314e-04 2.973618857129e-04 7.587236559207e-05
1.822386507555e-04 3.250042897219e-04 9.300903958787e-05
9.421278567065e-04 1.286062760752e-04 4.767223247645e-05
2.499836744235e-05 1.580242585769e-04 6.329897656195e-05
2.024998367442e-03 1.580242585769e-04 6.329897656195e-05
1.811761857312e-03 3.663533431537e-04 2.147080021593e-05
1.006513475593e-03 3.565559518175e-04 5.904726468386e-05
7.669354534162e-04 3.061632878692e-04 3.661060847276e-05
9.189226424844e-04 2.509844019762e-04 4.664185018399e-05
1.783928428328e-03 3.931461072077e-04 1.711380112129e-05
2.828800269877e-04 3.771262415370e-04 2.032846573352e-05
1.653701700639e-03 3.819492978426e-04 5.072657268894e-05
6.070726569982e-04 3.014062813011e-04 4.306548816509e-05
4.435554545940e-04 3.120562788391e-04 1.691153687385e-05
4.382301307879e-04 3.687701487351e-04 3.719479063153e-05
1.062343531347e-03 5.729055153690e-04 5.609933750118e-05
8.240182759741e-06 2.796149166780e-04 5.944132660750e-05
2.008240182760e-03 2.796149166780e-04 5.944132660750e-05
1.614552957254e-03 5.275029536672e-04 1.000000000000e-04
1.749407958850e-03 5.272664505675e-04 3.469208630485e-05
1.730142143424e-03 5.951055417580e-04 3.388507332937e-05
1.223989383272e-03 6.506953051516e-04 4.183972600854e-05
6.703981186746e-04 3.068611161969e-04 2.010818674044e-05
9.314926557013e-04 6.058238275524e-04 7.882924850955e-05
1.825186860535e-03 6.347364697141e-04 6.909117976475e-05
1.673470977361e-03 6.742428215751e-04 5.812629749871e-05
1.247388440593e-03 7.836883756421e-04 9.319609398747e-05
1.036458317208e-03 6.779841727499e-04 4.788850431665e-05
1.774750162153e-03 7.961302940400e-04 1.000000000000e-04
-4.155232154056e-05 6.347360200954e-04 6.416963816052e-05
1.958447678459e-03 6.347360200954e-04 6.416963816052e-05
6.127398582422e-05 3.530882154570e-04 3.117296701430e-05
8.486641568922e-05 4.291039428533e-04 4.841981909897e-05
2.543271099278e-04 4.403237803803e-04 4.298851013617e-05
1.626772862132e-03 7.961301920575e-04 4.797729695319e-05
1.665856248941e-03 8.729586962970e-04 3.326847855465e-05
1.718311597622e-03 9.099062739055e-04 2.700505958663e-05
1.362609169785e-03 8.368170080117e-04 3.368364439885e-05
1.479326915492e-03 7.726421110201e-04 7.331766156891e-05
1.756763500020e-03 9.114230252161e-04 1.147670862486e-05
7.108370623077e-05 6.347362158093e-04 4.846638961099e-05
1.079252751856e-03 7.940545490802e-04 7.525884770032e-05
2.584990524746e-05 7.110701973866e-04 3.766339576612e-05
2.025849905247e-03 7.110701973866e-04 3.766339576612e-05
1.157003747744e-03 8.903924855249e-04 4.664367062673e-05
1.558948559710e-03 8.508919085522e-04 3.831852018886e-05
1.955984001104e-03 7.384243239792e-04 3.736654820297e-05
3.676894578960e-04 4.521900472523e-04 7.099320548929e-05
4.647289622271e-04 5.079335707237e-04 4.091750366964e-05
1.597666803559e-03 9.473548724746e-04 6.562476175851e-05
1.047056092308e-03 9.400550783763e-04 7.399985412567e-05
1.496166577727e-03 8.751895297993e-04 2.900123911671e-05
7.076060266307e-04 3.514544651067e-04 3.796930615881e-05
1.066414587758e-04 7.337385465338e-04 4.624804072842e-05
2.714204106424e-04 5.483425881097e-04 6.468898122364e-05
1.246283534466e-03 9.312987039228e-04 5.156121224924e-05
1.424733565108e-03 8.701030493591e-04 3.679614733467e-05
1.443825327892e-03 1.008709267786e-03 1.000000000000e-04
1.873223584444e-04 5.851185180004e-04 2.709855280370e-05
6.175574114558e-04 4.253412645253e-04 7.851250453821e-05
8.000294923108e-04 4.138605548001e-04 7.355027525698e-05
1.166838392605e-03 1.014940120549e-03 6.379656659792e-05
1.322883244138e-03 1.074927447638e-03 3.788341224876e-05
2.506486374274e-05 8.265090079043e-04 7.457574552512e-05
2.025064863743e-03 8.265090079043e-04 7.457574552512e-05
5.727962454288e-04 5.983725238077e-04 1.000000000000e-04
1.692148596899e-03 9.597418263382e-04 2.928068366281e-05
1.901488103091e-03 7.440676323911e-04 1.742076629644e-05
1.232396593952e-03 1.129086385817e-03 6.757285741764e-05
1.075490166358e-03 1.045959553415e-03 3.267469157712e-05
1.914101610512e-03 7.949928741788e-04 3.301907187258e-05
4.050939892023e-04 5.421107786502e-04 2.632808462503e-05
1.899308886322e-03 9.437035701994e-04 9.311330250160e-05
1.582365535447e-03 1.061574530396e-03 4.828393437992e-05
8.039400744357e-04 6.109574454408e-04 4.882685220228e-05
6.894662604755e-04 6.252351526737e-04 1.972256937337e-05
4.026426264567e-04 6.633779225515e-04 8.211074760491e-05
9.454044922848e-04 9.615346271669e-04 2.989633831390e-05
4.980184369506e-04 6.875435044247e-04 1.627888891568e-05
7.342545826659e-04 6.991825474272e-04 6.359983769509e-05
1.481383620047e-04 5.851185180004e-04 1.208544363601e-05
1.663976226336e-03 1.006861438559e-03 2.347052997137e-05
8.494319696187e-04 6.804564333093e-04 3.209428454423e-05
1.667340731392e-03 1.085182237391e-03 3.990964694196e-05
5.322337049157e-04 7.478865354281e-04 5.308944645860e-05
4.405519774792e-04 7.877796828297e-04 4.689556419474e-05
1.339402030389e-03 1.153986091013e-03 4.229141699127e-05
8.394712953940e-04 7.794667106634e-04 6.741588061896e-05
1.515021769268e-03 1.191707021996e-03 9.635948034834e-05
9.725548779654e-04 1.013024281922e-03 2.831300792364e-05
5.308772199376e-04 9.036229275828e-04 1.000000000000e-04
9.409233633368e-04 8.283970029473e-04 4.521932963334e-05
1.020211188260e-03 1.077011837566e-03 3.072885540985e-05
8.725913712027e-04 8.777197835481e-04 3.626930401082e-05
1.642527743203e-03 1.202986059573e-03 3.164438708455e-05
2.266790877914e-04 6.608275628059e-04 5.636743332286e-05
8.962017039643e-04 1.023513650170e-03 4.875731078775e-05
3.344815039169e-04 7.877796829225e-04 5.917490936755e-05
1.772131181886e-03 9.563276070982e-04 3.468937271059e-05
3.975709794133e-04 8.593297043948e-04 3.621737276836e-05
1.789751334202e-03 1.051910017959e-03 6.087206226822e-05
1.622936144386e-03 1.278687136324e-03 4.224446131909e-05
7.991047029854e-04 1.023513650263e-03 4.833969019114e-05
-7.326078703296e-05 1.136255389530e-03 1.000000000000e-04
1.926739212967e-03 1.136255389530e-03 1.000000000000e-04
9.568348696983e-04 1.103243535294e-03 3.786166667668e-05
1.785426267134e-03 1.159819151540e-03 4.326409019689e-05
1.356955912267e-03 1.276847368931e-03 8.181753672873e-05
1.129197611598e-03 1.162189292268e-03 4.080533586327e-05
1.710796895999e-03 1.314104877133e-03 5.246375285310e-05
3.090475569070e-04 9.147679270522e-04 6.823258110257e-05
1.261023665518e-03 1.305224943963e-03 1.822385573162e-05
1.019315060120e-03 1.151320295380e-03 4.097454997192e-05
6.366719124830e-05 1.158205374559e-03 3.867614459231e-05
6.529646300004e-04 7.149196759300e-04 1.919944324182e-05
1.064044896385e-03 1.287014232510e-03 1.000000000000e-04
1.820797837528e-03 1.246288012767e-03 5.015973949348e-05
8.945062408482e-04 1.286989440320e-03 6.953866087656e-05
4.101533976955e-05 1.282014880009e-03 8.521571807434e-05
2.041015339770e-03 1.282014880009e-03 8.521571807434e-05
4.002160042889e-04 1.056155746706e-03 1.000000000000e-04
1.600956261829e-03 1.419841482174e-03 1.000000000000e-04
7.478945074671e-04 1.290733503753e-03 7.709570978811e-05
5.301041400363e-04 1.056155746706e-03 2.988813574738e-05
5.192274013397e-04 1.122189939674e-03 3.610373716014e-05
1.454636294139e-03 1.451791782334e-03 4.976767902557e-05
8.341391173702e-04 1.445416595384e-03 1.000000000000e-04
1.508975481362e-03 1.530187376147e-03 4.363684727027e-05
1.719624020703e-03 1.457554292817e-03 2.448725270833e-05
1.600179336284e-04 6.955951566056e-04 1.881564358262e-05
1.425890724451e-03 1.561942394872e-03 4.413047575025e-05
6.323517955927e-04 1.298192918694e-03 3.868754089416e-05
4.658593740907e-04 1.247394096700e-03 1.000000000000e-04
6.846504253389e-04 1.495137201834e-03 5.754052787620e-05
7.509633044040e-04 1.533237942781e-03 1.893866863615e-05
1.508972745082e-03 1.652824561141e-03 7.900033775340e-05
5.416404585441e-04 1.513533548579e-03 8.664786417600e-05
1.514765372147e-04 1.312137855611e-03 2.927912809853e-05
3.919007457310e-04 1.592678740914e-03 8.272144421414e-05
9.449004281785e-04 1.511249016419e-03 2.884866688619e-05
1.251784356692e-03 1.425159743837e-03 1.000000000000e-04
1.894058269643e-03 1.255671284970e-03 2.369915781068e-05
2.166814516968e-04 1.342132184042e-03 4.236446590420e-05
1.805460589023e-03 1.341722184754e-03 4.614624064566e-05
1.698083480589e-03 1.511283614628e-03 3.339927763448e-05
1.420097106548e-04 1.387276525111e-03 4.489310389459e-05
5.230097933231e-04 1.677543194487e-03 7.345658580101e-05
1.659756683488e-03 1.611314188242e-03 7.372266707314e-05
6.347082461648e-04 1.690753771705e-03 3.902042344811e-05
1.911667543448e-03 1.348928055416e-03 6.030488391780e-05
4.131164829388e-05 1.436990578593e-03 6.740825016868e-05
2.041311648294e-03 1.436990578593e-03 6.740825016868e-05
1.749678593142e-03 1.379264657435e-03 2.104776471904e-05
7.883456102917e-04 1.581664663406e-03 4.223800870188e-05
9.605884242248e-04 1.365168393284e-03 2.965574536835e-05
2.417392938996e-04 1.599765342125e-03 6.760722494853e-05
1.632763717202e-03 1.782926650210e-03 1.000000000000e-04
1.841585963750e-03 1.414395441759e-03 3.501067559943e-05
3.175998710494e-04 1.736146885349e-03 7.779637734702e-05
1.940784059796e-03 1.482110980965e-03 4.278093274257e-05
1.239056172750e-04 1.615779260895e-03 4.788678529024e-05
1.768771601845e-04 1.666373835751e-03 2.536483309333e-05
7.136304827461e-04 1.704681897931e-03 4.112146237991e-05
1.122381415278e-03 1.402264249467e-03 2.917320252122e-05
4.295181657650e-04 1.748095665594e-03 3.463307684343e-05
4.050238398425e-04 1.823430319523e-03 4.458360261476e-05
5.625034383233e-05 1.630400992709e-03 2.133049797229e-05
8.923919416171e-04 1.602414810638e-03 6.385727784392e-05
1.780403087501e-03 1.459953179313e-03 3.633917726517e-05
3.202010755413e-04 1.865259049112e-03 4.999199961567e-05
1.483152435694e-03 1.782168699803e-03 4.543278954954e-05
1.521497214317e-03 1.847908316512e-03 2.885284788229e-05
1.842001417720e-03 1.568407352562e-03 8.838722854294e-05
1.436221239086e-03 1.878539795014e-03 6.175854107318e-05
1.429263014487e-04 1.787053807820e-03 1.000000000000e-04
1.762779683558e-03 1.672396776565e-03 4.233935270588e-05
1.115762445708e-03 1.476837432352e-03 4.550788212868e-05
1.857563386284e-03 1.710547762508e-03 5.460263191765e-05
1.937695410942e-06 1.522957738092e-03 2.698161961571e-05
2.001937695411e-03 1.522957738092e-03 2.698161961571e-05
1.772360060299e-03 1.756308523416e-03 4.211194770932e-05
3.193970411781e-05 1.841402187911e-03 2.357903085031e-05
1.799172022169e-03 1.893592233246e-03 9.776555241408e-05
1.669342232522e-03 1.919105660874e-03 3.454743116324e-05
5.957536140935e-04 1.748297704447e-03 2.801968384512e-05
-3.354473812739e-05 1.576417316720e-03 3.623394928212e-05
1.966455261873e-03 1.576417316720e-03 3.623394928212e-05
1.170781230645e-03 1.582834431642e-03 7.391753492176e-05
4.490367833457e-05 1.921902735506e-03 5.763871273591e-05
2.044903678335e-03 1.921902735506e-03 5.763871273591e-05
1.693415097876e-03 -1.995154208206e-05 3.049908860135e-05
1.693415097876e-03 1.980048457918e-03 3.049908860135e-05
1.010420154646e-03 1.403150629748e-03 2.791780632012e-05
1.345219434200e-03 1.888603561499e-03 2.687577164609e-05
5.384269713096e-04 1.797615315845e-03 4.760128335413e-05
1.075727214192e-03 1.582834431642e-03 2.113648153165e-05
1.002110586689e-03 1.659184806690e-03 5.967820461456e-05
8.094466063656e-04 1.704153072317e-03 5.469616974616e-05
4.784428660223e-04 1.854743111785e-03 3.523397104779e-05
2.611035989328e-04 1.893230337214e-03 1.539075742952e-05
1.704743285178e-04 -4.256608682489e-05 7.259288338738e-05
1.704743285178e-04 1.957433913175e-03 7.259288338738e-05
1.561918057073e-03 -5.552581502777e-05 7.583159879752e-05
1.561918057073e-03 1.944474184972e-03 7.583159879752e-05
1.917472114795e-03 1.924635630642e-03 2.453987325200e-05
2.801966101311e-04 1.929294888142e-03 2.540214019083e-05
1.292266055901e-03 1.582834431642e-03 4.756729033369e-05
1.249149115798e-03 1.644391526693e-03 2.573587131386e-05
1.212425074276e-03 1.878574171638e-03 1.000000000000e-04
4.263695575725e-04 1.891795504686e-03 2.691143290516e-05
8.999932930669e-04 1.752220660132e-03 4.781823067622e-05
1.109759302184e-03 1.695955368257e-03 5.407732755997e-05
8.266295287595e-04 1.796900609771e-03 3.803751013510e-05
4.801678657359e-04 1.927725181619e-03 3.776848791353e-05
3.778701890529e-04 1.924041337463e-03 3.132929578434e-05
1.939921895035e-03 1.636567002999e-03 2.945600792112e-05
9.979551572349e-04 1.772773999868e-03 5.227657508142e-05
7.667104127899e-04 1.820479136204e-03 2.635385140411e-05
1.094109567038e-03 1.923012702909e-03 2.638569099560e-05
9.249402403475e-04 1.867812298204e-03 6.734310868288e-05
1.033673050744e-03 1.867785475259e-03 4.138970502230e-05
1.372213585771e-03 -2.948975722964e-05 5.029404408006e-05
1.372213585771e-03 1.970510242770e-03 5.029404408006e-05
8.244201911708e-04 1.869768565453e-03 3.319597460339e-05
7.402146825847e-04 1.897175492883e-03 5.479018786871e-05
6.655723427486e-04 1.947234822761e-03 3.430270354305e-05
8.295754026493e-04 1.949928293575e-03 4.467988778200e-05
7.455706556516e-04 -5.738526310233e-06 4.244342084967e-05
7.455706556516e-04 1.994261473690e-03 4.244342084967e-05
1.308593750000e-04 1.001953125000e-03 1.645194176602e-05
2.207031250000e-04 1.181640625000e-03 2.543307844591e-05
6.660156250000e-04 1.115234375000e-03 3.147636299841e-05
1.923828125000e-03 4.628906250000e-04 5.392498919764e-05
3.457031250000e-04 1.412109375000e-03 2.557174699389e-05
1.345703125000e-03 1.728515625000e-03 4.925452252024e-05
7.285156250000e-04 9.003906250000e-04 5.627000519672e-05
2.128906250000e-04 1.068359375000e-03 2.815514431872e-05
8.261718750000e-04 1.150390625000e-03 3.566500833037e-05
1.621093750000e-04 9.003906250000e-04 4.605830868626e-05
1.478515625000e-03 4.121093750000e-04 3.989284588906e-05
2.519531250000e-04 1.455078125000e-03 5.086384338665e-05
2.910156250000e-04 1.251953125000e-03 4.932608586768e-05
1.970703125000e-03 1.767578125000e-03 2.368612905602e-05
6.660156250000e-04 1.009765625000e-03 2.579641255244e-05
4.492187500000e-05 1.013671875000e-03 4.631264986763e-05
2.044921875000e-03 1.013671875000e-03 4.631264986763e-05
