# 2D packing, generated 2026-09-30T17:09:31.842785+00:00
# generator = preprocess/generate_packing_gravity.py
# periodic axes = xy
# porosity_achieved = 0.325350  (target 0.325000)
# 308 distinct grains; 342 rows including 34 periodic edge images.
# Centres span [-R, L+R]: a grain need only be PARTLY inside.
# Do NOT drop the out-of-box rows -- they carry the conduction
# paths that cross the domain edge, and k_eff depends on them.
# header row is 'Lx Ly'; grain rows are 'x y r', all in metres
2.000000000000e-03 2.000000000000e-03
1.460419792007e-04 1.908198158184e-05 1.000000000000e-04
1.460419792007e-04 2.019081981582e-03 1.000000000000e-04
3.197045809931e-04 5.744987083835e-05 5.055660805116e-05
4.275675642539e-04 4.299051662246e-05 5.815408970471e-05
4.275675642539e-04 2.042990516622e-03 5.815408970471e-05
2.043557924488e-05 1.302654234086e-05 2.575241297684e-05
2.043557924488e-05 2.013026542341e-03 2.575241297684e-05
2.020435579245e-03 1.302654234086e-05 2.575241297684e-05
2.020435579245e-03 2.013026542341e-03 2.575241297684e-05
7.652070904961e-04 3.707060683936e-05 9.293597318898e-05
7.652070904961e-04 2.037070606839e-03 9.293597318898e-05
2.687212852866e-05 7.864193202038e-05 3.322483917897e-05
2.026872128529e-03 7.864193202038e-05 3.322483917897e-05
2.581685034243e-04 1.693387571049e-04 7.713763643481e-05
-2.587462673676e-05 4.314949331584e-05 2.949279922915e-05
1.974125373263e-03 4.314949331584e-05 2.949279922915e-05
7.504178979352e-05 1.297131850249e-04 3.145472675836e-05
1.594918788214e-03 9.344330533101e-06 2.587454718770e-05
1.594918788214e-03 2.009344330533e-03 2.587454718770e-05
-1.930570147388e-05 1.759952727627e-04 7.363341440945e-05
1.980694298526e-03 1.759952727627e-04 7.363341440945e-05
1.582748590648e-03 8.465507149033e-05 4.906107076601e-05
6.144713618862e-04 5.372848698291e-05 5.871822861362e-05
6.144713618862e-04 2.053728486983e-03 5.871822861362e-05
1.407772186983e-03 3.367064500857e-05 1.870074526340e-05
1.298662251721e-04 1.948373591244e-04 5.367395164047e-05
5.180252698119e-04 9.498299350609e-05 4.618153629564e-05
9.250420372097e-04 9.631354045456e-05 7.752570442968e-05
1.502154242757e-03 1.097354286871e-04 3.534570546270e-05
1.376695074413e-03 1.539835012956e-04 9.768798904797e-05
1.695783218118e-03 5.606361525426e-05 6.753361241724e-05
1.695783218118e-03 2.056063615254e-03 6.753361241724e-05
3.585226132003e-04 1.638459441469e-04 2.070304238115e-05
1.510409119053e-03 1.864621911607e-04 3.991410855139e-05
1.649545458183e-03 1.845605259266e-04 6.825988358537e-05
6.290168902005e-05 2.086918783170e-04 1.466806701660e-05
6.762242837973e-04 1.638460073251e-04 5.960346935934e-05
5.440025453648e-05 2.437353907193e-04 2.139191287480e-05
9.933567649455e-05 2.768359279718e-04 3.382400236929e-05
4.388393306367e-04 1.519011586531e-04 5.133873529216e-05
8.282140080105e-04 1.423771167532e-04 2.870713904037e-05
7.635706949475e-04 1.579496900503e-04 2.794178559295e-05
1.910148254388e-03 3.598722609823e-05 2.987236019766e-05
8.101717844071e-04 2.256758647680e-04 5.426832685880e-05
5.580124969474e-04 1.609698671732e-04 3.097595375895e-05
1.889787454992e-03 1.763101254537e-04 1.727400959098e-05
1.859642432099e-03 8.280462037286e-05 3.531561680931e-05
1.037712315751e-03 8.361423793495e-05 3.585860426029e-05
1.891496409792e-03 2.371401805285e-04 3.450994533558e-05
1.132158594212e-03 9.783570934645e-05 5.965296758034e-05
1.821022329126e-03 2.433483259903e-04 3.623712208083e-05
2.098782229060e-05 3.082117755679e-04 5.057287347475e-05
2.020987822291e-03 3.082117755679e-04 5.057287347475e-05
3.847575031319e-04 2.932457607548e-04 1.000000000000e-04
1.030068076026e-03 2.171049383909e-04 8.254017072537e-05
1.003103849125e-04 3.443685293383e-04 3.371568131594e-05
6.014158037785e-04 1.826069966204e-04 1.752173368736e-05
5.024832773667e-04 2.935765743023e-04 1.763709575944e-05
8.884803483315e-04 1.966359390564e-04 2.925149875206e-05
1.747354767311e-03 2.425835100795e-04 3.743444904988e-05
9.230442745743e-04 2.412296739369e-04 2.716900561321e-05
1.119067056146e-03 1.732466290691e-04 1.667863338772e-05
1.231907469055e-03 1.382081260089e-04 4.795696607133e-05
1.166086958309e-03 1.810070540908e-04 3.017245478043e-05
8.790570880368e-04 3.121769072029e-04 5.630786528271e-05
5.588412363365e-04 2.934447975693e-04 3.872101727102e-05
1.464217614386e-03 2.585713042859e-04 3.868953235097e-05
1.143351901536e-03 2.399787187454e-04 3.302992332956e-05
1.788730363418e-03 2.926553422132e-04 2.270314370253e-05
1.248559398893e-03 2.380426564241e-04 5.325689181550e-05
6.009283723234e-04 2.131660021071e-04 1.304120753616e-05
9.635620286626e-04 3.443011351086e-04 3.409416363335e-05
1.678382342972e-03 3.090962321612e-04 5.838382046251e-05
1.576794272109e-03 3.150876800416e-04 4.338078539150e-05
2.192327993045e-04 4.055022704289e-04 1.000000000000e-04
7.805119696138e-04 3.169343251690e-04 4.168905943809e-05
6.232849377679e-04 2.360866975559e-04 1.897715327468e-05
6.968562089988e-04 3.459945715925e-04 4.687045334105e-05
1.838256273749e-03 3.087494472174e-04 2.882227069005e-05
8.219855661801e-04 3.606626262506e-04 1.857888708709e-05
1.759616357238e-03 3.315785952345e-04 2.590391190986e-05
5.258620195952e-04 4.349846573992e-04 1.000000000000e-04
3.601306678495e-04 4.331195660412e-04 4.202602010666e-05
6.593274831490e-04 4.274193066218e-04 3.367970900533e-05
1.107402075332e-03 3.064906756419e-04 3.565616816332e-05
3.325766798177e-04 5.724463841471e-04 1.000000000000e-04
4.637802973968e-05 3.971061444055e-04 4.171613742460e-05
1.352958291513e-03 3.502412527230e-04 1.000000000000e-04
-9.679302266040e-05 4.199995434497e-04 1.000000000000e-04
1.903206977340e-03 4.199995434497e-04 1.000000000000e-04
9.116648752683e-04 4.144293966916e-04 5.101800280960e-05
1.200338336600e-03 4.109732117047e-04 6.425879191961e-05
7.312168031049e-04 4.372762272151e-04 3.888221822018e-05
1.721141780313e-03 4.467459379608e-04 8.401930764906e-05
2.347521870081e-05 4.624742908807e-04 2.754810407869e-05
2.023475218701e-03 4.624742908807e-04 2.754810407869e-05
1.813084711734e-03 4.994536537533e-04 2.014564002540e-05
6.728652329454e-04 5.383023558113e-04 7.611614010193e-05
9.502661839418e-05 4.797720908229e-04 4.471764624049e-05
1.524381711528e-03 4.532655081056e-04 1.000000000000e-04
1.056196227541e-03 4.107077362417e-04 7.988356222877e-05
1.368429377242e-03 5.191897751946e-04 6.909071928500e-05
9.681189313871e-04 4.564893025406e-04 1.938154835413e-05
7.652384995949e-04 5.645898890371e-04 1.992476283262e-05
4.628356451038e-04 5.491638836914e-04 3.041939934286e-05
8.190022404720e-04 4.576894961666e-04 5.124538396350e-05
4.620341641250e-04 6.162441993523e-04 3.666570505914e-05
4.202850667475e-04 6.646523214603e-04 2.725853557117e-05
1.637743136332e-03 5.450665892638e-04 4.490813043330e-05
1.144587347537e-03 5.059267904157e-04 4.583660436687e-05
3.841205208311e-04 6.685544738299e-04 9.057580098409e-06
1.578391833476e-03 5.551841374348e-04 1.529935958087e-05
-9.436756325385e-06 5.105361579375e-04 2.580809989718e-05
1.990563243675e-03 5.105361579375e-04 2.580809989718e-05
1.713098016151e-03 5.635906239394e-04 3.269006047029e-05
1.785715807327e-03 5.408226994299e-04 2.945733235180e-05
1.451506855226e-03 5.466540033746e-04 1.840871601366e-05
7.513330695877e-04 6.340530833814e-04 4.765306897387e-05
8.910449576803e-04 4.906677972148e-04 2.795968609181e-05
8.808947128211e-04 6.410560897997e-04 8.209769786877e-05
9.905687140183e-04 5.214754230637e-04 4.875044638439e-05
7.690049455360e-04 7.544785964552e-04 7.406217000062e-05
1.855704003829e-03 5.557279320578e-04 4.210028306373e-05
5.776536386699e-04 6.822430723343e-04 9.646479844324e-05
1.924747735537e-03 5.837003302297e-04 3.239462916279e-05
1.861500269386e-04 5.837825532336e-04 4.686484952621e-05
1.800415219580e-03 5.911247494359e-04 2.294847796901e-05
1.510333667586e-05 5.947866808426e-04 5.863856163666e-05
2.015103336676e-03 5.947866808426e-04 5.863856163666e-05
6.583940942504e-04 7.957487191335e-04 4.282827988884e-05
1.238998760414e-03 5.979820978679e-04 8.243655444732e-05
1.567701246437e-03 6.719228067922e-04 1.000000000000e-04
1.694988964105e-03 6.273884479357e-04 3.362811285093e-05
1.437139324951e-03 7.204709163446e-04 3.929585163699e-05
1.766360475656e-03 6.415665523699e-04 3.791284856036e-05
1.112415277055e-04 6.367305128934e-04 4.486722024768e-05
7.119408626383e-04 8.260952168343e-04 1.750883999422e-05
2.243909511731e-04 6.847583595581e-04 5.594320892175e-05
1.321476865348e-03 7.349310651293e-04 7.726700893371e-05
8.691330364401e-04 7.953345804832e-04 3.408054135340e-05
4.437112892089e-04 7.356334648804e-04 4.748851286432e-05
1.423202250829e-03 8.051660330981e-04 4.634925999329e-05
1.074263471522e-03 5.199842868770e-04 2.587851445765e-05
5.557691141698e-04 8.585504836916e-04 7.747060084325e-05
1.341737907755e-03 8.717400605656e-04 5.885787059024e-05
4.315606595248e-04 8.676838935846e-04 4.707320422782e-05
3.221670396784e-04 7.780782266516e-04 7.841728098463e-05
1.575376559235e-04 8.140246887973e-04 8.958774427798e-05
9.657099189291e-04 7.953345804832e-04 6.249634113555e-05
1.549827661737e-03 8.532394732128e-04 8.219549542157e-05
8.254126717902e-04 8.939970921535e-04 7.383498808622e-05
1.442250276016e-03 1.000284720104e-03 1.000000000000e-04
6.845145325478e-04 8.959253439864e-04 5.659006801740e-05
1.104304800438e-03 5.751199210701e-04 3.422820020151e-05
6.065529390490e-04 9.724749850016e-04 4.726026489614e-05
1.126356524721e-03 6.476460753595e-04 4.066821362522e-05
1.218537705183e-03 8.717400605656e-04 6.434233198244e-05
1.066566106811e-03 7.953345805760e-04 3.835984674646e-05
1.672979117183e-03 8.672604353830e-04 4.175150599567e-05
9.867356586975e-04 9.587543077996e-04 1.000000000000e-04
1.178621976442e-03 6.865699618791e-04 2.449885156376e-05
1.163874387269e-03 1.015578780420e-03 8.602997029626e-05
8.466729676026e-04 1.023128095825e-03 5.414779278804e-05
1.721003564360e-03 6.699721358471e-04 1.560468665030e-05
1.751204291405e-03 7.143926736071e-04 3.647366806414e-05
1.689328613500e-03 7.301856430953e-04 2.738568834829e-05
1.933898192714e-03 6.714348532277e-04 5.302708991211e-05
9.356383222525e-04 1.152116822802e-03 1.000000000000e-04
1.283798546607e-03 1.036845344331e-03 3.576522966484e-05
4.533737243227e-05 6.848712596990e-04 3.638421597932e-05
1.129570178212e-03 1.201008900323e-03 1.000000000000e-04
7.891142281576e-04 1.152116822802e-03 4.652409409487e-05
4.760790192981e-04 9.472447954517e-04 4.176526691171e-05
2.645012841485e-04 8.717115768404e-04 3.154882119420e-05
6.589375144235e-04 1.099278495571e-03 8.993767251460e-05
3.877917200669e-05 8.147943211685e-04 2.917326124833e-05
3.465367803451e-04 8.997630628801e-04 4.380106679238e-05
1.016730128971e-03 1.245196753173e-03 2.118350981997e-05
4.651549594381e-05 8.887005182829e-04 4.421227006752e-05
1.245887516793e-03 1.071381052201e-03 1.316704049693e-05
8.298518714987e-04 1.208017657192e-03 1.964813600090e-05
1.634183821805e-03 9.490567065594e-04 4.546383227343e-05
1.728979784993e-03 9.749150107958e-04 5.279565345030e-05
2.800377545668e-04 9.312480074284e-04 2.977489506118e-05
1.331850761592e-03 1.125200039699e-03 6.481094822303e-05
-7.495907137527e-06 7.334456585414e-04 3.229577635388e-05
1.992504092862e-03 7.334456585414e-04 3.229577635388e-05
3.200582936311e-04 9.548650150475e-04 1.669452064290e-05
1.934057211995e-03 7.562328456083e-04 3.043614357150e-05
1.117231886527e-04 9.241254290244e-04 2.940544669231e-05
1.874905755481e-03 7.751950175788e-04 3.168034999959e-05
1.919551284659e-03 8.132345976196e-04 2.697314883271e-05
1.246893546743e-03 1.125200039699e-03 2.014626662562e-05
1.585487760517e-03 1.033588938863e-03 4.705823505339e-05
6.496484034682e-05 9.527456602598e-04 2.243724840558e-05
1.808851922057e-03 9.749150045987e-04 2.707648361401e-05
1.703095086327e-04 9.323750326622e-04 2.944988463435e-05
5.179117735452e-04 1.146570231990e-03 5.878125909801e-05
1.371288212219e-04 9.620701488840e-04 1.507832720696e-05
1.789719145559e-03 1.025867684092e-03 2.648514395973e-05
1.533212784646e-03 1.097133951774e-03 3.286817395901e-05
7.838975301890e-04 1.230348005624e-03 3.144438738853e-05
5.951735070868e-04 1.241355252318e-03 6.350356427956e-05
4.079623016574e-04 1.146069673216e-03 5.062165806038e-05
2.265180867338e-04 1.006088600879e-03 6.223308977124e-05
8.506815836832e-04 1.280753673288e-03 5.222664184971e-05
1.276564193380e-03 1.229014941660e-03 4.963815972767e-05
4.400814107722e-04 1.293226859379e-03 1.000000000000e-04
5.933728331899e-04 1.377299751717e-03 7.245288580840e-05
1.599438182924e-03 1.118298531084e-03 3.665694951776e-05
1.814487974085e-03 7.914676648279e-04 3.089046873714e-05
1.355647579321e-03 1.229014941660e-03 2.944522621316e-05
9.604810119817e-04 1.313602756764e-03 6.238128431566e-05
7.192838722057e-04 1.381522705112e-03 5.352897505749e-05
1.340510114255e-03 1.335813767773e-03 7.484103554428e-05
1.022395891911e-04 9.810670063662e-04 2.437627043980e-05
1.210590278438e-03 1.328187774616e-03 5.079364279472e-05
1.058440008122e-03 1.319079127634e-03 3.554660668417e-05
3.354713644887e-04 1.019067238758e-03 4.749048005192e-05
4.675793100425e-04 1.483284500081e-03 9.203662211397e-05
6.697586041740e-04 1.494490117675e-03 6.611688306898e-05
1.432328700983e-03 1.352164205502e-03 1.842197793212e-05
1.529703023308e-03 1.214033286788e-03 8.178347993678e-05
8.765086928886e-04 1.358948834271e-03 3.012335979617e-05
1.426583103192e-03 1.225501525659e-03 2.197218702891e-05
1.033268207961e-03 1.394214432848e-03 4.369311786445e-05
-6.420956741297e-06 9.667571949936e-04 5.010171505051e-05
1.993579043259e-03 9.667571949936e-04 5.010171505051e-05
8.168974475948e-04 1.520648347245e-03 8.296603845954e-05
1.324543913800e-04 1.034499183842e-03 3.602748221948e-05
7.127436224036e-04 1.592034891199e-03 4.047910256632e-05
1.441224738328e-03 1.265907599766e-03 2.078040873683e-05
9.228377050856e-04 1.539789836680e-03 2.468959202498e-05
7.744957293244e-04 1.625657201555e-03 2.955548398938e-05
5.780652623375e-05 1.022932489503e-03 3.522608895978e-05
1.020245460124e-03 1.510202833266e-03 7.302407010954e-05
1.966232966140e-03 8.315652919941e-04 2.317855843714e-05
1.433683031988e-03 1.438596356558e-03 6.388694705659e-05
9.531655917856e-04 1.596100039640e-03 3.573192353951e-05
1.061161515087e-03 1.678319468528e-03 1.000000000000e-04
-2.493946857192e-05 1.083671098135e-03 6.741623013947e-05
1.975060531428e-03 1.083671098135e-03 6.741623013947e-05
1.214119893186e-03 1.718403216836e-03 5.812329443350e-05
7.181387031699e-04 1.681932478584e-03 4.958032096032e-05
1.517837844890e-03 1.448419584768e-03 2.083924928801e-05
1.758946082714e-04 1.071274248033e-03 2.030117684892e-05
1.689821192692e-03 1.079528337454e-03 5.890636914656e-05
1.665926813826e-03 1.190327834131e-03 5.444031058133e-05
2.835456588025e-04 1.063528004538e-03 1.870780884508e-05
1.798112512731e-03 1.106375673959e-03 5.266329282838e-05
1.253252559731e-03 1.413272446409e-03 4.183684461126e-05
3.246376892793e-04 1.498282862183e-03 4.557128627138e-05
1.321741689598e-03 1.500011923902e-03 6.376140740251e-05
3.700620104216e-04 1.565272485421e-03 3.536692855487e-05
8.908876735922e-04 1.683872849935e-03 6.956735808072e-05
5.813535208712e-04 1.592524667747e-03 6.338948562164e-05
1.781210697018e-03 1.218660531238e-03 6.088652244445e-05
4.493520203530e-04 1.600322445768e-03 2.641226352795e-05
1.010157948891e-04 1.141955521546e-03 7.137066551675e-05
9.558364711957e-04 1.759769100516e-03 3.032552271200e-05
3.936874884767e-04 1.637246292530e-03 4.038545190949e-05
4.957324324799e-04 1.699285506798e-03 7.346389406728e-05
1.148679142648e-03 1.773160344678e-03 2.720451825955e-05
3.549467272375e-04 1.745475433653e-03 7.456884648782e-05
7.885580658647e-04 1.777514480569e-03 6.914139010080e-05
1.449249059461e-03 1.602772174018e-03 1.000000000000e-04
6.604088961124e-04 1.633579264986e-03 2.569043528637e-05
1.643946809980e-03 1.304757382817e-03 6.208111312045e-05
2.142246544351e-04 1.091987627198e-03 2.326757933425e-05
2.811417492800e-06 1.189960969251e-03 3.793909044858e-05
2.002811417493e-03 1.189960969251e-03 3.793909044858e-05
1.352070627643e-03 1.762022763892e-03 8.655937677864e-05
1.504340102650e-03 1.766034550550e-03 6.576197552949e-05
6.283632264300e-04 1.657643510614e-03 1.429855748764e-05
1.005282021345e-03 1.798317625356e-03 3.237098424943e-05
1.654229249016e-03 1.812842994463e-03 9.109255652515e-05
4.868174192401e-04 1.852964738404e-03 7.923644631840e-05
2.205303065875e-04 1.169496298268e-03 5.127603394541e-05
1.096486523043e-03 1.810916594528e-03 3.721278090194e-05
1.941748205127e-03 1.206464303469e-03 2.531496827318e-05
9.282513808334e-04 1.844046129843e-03 5.658219294934e-05
8.267068391382e-04 1.899010170805e-03 5.820301622679e-05
1.872944322927e-03 1.225409611102e-03 3.109504202061e-05
2.350704299810e-04 1.756975566037e-03 4.585787299470e-05
1.549622231441e-04 1.757237424915e-03 3.329901959829e-05
3.468156947252e-04 1.875444313534e-03 5.565463547980e-05
1.925918839068e-03 1.268617927104e-03 3.726618918603e-05
4.274957110300e-04 1.945553851785e-03 2.813393268880e-05
9.072106945492e-04 1.925912798717e-03 2.667720551068e-05
1.164139946960e-03 1.831969720573e-03 3.360321803568e-05
6.171981170620e-04 1.720868170169e-03 4.990435071730e-05
1.842825796612e-03 1.337944891953e-03 7.094971426479e-05
-3.654910494504e-05 1.350873974414e-03 5.036630094983e-05
1.963450895055e-03 1.350873974414e-03 5.036630094983e-05
1.789309648588e-04 1.852584848053e-03 6.501494802657e-05
1.912993333651e-03 1.441979870446e-03 5.377902921330e-05
3.570573454351e-04 -2.772982936833e-05 4.171195909718e-05
3.570573454351e-04 1.972270170632e-03 4.171195909718e-05
1.530458159709e-03 1.883138411252e-03 5.124763774042e-05
1.425246365097e-03 1.881997401240e-03 5.397036828276e-05
1.592898969087e-03 1.899365346162e-03 1.326723819422e-05
1.483839515306e-03 -3.084478562294e-05 4.639952885220e-05
1.483839515306e-03 1.969155214377e-03 4.639952885220e-05
1.038491748553e-03 1.864720323536e-03 4.187324929889e-05
9.940903754606e-04 -3.327786188763e-05 6.930983629317e-05
9.940903754606e-04 1.966722138112e-03 6.930983629317e-05
1.374914032349e-03 -2.684478834968e-05 5.015982815391e-05
1.374914032349e-03 1.973155211650e-03 5.015982815391e-05
2.779862273874e-04 -2.033007737599e-05 3.770517329970e-05
2.779862273874e-04 1.979669922624e-03 3.770517329970e-05
4.285587184321e-05 1.879384716846e-03 7.367417679629e-05
2.042855871843e-03 1.879384716846e-03 7.367417679629e-05
-1.853847130748e-06 1.441979870446e-03 3.137379000515e-05
1.998146152869e-03 1.441979870446e-03 3.137379000515e-05
1.927489813544e-03 1.938702952163e-03 5.604856183881e-05
2.384382390694e-04 1.925667191376e-03 2.923026252342e-05
1.119039875622e-03 1.895604165841e-03 4.439271093186e-05
1.249270649210e-03 1.790033491243e-03 1.761540927691e-05
1.254585776220e-03 1.854784214633e-03 4.474297413379e-05
1.817160031905e-03 1.449392486921e-03 4.234052450219e-05
1.111367640716e-03 -1.007359962497e-05 5.024111093845e-05
1.111367640716e-03 1.989926400375e-03 5.024111093845e-05
1.244405203349e-03 7.628711532642e-07 8.323714561744e-05
1.244405203349e-03 2.000762871153e-03 8.323714561744e-05
1.801067371625e-03 1.814343912491e-03 5.575324103869e-05
1.846522975790e-03 1.934929294365e-03 2.500617829334e-05
1.859144583143e-03 -3.376727942199e-06 3.353846986633e-05
1.859144583143e-03 1.996623272058e-03 3.353846986633e-05
1.748648440019e-03 1.864180832540e-03 1.561853034114e-05
-9.765625000000e-06 1.646484375000e-03 2.860937619337e-05
1.990234375000e-03 1.646484375000e-03 2.860937619337e-05
1.699218750000e-04 1.369140625000e-03 6.519389887340e-05
1.503906250000e-04 1.576171875000e-03 2.952525329175e-05
1.689453125000e-03 1.583984375000e-03 1.000000000000e-04
1.865234375000e-03 1.673828125000e-03 7.326696859560e-05
6.582031250000e-04 1.880859375000e-03 5.955624373999e-05
2.597656250000e-04 1.615234375000e-03 3.374336433366e-05
1.177734375000e-03 1.533203125000e-03 5.370844312914e-05
4.101562500000e-05 1.548828125000e-03 4.991013446717e-05
2.041015625000e-03 1.548828125000e-03 4.991013446717e-05
9.570312500000e-05 1.666015625000e-03 7.348062048726e-05
1.884765625000e-03 9.082031250000e-04 2.824045403118e-05
