# 2D packing, generated 2026-10-01T15:39:21.567669+00:00
# generator = preprocess/generate_packing_gravity.py
# periodic axes = xy
# porosity_achieved = 0.324732  (target 0.325000)
# 289 distinct grains; 317 rows including 28 periodic edge images.
# Centres span [-R, L+R]: a grain need only be PARTLY inside.
# Do NOT drop the out-of-box rows -- they carry the conduction
# paths that cross the domain edge, and k_eff depends on them.
# header row is 'Lx Ly'; grain rows are 'x y r', all in metres
2.000000000000e-03 2.000000000000e-03
2.127650964904e-04 1.727920899429e-05 6.123179172114e-05
2.127650964904e-04 2.017279208994e-03 6.123179172114e-05
5.016883513967e-04 9.858687307975e-05 6.440539326744e-05
5.866326571951e-04 5.823114952703e-05 2.963779936119e-05
9.157710631698e-05 9.888543963196e-05 8.487135760856e-05
2.971270508182e-04 4.834114984373e-05 1.969680681748e-05
-4.199493475685e-05 1.306734871002e-04 5.243113492533e-05
1.958005065243e-03 1.306734871002e-04 5.243113492533e-05
3.762735684172e-04 8.717386092010e-05 4.190986080140e-05
2.452107128383e-05 2.064429922957e-04 4.187705161993e-05
2.024521071284e-03 2.064429922957e-04 4.187705161993e-05
2.548938464750e-04 1.628799624082e-04 8.411948472767e-05
1.951643758148e-03 2.142838351373e-04 3.142085831048e-05
1.406926198322e-04 2.173753248113e-04 4.162284033465e-05
1.893972409587e-03 2.135036258868e-04 2.625577475982e-05
1.629875983021e-03 9.413376795477e-05 7.897743805541e-05
1.262180833850e-03 4.646858230032e-05 7.646866963039e-05
1.262180833850e-03 2.046468582300e-03 7.646866963039e-05
1.138741545982e-03 7.552233234810e-05 5.034445969046e-05
4.188245932345e-04 2.161018563920e-04 7.938676145235e-05
1.737550463614e-03 4.615153355520e-05 3.455044024844e-05
5.397408249585e-04 2.147843234665e-04 2.977376991501e-05
-8.405926199531e-06 2.858673603682e-04 4.410217946234e-05
1.991594073800e-03 2.858673603682e-04 4.410217946234e-05
1.982889133089e-04 2.670467277870e-04 3.443359832785e-05
1.365652348023e-03 3.483229036310e-05 2.765617551330e-05
1.067492681208e-03 3.247705293655e-05 3.289807881202e-05
1.067492681208e-03 2.032477052937e-03 3.289807881202e-05
2.997044790000e-04 3.270762071928e-04 8.341654826550e-05
5.195228415155e-04 2.916635034577e-04 4.650883357005e-05
1.901447083852e-03 2.864383454921e-04 4.604662535746e-05
-4.536493649316e-05 4.251492929871e-04 1.000000000000e-04
1.954635063507e-03 4.251492929871e-04 1.000000000000e-04
5.928662601810e-04 3.148726917220e-04 3.041920994237e-05
1.371210095258e-03 7.834963551599e-05 1.621490422086e-05
4.448291395129e-04 3.745674894720e-04 6.508068257046e-05
3.555572468772e-04 4.346060124662e-04 3.775354380800e-05
1.790467917635e-03 4.271927623772e-04 6.417988922487e-05
1.428170797735e-03 1.101363092948e-04 4.901487623721e-05
1.201007061634e-03 1.203863689583e-04 1.947969064651e-05
1.061821889868e-03 1.090258794107e-04 3.355557866255e-05
1.297056010113e-04 3.620593240408e-04 8.274602601530e-05
5.411289606435e-04 3.744113158963e-04 3.093686073694e-05
1.337709224409e-03 1.804518116472e-04 6.556096059958e-05
1.522696688875e-03 8.752865874040e-05 2.714890244627e-05
1.696510251589e-03 4.273012784350e-04 2.977785511465e-05
1.633073198925e-03 4.494720812960e-04 3.742188589325e-05
2.361495961079e-04 4.330627286796e-04 4.016488453595e-05
1.706067420015e-03 5.247895885420e-04 6.484950974338e-05
1.830443945893e-03 5.480352617445e-04 6.168065192473e-05
4.270353716422e-04 4.921643218326e-04 5.385473352306e-05
1.511240210122e-03 1.662675902427e-04 5.124116108038e-05
1.433318678441e-03 2.172047057554e-04 3.686925135126e-05
7.255790540093e-05 4.423788955628e-04 1.582928918220e-05
9.424370004107e-04 2.724534766251e-05 6.440985169189e-05
9.424370004107e-04 2.027245347663e-03 6.440985169189e-05
1.760167646461e-03 6.054990515288e-04 2.908047534881e-05
6.186776920642e-04 3.887723844362e-04 4.785846714387e-05
1.517497403827e-03 2.948581026742e-04 7.750153758297e-05
1.552424082512e-03 5.495891106041e-04 9.078240492256e-05
1.442277313980e-03 5.496271800119e-04 1.936437137171e-05
7.329785040057e-04 8.836937238231e-05 6.313246786827e-05
1.414811195492e-03 6.378789001726e-04 7.271803689845e-05
1.515873002441e-03 6.719584825488e-04 3.391271734334e-05
7.334318508446e-04 3.885697138149e-04 6.689587075155e-05
7.845680873269e-05 5.086061896051e-04 4.932140577107e-05
5.249436559832e-04 4.453890015602e-04 4.174167369109e-05
1.021817375564e-03 6.708304421820e-05 2.440653067485e-05
1.567203425212e-04 5.079265853267e-04 2.894508449684e-05
1.679585431054e-03 6.529539293613e-04 6.443668280906e-05
2.333071834512e-04 5.217772837308e-04 4.859520458597e-05
1.793392721015e-03 6.811130198905e-04 5.280253259116e-05
6.652409140674e-04 4.446995850900e-04 2.139736379792e-05
1.584785874204e-03 7.039560553187e-04 4.206641504083e-05
7.029837768205e-04 4.907532768676e-04 3.814645380850e-05
5.138211439265e-06 5.387201644731e-04 2.429366514762e-05
2.005138211439e-03 5.387201644731e-04 2.429366514762e-05
1.151792091325e-03 1.553914204580e-04 3.058394112444e-05
1.725902362690e-03 7.404210779670e-04 3.453685022579e-05
3.388431939379e-04 5.976611223596e-04 8.139020990282e-05
1.517630759298e-03 7.434555217009e-04 3.584390072391e-05
5.913068712368e-04 4.579831314277e-04 2.580600166429e-05
-5.604841541625e-05 6.032532555720e-04 6.454537960187e-05
1.943951584584e-03 6.032532555720e-04 6.454537960187e-05
6.445498392590e-04 5.037169741692e-04 2.170822442698e-05
1.825783178481e-03 8.305542389325e-04 1.000000000000e-04
8.455195739322e-04 8.550821990507e-05 4.667200997598e-05
4.384365259125e-04 6.268842577100e-04 2.240200363126e-05
1.635532874258e-03 8.264744885671e-04 9.025030422279e-05
1.207318217307e-03 2.581706272948e-04 8.623533736756e-05
2.135598877209e-04 6.136553563866e-04 4.474380945920e-05
1.492195795505e-03 8.310770781951e-04 5.316065064788e-05
9.884217628508e-04 1.107018879411e-04 3.036907239157e-05
9.386669012266e-04 1.090649479618e-04 1.749661426953e-05
1.370904031869e-04 5.626420206943e-04 2.901797446130e-05
1.720256544344e-03 9.353613974197e-04 4.771512330227e-05
1.027526077760e-03 2.116328910979e-04 7.463171741461e-05
9.010386508740e-04 1.738108219377e-04 5.738941245320e-05
2.572020000037e-04 6.839830378890e-04 3.732865817127e-05
1.951975634152e-03 8.305542389325e-04 2.619245567060e-05
1.934575623023e-03 8.744209459051e-04 1.730338430751e-05
1.276359277861e-03 6.479217408575e-04 6.609764109606e-05
1.096383464356e-03 2.844037627453e-04 2.555290112541e-05
1.831958485877e-03 1.032017664210e-03 1.000000000000e-04
4.228914679952e-04 6.988447047829e-04 5.014773496968e-05
7.961190305844e-04 4.936794871698e-04 5.503475781914e-05
-2.402102435333e-05 8.761898722331e-04 2.413773909461e-05
1.975978975647e-03 8.761898722331e-04 2.413773909461e-05
5.720819637944e-04 5.455839126205e-04 6.197830094662e-05
6.708336541539e-04 5.483954375484e-04 2.785543309964e-05
6.646033934176e-04 6.785378684865e-04 1.000000000000e-04
9.144748587219e-04 3.447328051645e-04 1.000000000000e-04
1.111040170798e-03 3.875041815068e-04 7.499968603696e-05
1.019467267130e-03 4.018074947029e-04 1.768355941280e-05
1.104431317921e-04 6.540099115638e-04 6.598809866499e-05
1.947779630734e-03 9.145273779313e-04 2.345393451202e-05
1.965775454206e-03 1.032017664210e-03 3.381696832920e-05
5.133221344443e-04 8.136473380648e-04 9.599381008101e-05
1.914905963962e-04 7.381131298747e-04 4.780685393995e-05
1.208300996843e-03 4.152188740691e-04 2.507373211095e-05
1.536099438821e-03 9.475328021465e-04 6.640895458316e-05
9.398711415564e-05 7.763647594757e-04 5.693146863670e-05
1.695361096296e-03 1.040993536315e-03 3.689197610007e-05
3.919380820927e-04 8.135534535787e-04 2.529417278362e-05
3.835064954879e-04 9.084993465686e-04 6.476031681273e-05
1.708388162969e-03 1.145292342228e-03 6.763286486794e-05
1.348962970224e-03 7.157610329936e-04 2.927027404309e-05
5.607875318968e-05 8.830713478989e-04 5.625709326281e-05
2.056078753190e-03 8.830713478989e-04 5.625709326281e-05
1.397402174407e-03 7.322979150277e-04 2.189343850067e-05
1.180512190043e-03 4.385282769974e-04 1.119672605983e-05
1.002143452834e-03 5.244943138587e-04 1.000000000000e-04
4.785724999627e-04 9.354411559106e-04 3.066033095911e-05
8.501038944607e-04 6.175934826840e-04 7.827938501297e-05
1.250423191088e-04 9.041708635120e-04 1.586199563458e-05
1.551207661602e-03 1.144931869631e-03 8.947389268945e-05
9.919425933406e-04 7.124011640243e-04 8.818365593773e-05
4.426362689064e-04 9.789333926445e-04 2.575763976710e-05
7.928676602781e-04 7.127232507329e-04 3.274171861901e-05
5.203136944511e-05 1.051260660512e-03 5.455936232752e-05
2.052031369445e-03 1.051260660512e-03 5.455936232752e-05
1.124170845634e-03 7.102303133021e-04 4.406241572307e-05
1.384205650927e-03 1.145292423766e-03 7.752850866003e-05
1.094544059863e-03 8.103773555706e-04 5.368392172188e-05
8.479079481017e-04 7.217193843695e-04 2.280267007308e-05
1.851512638941e-03 1.232562965930e-03 1.000000000000e-04
8.845673134715e-04 7.639548661073e-04 3.092657497538e-05
1.641397588858e-03 1.211914076780e-03 2.259475606530e-05
1.748172954418e-05 1.172996200251e-03 7.198398697528e-05
2.017481729544e-03 1.172996200251e-03 7.198398697528e-05
1.204780659094e-03 7.196669733727e-04 3.524769514599e-05
1.166351055535e-03 7.556645013711e-04 1.740832526693e-05
7.609436565691e-04 7.636335249256e-04 2.734994493109e-05
1.734135562288e-03 1.280081613459e-03 2.663095982714e-05
2.796077116375e-04 9.260964733500e-04 4.061812574813e-05
1.969987773696e-03 1.254292811385e-03 2.045141650710e-05
1.463148763577e-03 1.227074740388e-03 3.078798916735e-05
1.600973477026e-03 1.267146129587e-03 4.248429645219e-05
1.667851652112e-03 1.368147568693e-03 7.865192591722e-05
3.186253472395e-04 1.023731658451e-03 6.452465934731e-05
1.384964442755e-03 1.308583984791e-03 8.215688782157e-05
-2.834235073130e-05 1.329890028929e-03 5.462011738000e-05
1.971657649269e-03 1.329890028929e-03 5.462011738000e-05
7.140552143348e-04 8.185356294122e-04 4.484959322182e-05
1.766800030305e-03 1.398748618387e-03 2.492032596777e-05
1.573962163488e-04 1.051260660566e-03 5.080548457622e-05
1.206674470964e-03 7.943889054703e-04 3.849748519359e-05
1.507431431458e-03 1.333025537141e-03 4.272527032261e-05
1.544115973900e-03 1.431010666568e-03 6.013672994530e-05
1.194917545009e-04 1.173229136950e-03 3.002630393291e-05
1.444218501349e-03 1.430882911436e-03 3.976082932687e-05
8.291120061472e-04 8.491184668963e-04 7.070085567779e-05
1.857639078523e-03 1.398417997266e-03 6.480565799380e-05
9.330138729817e-04 8.682045396441e-04 3.469139136818e-05
1.025465502740e-03 8.312919176241e-04 1.776066733553e-05
2.437674535110e-04 1.145978406736e-03 7.737970196495e-05
1.475225303416e-03 1.530581227730e-03 6.094267507385e-05
1.255248200625e-03 1.307805204912e-03 4.756169760444e-05
1.630073579927e-03 1.474035858454e-03 3.374039630449e-05
1.036043314453e-03 9.483273075821e-04 9.582574831828e-05
4.126270491027e-04 1.027931625225e-03 2.957082234067e-05
1.139679691588e-03 1.305393224995e-03 6.619830546415e-05
8.795185022690e-04 9.767494523741e-04 6.325475731679e-05
1.598212659923e-03 1.572747344063e-03 6.900389056646e-05
1.952638444888e-03 1.418784052233e-03 3.235226209268e-05
5.452733459967e-04 9.442062938393e-04 3.661396215310e-05
1.635701494402e-04 1.225866397320e-03 3.581790675416e-05
4.935871509239e-04 1.053254426044e-03 5.525713489175e-05
9.914228173636e-05 1.230178436250e-03 2.770680446588e-05
-3.695149292789e-06 1.418906036744e-03 1.131432543054e-05
1.996304850707e-03 1.418906036744e-03 1.131432543054e-05
1.223582657263e-04 1.310381696045e-03 5.578897263932e-05
1.219748008103e-03 1.451032932133e-03 1.000000000000e-04
7.956399607636e-04 9.768522967526e-04 2.062384915910e-05
9.452994234419e-04 1.126164924187e-03 1.000000000000e-04
1.778985529602e-03 1.453615920181e-03 3.128389215330e-05
3.572265735409e-04 1.158736523417e-03 3.679446962909e-05
1.343415996730e-03 1.454239439597e-03 2.196541570870e-05
2.499973752869e-04 1.321485553991e-03 7.233221198955e-05
1.063062178924e-03 1.168524048772e-03 2.514936623281e-05
1.751438181792e-03 1.564538868472e-03 8.300866522503e-05
1.673824546769e-04 1.383693490512e-03 3.024472307685e-05
8.135426227454e-04 1.161149187737e-03 3.611803724715e-05
8.518276668390e-04 1.244324095661e-03 5.066043447562e-05
1.645084120814e-06 1.472391358284e-03 4.027965514537e-05
2.001645084121e-03 1.472391358284e-03 4.027965514537e-05
1.673084505096e-03 1.676407789795e-03 5.357084460659e-05
1.920325473062e-03 1.476141980230e-03 3.287168786482e-05
1.579114034350e-03 1.686503919331e-03 4.094051890856e-05
1.958178132591e-03 1.519599660711e-03 2.389198923129e-05
6.444938079720e-04 8.986119974688e-04 6.029119243760e-05
7.241819946758e-05 1.473693163783e-03 3.050543621528e-05
1.756992457408e-03 1.677759241580e-03 3.034801307421e-05
1.330616034500e-04 1.441792860688e-03 3.723458963288e-05
1.747039091802e-03 1.764047950107e-03 5.651303431801e-05
4.743713131252e-04 1.194793513158e-03 8.577386446027e-05
3.261670910900e-04 1.222395171506e-03 3.403712591031e-05
2.202914947244e-04 1.421505533738e-03 3.200587160702e-05
9.706294064132e-04 1.309947062996e-03 8.489332581432e-05
1.432692965353e-03 1.706650001673e-03 1.000000000000e-04
6.929642150863e-04 1.050779988205e-03 9.941002298027e-05
1.555623789205e-03 1.756084292845e-03 3.249832615523e-05
7.360109434081e-04 1.185237538710e-03 4.177019476788e-05
1.626805540457e-03 1.771104902845e-03 4.006066611945e-05
1.678017266879e-03 1.857147762446e-03 5.938191559527e-05
1.290823529867e-03 1.608329390137e-03 7.260923321343e-05
1.564833376949e-03 1.842802335808e-03 5.470798646392e-05
1.188492216710e-03 1.634378082415e-03 3.298549997307e-05
3.887194372115e-04 1.320561363306e-03 6.638984993502e-05
1.067710129209e-03 1.371897456274e-03 3.026968125349e-05
3.012799094441e-04 1.433210890514e-03 4.982406604457e-05
1.294130912074e-03 1.762197492946e-03 4.928156167906e-05
5.693199771421e-04 1.105647702007e-03 3.585040892279e-05
1.223098619348e-03 1.693304865778e-03 3.516817482542e-05
1.629328535693e-03 -3.960886283377e-05 5.476635024990e-05
1.629328535693e-03 1.960391137166e-03 5.476635024990e-05
1.474780320761e-03 -3.140138047402e-05 1.000000000000e-04
1.474780320761e-03 1.968598619526e-03 1.000000000000e-04
1.890373671591e-03 1.557133973833e-03 5.348115481679e-05
1.015688444011e-03 1.452051476817e-03 6.375259096041e-05
1.916400176155e-04 1.479169117235e-03 3.225220882300e-05
1.279778447417e-04 1.582072177158e-03 8.875155969937e-05
1.767830695825e-03 1.882209958116e-03 3.386317729992e-05
1.223766514231e-03 1.756920907459e-03 2.128044172631e-05
1.089461621202e-03 1.631231833535e-03 6.609509656988e-05
2.986438807455e-04 1.584561669268e-03 8.193263235192e-05
5.115320665520e-04 1.335246619867e-03 5.729765422684e-05
1.730418650290e-03 1.942506219092e-03 3.709675594425e-05
1.879660394588e-05 1.604621369341e-03 2.273390755899e-05
2.018796603946e-03 1.604621369341e-03 2.273390755899e-05
1.699417126664e-03 -6.106380132920e-06 2.291795604340e-05
1.699417126664e-03 1.993893619867e-03 2.291795604340e-05
1.168225388687e-03 1.771597720793e-03 3.616716762758e-05
2.146811906103e-04 1.660153935886e-03 2.792847814276e-05
7.670748761884e-04 1.255368793049e-03 3.467439687573e-05
1.156043258161e-03 1.705338914583e-03 3.033657144604e-05
2.941667487361e-05 1.681154342948e-03 5.100386875776e-05
2.029416674874e-03 1.681154342948e-03 5.100386875776e-05
8.024331142416e-04 1.339053953518e-03 5.617390733773e-05
1.222215097089e-04 1.724704371762e-03 5.151121490601e-05
1.890660586074e-03 1.875970597690e-03 8.912548483054e-05
8.802374359819e-04 1.393161744684e-03 3.796998605981e-05
6.155536264047e-04 1.181741896197e-03 5.271959498851e-05
6.772841906226e-04 1.273084006149e-03 5.684716486910e-05
9.133832532908e-04 1.462751818718e-03 3.911069199744e-05
4.486547201647e-04 1.439851620446e-03 6.475056097864e-05
2.381839819696e-04 1.755038124453e-03 6.835300629902e-05
6.498836542636e-05 1.872900726260e-03 8.522963100079e-05
2.064988365426e-03 1.872900726260e-03 8.522963100079e-05
7.014543373666e-04 1.379042603439e-03 5.183322186361e-05
4.178770174024e-04 1.542457779411e-03 4.237222298789e-05
6.060374314342e-04 1.394257395985e-03 4.478913451008e-05
7.866709418800e-04 1.459714043486e-03 6.551142645941e-05
1.737033430731e-04 1.885879184801e-03 2.425741798805e-05
6.812270949384e-04 1.475501521118e-03 4.110777441653e-05
1.508017514286e-04 1.931403525239e-03 1.862858073279e-05
4.972253208930e-04 1.542457779411e-03 3.697608050271e-05
1.529746915787e-04 1.797960844875e-03 2.705654824013e-05
8.784964497505e-04 1.597416835601e-03 1.000000000000e-04
1.094274762201e-03 1.735711532881e-03 3.849547273032e-05
1.216830283594e-04 -1.902007057007e-05 3.681709808114e-05
1.216830283594e-04 1.980979929430e-03 3.681709808114e-05
5.958929297095e-04 1.542457779411e-03 6.169152831384e-05
1.013776662053e-03 1.734689271059e-03 3.638710488764e-05
6.982941251212e-04 1.558841766607e-03 4.201208713999e-05
8.894859334619e-04 1.794136177945e-03 9.702632376582e-05
1.050024803551e-03 1.832654340864e-03 6.806906914499e-05
5.227159544510e-04 1.627646602391e-03 5.061165627454e-05
1.154167814767e-03 1.836880734829e-03 3.061223004436e-05
4.174306530769e-04 1.656053602930e-03 5.670860920245e-05
9.693629922368e-04 1.904093460864e-03 2.885378255913e-05
1.143332263125e-03 -5.370833139038e-05 7.896781675265e-05
1.143332263125e-03 1.946291668610e-03 7.896781675265e-05
6.924689619057e-04 1.792241260010e-03 1.000000000000e-04
7.925173341573e-04 1.882949693786e-03 3.446797814462e-05
8.586786390691e-04 1.942642109845e-03 5.464160662103e-05
5.284081413563e-04 1.820850073775e-03 6.653672619191e-05
7.462145214613e-04 -3.422727681886e-05 6.017663549066e-05
7.462145214613e-04 1.965772723181e-03 6.017663549066e-05
3.431203882174e-04 1.678338795309e-03 2.087131901886e-05
4.867688123042e-04 1.690840306758e-03 2.086648401858e-05
6.059973839212e-04 1.889094357952e-03 1.985882908971e-05
5.758963905479e-04 1.939105870008e-03 3.851258360810e-05
4.135839514811e-04 1.819463405500e-03 4.829591306746e-05
4.496406969447e-04 -4.539107981235e-05 8.869138375193e-05
4.496406969447e-04 1.954608920188e-03 8.869138375193e-05
3.146781246516e-04 -2.255494283767e-05 4.818962538680e-05
3.146781246516e-04 1.977445057162e-03 4.818962538680e-05
1.318359375000e-03 9.355468750000e-04 1.000000000000e-04
1.361328125000e-03 4.277343750000e-04 1.830177018551e-05
1.193359375000e-03 1.115234375000e-03 6.448731891039e-05
1.744140625000e-03 2.519531250000e-04 3.367776347188e-05
6.894531250000e-04 2.363281250000e-04 4.503644769589e-05
1.876953125000e-03 1.697265625000e-03 4.752057015630e-05
1.283203125000e-03 4.980468750000e-04 2.466327324587e-05
1.802734375000e-03 1.464843750000e-04 8.575975937539e-05
1.361328125000e-03 3.261718750000e-04 7.018541972665e-05
