# 2D packing, generated 2026-10-01T15:39:19.730839+00:00
# generator = preprocess/generate_packing_gravity.py
# periodic axes = xy
# porosity_achieved = 0.275358  (target 0.275000)
# 303 distinct grains; 338 rows including 35 periodic edge images.
# Centres span [-R, L+R]: a grain need only be PARTLY inside.
# Do NOT drop the out-of-box rows -- they carry the conduction
# paths that cross the domain edge, and k_eff depends on them.
# header row is 'Lx Ly'; grain rows are 'x y r', all in metres
2.000000000000e-03 2.000000000000e-03
8.887970410061e-04 3.226437913897e-05 6.159080308800e-05
8.887970410061e-04 2.032264379139e-03 6.159080308800e-05
6.770206699851e-04 3.407531072612e-05 1.000000000000e-04
6.770206699851e-04 2.034075310726e-03 1.000000000000e-04
1.930655252297e-03 4.274236929346e-05 6.143470010581e-05
1.930655252297e-03 2.042742369293e-03 6.143470010581e-05
1.665102895206e-03 2.720659471695e-05 5.033805381689e-05
1.665102895206e-03 2.027206594717e-03 5.033805381689e-05
3.712518045633e-04 2.454331790938e-05 8.948484312104e-05
3.712518045633e-04 2.024543317909e-03 8.948484312104e-05
4.953138434151e-05 1.519651457749e-04 1.000000000000e-04
2.049531384342e-03 1.519651457749e-04 1.000000000000e-04
9.802819713215e-04 2.519900952648e-05 3.016664545111e-05
9.802819713215e-04 2.025199009526e-03 3.016664545111e-05
2.487925933327e-04 1.691393430861e-04 1.000000000000e-04
1.492237511739e-04 2.923737456761e-04 5.843248518402e-05
5.274420580886e-05 2.900042294869e-04 3.807649675185e-05
5.166706173171e-04 9.081950435222e-05 7.009425451085e-05
8.038973618693e-04 7.398135549137e-05 3.300447929579e-05
4.346900604059e-04 1.130802739692e-04 1.485488366290e-05
9.153004034060e-05 3.606231142568e-04 3.093509120880e-05
1.067196530976e-03 4.620937754200e-05 5.925143355920e-05
1.067196530976e-03 2.046209377542e-03 5.925143355920e-05
1.817332907135e-03 4.594535355927e-05 5.193291610001e-05
1.817332907135e-03 2.045945353559e-03 5.193291610001e-05
1.179716188999e-03 2.677059564538e-05 4.801007215274e-05
1.179716188999e-03 2.026770595645e-03 4.801007215274e-05
8.640844061422e-04 1.597570585070e-04 6.827493594665e-05
9.874538212403e-04 8.424673834389e-05 2.909867984041e-05
-8.496211889224e-05 3.001031967470e-04 1.000000000000e-04
1.915037881108e-03 3.001031967470e-04 1.000000000000e-04
7.167344885915e-04 2.212727948691e-04 9.136416930752e-05
3.883684783755e-04 1.523141060446e-04 3.137628873326e-05
3.118725872918e-05 3.573612544947e-04 2.949582934693e-05
2.793795076235e-04 3.390266699552e-04 7.261888910668e-05
1.756591753229e-03 2.979300507003e-04 5.846139509230e-05
5.916930010148e-04 2.106100629535e-04 3.089344245132e-05
1.263085437405e-03 5.145800099751e-05 3.887856063315e-05
5.781202434195e-04 3.363002702929e-04 8.876174922891e-05
9.828672076508e-04 1.609066149624e-04 4.769830011230e-05
1.805912109046e-03 4.132155043708e-04 5.717134575842e-05
1.099273333395e-03 1.681939873847e-04 6.688025202626e-05
1.484213358426e-03 3.026211825266e-05 3.136077329745e-05
1.484213358426e-03 2.030262118253e-03 3.136077329745e-05
6.930586785783e-04 3.329945105358e-04 2.251058375320e-05
1.551848565251e-03 4.604279629661e-05 2.653013573917e-05
1.503798108059e-03 1.132690735183e-04 5.392531607625e-05
1.635781008454e-03 2.983659737798e-04 6.235046123974e-05
1.620198559642e-04 3.886172211491e-04 3.865819884317e-05
1.386126053160e-03 1.094834690837e-04 6.276899115037e-05
8.466763265181e-04 2.848406945312e-04 5.329359678649e-05
1.214181087352e-03 8.580300342967e-05 2.034677508366e-05
1.905158995005e-03 4.464505257910e-04 4.667116013649e-05
6.789694202229e-05 4.197900472249e-04 3.277720881794e-05
1.213645749262e-04 4.345661411873e-04 2.269463765181e-05
6.981737714126e-04 4.107279351221e-04 5.167476681474e-05
1.833899794633e-03 5.344731538159e-04 6.658013867302e-05
2.201554876063e-04 4.191239890180e-04 2.699571691870e-05
-7.776911281553e-06 4.203634215432e-04 4.289885731751e-05
1.992223088718e-03 4.203634215432e-04 4.289885731751e-05
1.449285291995e-03 1.683302675999e-04 2.355617983622e-05
-1.962775984903e-05 5.237228806971e-04 6.113778307310e-05
1.980372240151e-03 5.237228806971e-04 6.113778307310e-05
1.917052617614e-03 6.177396907241e-04 5.109557414649e-05
1.701054149371e-03 3.727916773827e-04 3.395995823282e-05
6.112865592954e-04 4.719837991477e-04 5.091659317038e-05
7.896540123320e-04 3.694096134617e-04 4.870372448773e-05
1.250548519132e-03 1.170968875668e-04 2.763133189858e-05
1.605214155277e-03 1.094710400451e-04 4.756182444765e-05
1.480029802934e-03 2.954217167075e-04 9.342881235286e-05
4.515356721995e-04 1.736891348178e-04 3.530944037920e-05
1.346410899565e-03 2.981094033965e-04 4.021720950800e-05
4.214342706249e-04 3.318134565845e-04 6.798851531213e-05
1.724859166681e-03 4.267336273417e-04 2.500115618948e-05
4.851190755847e-04 4.188599008508e-04 3.559805840056e-05
1.762615161066e-04 4.683658030844e-04 3.896972917878e-05
1.025110594721e-04 5.369025721872e-04 6.171007426780e-05
2.730133508251e-04 4.423936182144e-04 3.075759569047e-05
7.871675758073e-04 4.835602017769e-04 6.288654249213e-05
2.248574376438e-04 5.596299233490e-04 6.186579052244e-05
3.582289709412e-04 4.189031004294e-04 3.961967176846e-05
1.378873272129e-03 3.594997819934e-04 2.631534199929e-05
6.908334605723e-04 4.891698262243e-04 2.710981995824e-05
3.230414040817e-04 4.837183290295e-04 3.413115869489e-05
1.222942912664e-03 2.015424309801e-04 6.120681952166e-05
9.418664010700e-04 2.481687608727e-04 4.871618763266e-05
1.033541663732e-03 2.566863809328e-04 4.335396142406e-05
1.835254096294e-03 6.375856800050e-04 3.307604464656e-05
1.096632689746e-03 2.547992794138e-04 1.976531015367e-05
3.577040541524e-04 5.823591663600e-04 7.042279769987e-05
1.158234299122e-03 3.247971510786e-04 7.347879799691e-05
9.874776540172e-04 3.332626806345e-04 4.600959717960e-05
9.177709739815e-04 3.183059342709e-04 2.528386932236e-05
1.414883047892e-03 4.286229485153e-04 5.162512989423e-05
4.238740150909e-04 4.462923539676e-04 3.151015699626e-05
1.056415891897e-03 4.272257474238e-04 7.053042091567e-05
1.290411273260e-03 3.897439908645e-04 6.717393443994e-05
4.985447420181e-04 5.291204234630e-04 7.547689826409e-05
2.713607552301e-04 6.563993736876e-04 4.331865481567e-05
1.583193513840e-03 3.763658780375e-04 3.172098149208e-05
1.186733003817e-03 4.905010356436e-04 7.433620826785e-05
1.641867725432e-03 4.271952878242e-04 4.590821831680e-05
1.322271235574e-03 5.235312241194e-04 6.516870025032e-05
3.322242719668e-05 6.202528564706e-04 4.667898412865e-05
2.033222427197e-03 6.202528564706e-04 4.667898412865e-05
-2.071433681455e-05 7.460609364859e-04 9.020363331986e-05
1.979285663185e-03 7.460609364859e-04 9.020363331986e-05
1.238563649109e-03 6.087717718485e-04 5.410818091460e-05
3.509669946242e-04 6.990129840922e-04 4.642543456259e-05
9.127082732690e-04 3.886493841004e-04 4.524158100344e-05
1.339485346479e-03 6.416503143228e-04 5.203411770013e-05
1.751819356332e-03 6.377395368103e-04 5.035883719379e-05
1.402686151139e-04 6.592138775981e-04 6.581734191590e-05
4.594537758602e-04 6.461514018740e-04 4.791016174468e-05
6.613261068781e-04 5.747970869394e-04 6.342734954301e-05
7.539198135440e-04 5.746304974563e-04 2.916652053040e-05
9.390706424737e-04 4.921806159766e-04 6.159331915897e-05
4.449411332104e-04 7.549797133448e-04 6.188157523269e-05
1.092687205005e-03 6.320219691090e-04 9.360948430240e-05
1.820308596040e-03 7.329610152913e-04 6.346318427237e-05
1.701096234427e-03 4.785170257391e-04 3.197425615817e-05
2.218367449100e-04 7.129921524647e-04 3.188354170370e-05
9.597918343353e-05 7.394241054531e-04 2.580513910842e-05
1.581894925755e-04 7.664758083683e-04 4.203230178700e-05
2.829731397023e-04 8.343154082719e-04 1.000000000000e-04
1.642442128764e-03 5.107396176017e-04 3.494808458255e-05
5.729712093851e-04 6.081669136886e-04 3.101801779738e-05
1.533965471965e-03 4.127685068521e-04 2.950445174806e-05
4.132831723584e-04 8.439903260915e-04 3.066869927583e-05
1.207182692214e-03 6.919708825314e-04 3.481232557363e-05
3.959568432236e-04 9.082623493502e-04 3.500541085084e-05
1.666954860030e-03 7.511036237649e-04 9.096001034242e-05
1.880733017216e-03 7.831868022363e-04 1.510997086728e-05
1.438600144313e-03 6.416503143986e-04 4.708068013390e-05
8.205881682323e-04 5.797030472563e-04 3.769453849154e-05
7.736186042632e-04 6.422481244297e-04 4.049984963541e-05
8.658630157606e-05 9.031086738989e-04 1.000000000000e-04
2.086586301576e-03 9.031086738989e-04 1.000000000000e-04
1.886164645867e-03 9.150146613934e-04 1.000000000000e-04
5.454475301649e-04 6.724881658319e-04 3.894466078986e-05
6.457042277448e-04 6.995542890201e-04 6.230414025762e-05
5.544886399904e-04 7.581636376480e-04 4.611790829401e-05
9.444008626408e-04 6.320219691090e-04 5.467685806193e-05
1.496071347068e-03 7.552035460447e-04 7.997268023356e-05
9.876815798730e-04 7.437759005160e-04 5.973692907044e-05
-7.645743227478e-06 9.970868449055e-04 3.277830954548e-05
1.992354256773e-03 9.970868449055e-04 3.277830954548e-05
1.079449667845e-03 7.585811475164e-04 3.321777661378e-05
8.986051491602e-04 7.437759005160e-04 2.933950164228e-05
6.479833002229e-05 1.056164315516e-03 5.459866994485e-05
1.937486371281e-03 1.056901493335e-03 4.838989251099e-05
3.389267125578e-04 9.745172744563e-04 5.095487620691e-05
1.393488705827e-03 7.551991033552e-04 2.260996161881e-05
1.573757802063e-03 8.573581956587e-04 4.831348617798e-05
6.218796486956e-04 7.889898065864e-04 2.795472102811e-05
5.087431654813e-04 8.373422074160e-04 4.230231752482e-05
-2.123563985853e-06 1.136870668827e-03 5.024436278916e-05
1.997876436014e-03 1.136870668827e-03 5.024436278916e-05
1.881844869944e-03 1.167537793369e-03 6.977146873519e-05
1.947676759476e-04 1.054247109437e-03 7.538487225984e-05
-2.497117208162e-05 1.228688943854e-03 4.146624695229e-05
1.975028827918e-03 1.228688943854e-03 4.146624695229e-05
1.498855520365e-03 8.659304135358e-04 2.707772500057e-05
4.469710819555e-04 9.082623493966e-04 1.600882788106e-05
4.483265511312e-04 9.893528788016e-04 5.939713529205e-05
7.196264788945e-04 6.422481244297e-04 1.349227573332e-05
2.998073556914e-04 1.055948344067e-03 2.924648767572e-05
1.185423519023e-04 1.188525836933e-03 7.866699076412e-05
3.796028504682e-04 1.035095006130e-03 2.201235302803e-05
6.063868533898e-04 8.834962494370e-04 6.569994237103e-05
5.395253675426e-04 9.893528788016e-04 3.180168111934e-05
1.406754674913e-03 8.706743356458e-04 6.514521428171e-05
7.923287152599e-04 7.613666213674e-04 7.838289093537e-05
3.556186238275e-04 1.085686468934e-03 3.397650704582e-05
1.665864307114e-03 8.934037350037e-04 5.059500273642e-05
1.282994164126e-03 7.251472581347e-04 4.794062707269e-05
7.296107589147e-04 8.834739739864e-04 5.752396970362e-05
1.740012560073e-03 9.787989065977e-04 5.946429731549e-05
2.887159535519e-04 1.174482165066e-03 7.720213213517e-05
1.906484148785e-03 1.277893406314e-03 4.291060694439e-05
5.129353341231e-04 1.024457440508e-03 1.223648562106e-05
1.821289665763e-03 1.278152004530e-03 4.228426902149e-05
1.811411505669e-03 1.005986810248e-03 1.693590907900e-05
1.504497956665e-03 9.710762085033e-04 7.497717936394e-05
8.987928982291e-04 8.160420331614e-04 4.130011917943e-05
5.486725631080e-04 1.061512732821e-03 3.924403714179e-05
1.210972732681e-03 7.605701335633e-04 3.232061320566e-05
1.142982824657e-03 8.186558172744e-04 5.422036129524e-05
3.838194846100e-05 1.299105079585e-03 5.325465959747e-05
2.038381948461e-03 1.299105079585e-03 5.325465959747e-05
1.336897274146e-03 1.021345727271e-03 1.000000000000e-04
1.210894937587e-03 1.021345727271e-03 2.600233655885e-05
2.127884822582e-04 1.278945696379e-03 5.193977379956e-05
1.178564817321e-03 1.143537515521e-03 1.000000000000e-04
1.627155046802e-03 1.026512298724e-03 5.962565069441e-05
1.722082743027e-03 1.087063128075e-03 5.027457451813e-05
1.733212515749e-03 1.278151992542e-03 4.579288123575e-05
3.040681928755e-04 1.285417468851e-03 3.479076212501e-05
1.458877292944e-03 1.066018219535e-03 2.990287352931e-05
1.426143075727e-03 1.147295863321e-03 5.436401740994e-05
1.868931423686e-03 1.393012796459e-03 7.817896950400e-05
1.039592545269e-03 8.386806054854e-04 4.843724230904e-05
1.702455572031e-03 1.414259967289e-03 8.959745619194e-05
9.529301794414e-04 8.863153156809e-04 4.740827643865e-05
1.032135428669e-03 9.274818380275e-04 4.067654724668e-05
1.809004446758e-03 1.508291876282e-03 5.174607148009e-05
1.326957152417e-03 1.185153284683e-03 5.180109802415e-05
-2.031059515624e-05 1.364433714604e-03 3.456700762617e-05
1.979689404844e-03 1.364433714604e-03 3.456700762617e-05
1.708011007105e-03 1.576835640430e-03 7.031100613643e-05
1.968045361025e-03 1.426114475877e-03 2.631651763488e-05
6.762884026566e-04 1.000312856579e-03 7.043362354781e-05
2.757894460516e-04 1.417208004922e-03 1.000000000000e-04
1.541116518422e-03 1.090365888586e-03 4.751868795232e-05
4.554316463019e-04 1.125364424821e-03 7.343385882144e-05
1.940413841156e-03 1.480137144295e-03 3.389977563572e-05
1.504052142805e-03 1.149842288287e-03 2.256133816941e-05
1.268454761309e-03 1.223896337295e-03 1.836694235719e-05
2.477650609891e-05 1.477894904184e-03 5.049269482506e-05
2.024776506099e-03 1.477894904184e-03 5.049269482506e-05
8.447245263693e-04 1.000258821576e-03 9.800251098062e-05
1.565142115905e-03 1.575009519434e-03 7.256975680965e-05
1.412315820134e-03 1.573693205125e-03 8.026234399449e-05
1.490463867876e-03 1.630101090929e-03 1.584132564405e-05
1.632936406608e-03 1.655739026731e-03 3.253131031769e-05
7.373062523460e-04 1.124808093966e-03 6.644374854881e-05
1.118959273432e-03 9.274818380275e-04 4.614729751706e-05
-3.559948975024e-05 1.566562378622e-03 5.410648825624e-05
1.964400510250e-03 1.566562378622e-03 5.410648825624e-05
6.192828558664e-04 1.087071493446e-03 3.337723307926e-05
5.794295236231e-04 1.162160640844e-03 5.163258027383e-05
1.152307515303e-04 1.598169673144e-03 1.000000000000e-04
5.097263332508e-04 1.234286363327e-03 4.827031836569e-05
1.815323893472e-03 1.602784982361e-03 4.009491056078e-05
9.703306232581e-04 9.552130796065e-04 2.365280516692e-05
5.805522881933e-04 1.238433514043e-03 2.267696807629e-05
8.757290699531e-04 1.177615407051e-03 8.170984995462e-05
1.016261069267e-03 1.017544341290e-03 5.077425800003e-05
1.769654215595e-03 1.653462291657e-03 2.770606478822e-05
9.918873419345e-04 1.177615407051e-03 3.444842202684e-05
1.707714774139e-03 1.765160776084e-03 1.000000000000e-04
6.589258379775e-04 1.175460443815e-03 2.687907771447e-05
1.896176683350e-03 1.649490336084e-03 5.327854392801e-05
4.110500111828e-04 1.307109099623e-03 7.436807659207e-05
1.466229673643e-03 1.665192423858e-03 2.348337218377e-05
-8.455213335437e-06 1.674394822966e-03 4.528794821947e-05
1.991544786665e-03 1.674394822966e-03 4.528794821947e-05
9.934241516644e-04 1.316057948603e-03 1.000000000000e-04
3.089441684044e-04 1.608333164398e-03 9.398040581013e-05
1.225789889789e-03 1.291405320638e-03 5.522594905369e-05
1.839413068417e-03 1.721802855429e-03 3.865200789497e-05
2.154340780011e-04 1.705292545989e-03 4.001834854266e-05
1.311083210515e-03 1.291405320638e-03 3.006737167177e-05
-5.522968840335e-05 1.811947333652e-03 1.000000000000e-04
1.944770311597e-03 1.811947333652e-03 1.000000000000e-04
1.516934133174e-03 1.653214419036e-03 1.929987957490e-05
1.293535148968e-03 1.357124465397e-03 3.795424586236e-05
7.719898367810e-04 1.218816272232e-03 2.991156282442e-05
8.111339524971e-04 1.272494857052e-03 3.307098133601e-05
1.277497952427e-03 1.566440754616e-03 5.475053092329e-05
1.441679851095e-04 1.827456718266e-03 1.000000000000e-04
1.808103836757e-03 1.880458396387e-03 5.287746272045e-05
4.767365001515e-04 1.603838774461e-03 6.649646075291e-05
7.012238964418e-04 1.215192067414e-03 3.087633706440e-05
1.327337610765e-03 1.625491272683e-03 1.548735205094e-05
8.153821231330e-04 1.407167970425e-03 1.000000000000e-04
4.265326383033e-04 1.762608535460e-03 1.000000000000e-04
3.357061797124e-05 -4.092057979116e-05 7.100632465336e-05
3.357061797124e-05 1.959079420209e-03 7.100632465336e-05
2.033570617971e-03 -4.092057979116e-05 7.100632465336e-05
2.033570617971e-03 1.959079420209e-03 7.100632465336e-05
1.155081441165e-03 1.433815839002e-03 1.000000000000e-04
1.000821410103e-03 1.479654717255e-03 6.092656692708e-05
1.357511696985e-03 1.682740792271e-03 4.178224378726e-05
5.740528627251e-04 1.769455532491e-03 4.767908366096e-05
2.949634974789e-04 1.836890586067e-03 5.109040864383e-05
5.458648351757e-04 1.888109153769e-03 7.317904555053e-05
1.422450230822e-03 1.681319330711e-03 2.317201228649e-05
1.226949871852e-03 1.702336912293e-03 9.024225518818e-05
1.075068720411e-03 1.548792027919e-03 4.007697705355e-05
1.120250537098e-03 1.707355636687e-03 1.416604483635e-05
4.275758917790e-04 1.907245062930e-03 3.915672570034e-05
1.258506127538e-04 1.948008442262e-03 2.193542182997e-05
1.523383707617e-03 1.756832863050e-03 8.451924511947e-05
6.435633990271e-04 1.781658166624e-03 2.289444752113e-05
3.634263721614e-04 1.910275864041e-03 2.505034524924e-05
1.078413674637e-03 1.800105686667e-03 8.758316779541e-05
1.224302973683e-03 1.865043950762e-03 7.210662045612e-05
6.791952259025e-04 1.407167970425e-03 3.618689723042e-05
9.349154530915e-04 1.791637945560e-03 5.616557554482e-05
1.878051571425e-03 1.923069130071e-03 2.900447476251e-05
2.558676207397e-04 1.936328857215e-03 5.575751939315e-05
1.352818604776e-03 1.787103190331e-03 6.023864319173e-05
1.599651065276e-03 1.848352756725e-03 3.386388701404e-05
4.880227772217e-04 -1.992324357329e-05 3.546668516490e-05
4.880227772217e-04 1.980076756427e-03 3.546668516490e-05
1.336732749471e-03 1.892757319791e-03 4.368888967019e-05
9.813994667298e-04 1.873502289905e-03 2.388296585072e-05
1.291584259689e-03 1.956059386841e-03 3.406420214168e-05
1.747065117310e-04 -2.076915749075e-05 3.604509981394e-05
1.747065117310e-04 1.979230842509e-03 3.604509981394e-05
1.542977933752e-03 1.865753659357e-03 2.541832561771e-05
1.118018616150e-03 1.940365800580e-03 5.816143197071e-05
7.007177373848e-04 1.479544404888e-03 3.559597938210e-05
7.544991651762e-04 1.549141807303e-03 5.235992092094e-05
9.287788254217e-04 1.412737812381e-03 1.353341018998e-05
8.923600334973e-04 1.590092403784e-03 9.145443985845e-05
1.450679987496e-03 1.893474815159e-03 7.026104385994e-05
9.307659378310e-04 1.897260678902e-03 3.204748467921e-05
1.931787479805e-03 1.950146536679e-03 3.116807034731e-05
6.946029641147e-04 1.769561900874e-03 2.955894505637e-05
7.597501281964e-04 1.670096413827e-03 6.341979494800e-05
1.384742620416e-03 -1.345512200371e-05 4.090395426972e-05
1.384742620416e-03 1.986544877996e-03 4.090395426972e-05
1.010288613647e-03 1.952598516911e-03 4.222316490779e-05
7.929774517483e-04 1.856760746295e-03 1.000000000000e-04
6.586232938799e-04 1.895470702415e-03 3.982067946081e-05
8.888834948016e-04 1.940921045518e-03 2.707562914083e-05
1.554999218051e-03 1.932088633556e-03 4.097541566503e-05
1.498633566491e-03 1.967125268855e-03 1.762511367796e-05
1.531745011081e-03 -3.312839589540e-06 2.676281638789e-05
1.531745011081e-03 1.996687160410e-03 2.676281638789e-05
8.464642736620e-04 1.963367586058e-03 1.927235500677e-05
8.008504599622e-04 -1.130534715663e-05 3.168295293335e-05
8.008504599622e-04 1.988694652843e-03 3.168295293335e-05
1.579668181647e-03 4.084108141730e-07 2.130466974964e-05
1.579668181647e-03 2.000408410814e-03 2.130466974964e-05
1.478515625000e-03 1.341796875000e-03 4.452975648299e-05
5.371093750000e-04 1.439453125000e-03 6.834316652749e-05
1.587890625000e-03 1.244140625000e-03 6.669300871502e-05
1.517578125000e-03 5.292968750000e-04 3.363234763680e-05
1.732421875000e-03 1.542968750000e-04 5.939680109859e-05
6.269531250000e-04 1.599609375000e-03 8.567075077915e-05
1.267578125000e-03 8.535156250000e-04 6.750516325492e-05
1.388671875000e-03 1.419921875000e-03 3.598911572730e-05
1.587890625000e-03 6.074218750000e-04 4.224691889636e-05
6.464843750000e-04 1.302734375000e-03 5.527086837488e-05
1.544921875000e-03 1.435546875000e-03 5.988677721991e-05
