# 2D packing, generated 2026-09-28T18:44:19.300320+00:00
# generator = preprocess/generate_packing_gravity.py
# periodic axes = xy
# porosity_achieved = 0.399895  (target 0.400000)
# 260 distinct grains; 285 rows including 25 periodic edge images.
# Centres span [-R, L+R]: a grain need only be PARTLY inside.
# Do NOT drop the out-of-box rows -- they carry the conduction
# paths that cross the domain edge, and k_eff depends on them.
# header row is 'Lx Ly'; grain rows are 'x y r', all in metres
2.000000000000e-03 2.000000000000e-03
1.709292989860e-03 5.867982622234e-05 1.000000000000e-04
1.709292989860e-03 2.058679826222e-03 1.000000000000e-04
1.584823092470e-03 1.733614943279e-04 6.924728046535e-05
8.722178479308e-04 2.613004770170e-05 4.632569797117e-05
8.722178479308e-04 2.026130047702e-03 4.632569797117e-05
1.818327877042e-03 1.168020255966e-04 2.057918330843e-05
9.155775027106e-05 4.009358077304e-05 5.361368510249e-05
9.155775027106e-05 2.040093580773e-03 5.361368510249e-05
1.236584343569e-03 4.916701454157e-05 4.144918021114e-05
1.351696688566e-03 3.598825616423e-05 2.904605604086e-05
1.734892723127e-04 8.128654197109e-05 3.809037374358e-05
2.888775970771e-04 4.272629158677e-05 8.357046060019e-05
2.888775970771e-04 2.042726291587e-03 8.357046060019e-05
7.806142205874e-04 9.259497258936e-05 6.685119786344e-05
1.896183990812e-03 1.020904698744e-04 5.549508156765e-05
-1.799061196821e-05 1.325134742545e-04 3.556291096189e-05
1.982009388032e-03 1.325134742545e-04 3.556291096189e-05
1.015905241910e-04 1.991827723039e-04 1.000000000000e-04
1.394811201685e-03 7.133935313454e-05 2.670842188683e-05
1.481633213634e-03 1.950575140415e-04 3.619877150426e-05
2.836751785286e-04 2.052127918672e-04 7.899931271858e-05
-8.476927643419e-05 2.507340888817e-04 9.335851150906e-05
1.915230723566e-03 2.507340888817e-04 9.335851150906e-05
2.110246298742e-04 3.688057281883e-04 1.000000000000e-04
2.557995452370e-05 3.095113853186e-04 3.166837940843e-05
2.025579954524e-03 3.095113853186e-04 3.166837940843e-05
1.733113382016e-03 2.463177728764e-04 8.881237175761e-05
4.193948599335e-04 4.388572025099e-05 3.040016363693e-05
-2.061172405134e-05 3.545179221558e-04 2.865491255674e-05
1.979388275949e-03 3.545179221558e-04 2.865491255674e-05
1.631180761858e-03 2.415782796874e-04 1.323037605188e-05
6.311282212714e-04 1.209763460815e-04 8.530585528888e-05
4.831115802765e-04 1.121423771021e-04 6.297442082334e-05
1.817972027616e-03 3.416788109172e-04 3.883839157225e-05
1.305489495905e-03 7.744549016764e-05 3.303298291933e-05
1.355165572172e-03 9.710356232203e-05 2.039128605041e-05
5.414398698547e-04 1.866372910585e-04 2.584911290962e-05
1.893600630531e-03 4.060794946523e-04 6.049505532833e-05
1.737121474923e-03 3.884033924100e-04 5.309506558690e-05
1.598838571837e-03 3.030740143532e-04 5.625158504741e-05
1.807443960787e-03 4.281521759475e-04 2.759099204243e-05
5.439512283756e-05 3.912034713822e-04 5.484273187123e-05
2.054395122838e-03 3.912034713822e-04 5.484273187123e-05
1.122099143168e-04 4.960064710817e-04 6.107258593367e-05
1.830620300641e-03 5.537011083224e-04 1.000000000000e-04
1.393066623360e-03 1.315851055702e-04 3.084802093952e-05
9.316438037210e-04 1.460164606604e-04 8.748079059429e-05
1.512469677762e-03 3.029386070977e-04 3.011741522821e-05
4.930211163255e-04 1.985687541804e-04 2.401825367047e-05
1.391593250168e-03 2.265026203497e-04 5.917413544259e-05
1.526659179757e-03 3.926715663149e-04 5.880312481914e-05
7.918550627978e-04 2.196309053146e-04 6.068141718189e-05
1.645163216512e-03 6.285721303458e-04 1.000000000000e-04
5.632288226483e-06 4.935796046957e-04 4.553266841677e-05
2.005632288226e-03 4.935796046957e-04 4.553266841677e-05
6.690542434395e-04 2.774517735263e-04 7.505122842891e-05
8.905928221884e-04 2.857306397185e-04 5.813939026013e-05
9.761046357560e-04 3.521401412681e-04 5.013126418558e-05
3.396536051004e-04 4.038214240323e-04 3.074028857614e-05
1.264997424905e-03 2.201533163262e-04 6.758082201536e-05
1.775008824470e-03 6.903924877058e-04 4.378170601135e-05
1.176799093336e-03 2.538090407303e-04 2.680246814826e-05
1.839277621247e-03 7.302897279720e-04 3.186396815507e-05
1.440397013070e-03 4.402766993138e-04 3.972306568352e-05
4.231067036496e-04 2.659692475669e-04 7.309442135572e-05
4.032899442939e-04 4.256061135780e-04 3.652156067404e-05
-1.112894884379e-05 6.048313290626e-04 6.630574107179e-05
1.988871051156e-03 6.048313290626e-04 6.630574107179e-05
1.532094631635e-03 6.912567104729e-04 2.928210036131e-05
5.796055836172e-04 3.019423241968e-04 1.768960637257e-05
1.413745700740e-03 6.988841153232e-04 8.931232604206e-05
1.529957862016e-03 7.696739336103e-04 4.674410133115e-05
2.249441482967e-04 5.214386945742e-04 5.326635841068e-05
1.599702349256e-03 7.457082145337e-04 2.564852832944e-05
3.272856029378e-04 5.607187794925e-04 5.635434438796e-05
5.725841223833e-04 4.169465271779e-04 9.455214485032e-05
4.502468948133e-04 5.095835220512e-04 5.890150527193e-05
1.024081197809e-03 2.607708866882e-05 1.067840535911e-05
2.368155852079e-04 6.315956419729e-04 5.752842758320e-05
7.227767919270e-04 5.143269431307e-04 8.441382772540e-05
1.211207489718e-03 3.206426094881e-04 4.639927030896e-05
1.439973656191e-03 8.819195443083e-04 9.559271502619e-05
1.101869036706e-03 3.825841199347e-04 7.926561134937e-05
-3.561963867999e-05 7.719719846760e-04 1.000000000000e-04
1.964380361320e-03 7.719719846760e-04 1.000000000000e-04
8.932448636778e-04 3.731509563142e-04 2.932116887652e-05
1.831466449151e-03 8.438447729804e-04 5.110197135261e-05
1.297465047266e-03 8.819208862564e-04 4.691589572130e-05
5.917483065477e-04 5.669592508138e-04 5.667977056817e-05
1.902625598137e-03 8.959832487341e-04 3.711392935876e-05
4.878676161320e-04 6.309647956636e-04 6.533625335802e-05
3.846585125605e-04 7.020626670733e-04 5.999142993844e-05
1.735415304019e-03 8.784889685632e-04 5.100602426418e-05
1.611775636540e-03 9.754106589878e-04 1.000000000000e-04
1.844162932396e-03 9.214323218401e-04 2.664764690418e-05
8.262115219147e-05 8.016675089835e-04 2.191270971397e-05
1.736777592319e-03 9.796201092142e-04 2.507281450184e-05
1.709770967325e-04 7.512749944444e-04 7.906532868093e-05
2.984965943025e-04 7.651363086213e-04 4.678947300780e-05
4.434642684814e-04 7.549599343720e-04 1.910133880561e-05
4.982300882100e-04 7.721441380199e-04 3.829719659007e-05
-2.653634971932e-05 9.161527661885e-04 3.653957745407e-05
1.973463650281e-03 9.161527661885e-04 3.653957745407e-05
1.742192797710e-03 1.063237269334e-03 5.722425793721e-05
1.835051485556e-03 1.132797898911e-03 5.879908926285e-05
4.151297264329e-04 8.372168027146e-04 6.724957890762e-05
8.178608887407e-04 3.835011979400e-04 4.677003712475e-05
1.228311593316e-03 9.300114842242e-04 3.731536923527e-05
1.450890088999e-03 1.062995610062e-03 8.315684771928e-05
9.324370784063e-04 4.464607784110e-04 5.380741340630e-05
1.578625788095e-03 1.134762361893e-03 6.276326338915e-05
1.916739236277e-03 9.928022253880e-04 5.881659035713e-05
1.151380772265e-03 9.981641744599e-04 6.546177100027e-05
1.688747526970e-03 1.150873284069e-03 4.542304131102e-05
1.009428312858e-03 4.321679637339e-04 2.343240207915e-05
8.814972137758e-04 5.767198166168e-04 8.605786766099e-05
5.932750402867e-04 7.721441380956e-04 5.674775548654e-05
1.635667465810e-03 1.228641279172e-03 4.708666931441e-05
7.575367541274e-04 6.584258915635e-04 6.240789521233e-05
6.368045899364e-05 9.223648833342e-04 5.389085422566e-05
9.976625157387e-04 4.704388875582e-04 1.568580661863e-05
1.261932671680e-03 1.049947350056e-03 5.661682263977e-05
3.251150949042e-04 8.287396984521e-04 2.215931839783e-05
1.939012368714e-03 1.133062250889e-03 4.516212999265e-05
5.329711202655e-04 8.303383046497e-04 2.705632431176e-05
1.523585955664e-03 1.264138941142e-03 7.048190702746e-05
6.606379463938e-04 8.180154123528e-04 2.475031149160e-05
1.725837995473e-03 1.287092213362e-03 6.037145079830e-05
5.772710282961e-04 8.453786442211e-04 1.821504386906e-05
2.924814807890e-05 1.026871805306e-03 5.614223522906e-05
2.029248148079e-03 1.026871805306e-03 5.614223522906e-05
1.336833187618e-03 1.115880211707e-03 4.256410456646e-05
5.219301294430e-04 9.370452014372e-04 7.894219676612e-05
1.869088554950e-03 1.304963766331e-03 8.398964141538e-05
1.031602593884e-03 9.981624461279e-04 5.431640765961e-05
1.355633957749e-04 9.288199228189e-04 1.828132971694e-05
1.076388356268e-03 1.110319642532e-03 6.645160900515e-05
9.761956794755e-04 1.182673210105e-03 5.713484342134e-05
6.764199623452e-04 9.949059385558e-04 8.602741670879e-05
1.393603992548e-03 1.156331255948e-03 2.635680275162e-05
3.240981699019e-04 8.887914033879e-04 3.737682177153e-05
-2.102387606549e-05 1.305005993312e-03 2.589795345300e-05
1.978976123935e-03 1.305005993312e-03 2.589795345300e-05
2.290104155135e-04 9.687523275539e-04 8.334023514967e-05
1.191096691490e-04 9.816199293607e-04 2.724827208252e-05
1.418207308139e-03 1.220324826353e-03 4.220339117507e-05
1.074517006933e-03 1.227198077669e-03 5.044180632857e-05
8.358580730109e-04 1.068128108244e-03 8.942057349479e-05
1.391019809965e-03 1.344306627240e-03 8.443964312012e-05
1.750646742631e-03 1.445760516449e-03 1.000000000000e-04
3.487906830501e-04 9.764752417258e-04 3.668874424467e-05
3.894330610669e-04 9.272912217902e-04 2.641855645729e-05
1.239787172491e-03 1.356674993403e-03 6.729804077905e-05
3.447438991664e-04 1.107655565023e-03 9.455398385894e-05
1.308801592167e-03 1.419662056686e-03 2.581397164352e-05
1.511566846260e-03 1.374717640856e-03 3.898804766397e-05
1.120469335940e-03 1.374273397263e-03 5.331070337341e-05
1.597249522719e-03 1.385812243701e-03 4.740993623080e-05
1.158378476700e-04 1.041798413548e-03 3.172459417128e-05
1.623302627310e-03 1.456347953621e-03 2.778349396944e-05
7.362377968246e-04 1.115257206255e-03 2.078537601238e-05
1.883909910748e-03 1.528100928241e-03 5.664934894100e-05
9.689001318768e-04 1.397315433865e-03 1.000000000000e-04
5.731772002251e-04 1.027467191280e-03 2.222831343592e-05
3.687184484698e-05 1.561889428764e-03 1.000000000000e-04
2.036871844847e-03 1.561889428764e-03 1.000000000000e-04
1.062281566250e-03 1.481379882834e-03 2.542253448551e-05
1.009155425859e-03 1.575333270201e-03 8.251089920244e-05
1.179587539824e-03 1.422925301560e-03 2.221788958658e-05
1.743101802936e-04 1.077081526113e-03 3.656824377491e-05
1.909912885531e-03 1.624850824003e-03 4.165768693015e-05
2.002940869424e-04 1.170240945444e-03 6.014701259566e-05
1.530563256370e-04 1.634487333054e-03 3.700106188101e-05
2.111246194167e-04 1.680070771097e-03 3.682154445747e-05
6.844089238350e-04 1.147194009233e-03 4.009312150394e-05
5.915935503187e-04 1.095463602101e-03 4.553003794469e-05
9.604486338047e-05 1.684794503946e-03 3.632842611724e-05
4.497591398246e-04 1.190111652241e-03 3.896458072967e-05
1.848600434318e-03 1.649393854585e-03 2.438454973586e-05
1.468511694039e-03 1.421877599083e-03 2.376758431913e-05
7.396464831264e-04 1.195966088298e-03 3.359475845487e-05
1.413696598916e-03 1.493275858361e-03 6.624591132986e-05
1.120128267238e-03 1.619588770724e-03 3.693756611479e-05
4.475549540342e-04 1.002741209421e-03 2.029303982903e-05
3.816034302277e-04 1.239670789911e-03 4.251039748203e-05
8.638989078278e-04 1.625942498643e-03 7.130961634015e-05
9.613908153998e-04 1.694370799322e-03 4.554383927895e-05
1.290624336743e-03 1.534281303779e-03 6.245757282875e-05
4.574644422986e-04 1.268484288103e-03 3.863829832044e-05
4.071680942577e-06 1.746619325956e-03 7.449293874978e-05
2.004071680943e-03 1.746619325956e-03 7.449293874978e-05
8.009779600320e-04 1.228743342368e-03 3.594586595820e-05
1.073044909353e-03 1.662305039619e-03 2.540552689105e-05
1.134335044684e-03 1.705218328845e-03 4.941446485082e-05
1.832101159113e-03 1.776914056762e-03 1.000000000000e-04
1.395432582662e-03 1.657451706878e-03 9.894319208883e-05
2.651412689975e-04 1.321803477631e-03 1.000000000000e-04
1.553888562600e-03 1.536823417845e-03 7.849264598503e-05
1.571371642588e-04 1.742987220627e-03 4.607864853694e-05
4.032943897080e-04 1.322011515868e-03 3.751653547171e-05
-3.235433650602e-05 1.896390686723e-03 7.964438728457e-05
1.967645663494e-03 1.896390686723e-03 7.964438728457e-05
2.331332424586e-04 1.743076338538e-03 2.991736007217e-05
3.102415046141e-04 1.743653172473e-03 4.719306000943e-05
6.478977631897e-04 1.263251394295e-03 8.018195275189e-05
2.455474709444e-04 1.827553741145e-03 5.546732748623e-05
1.530455170569e-03 1.649229127942e-03 3.632972117136e-05
1.087829995444e-04 1.848021285347e-03 6.955127844524e-05
1.870947644733e-03 1.961161890361e-03 3.674210559447e-05
1.967443925071e-04 1.906549685162e-03 3.610278089275e-05
1.660582399382e-03 1.536927751227e-03 2.803915259674e-05
7.621805273637e-04 1.291521388663e-03 3.754545598890e-05
6.337800853657e-05 1.926606561317e-03 2.071300794903e-05
7.750607614850e-04 1.670954292269e-03 2.828093913239e-05
1.039045431802e-03 1.710814984416e-03 3.383279907057e-05
1.074334780136e-03 1.781927378226e-03 4.555429524809e-05
1.527680845113e-03 1.749086432846e-03 6.194987261809e-05
1.792155580980e-03 1.939826146410e-03 4.488756651482e-05
6.998131941313e-04 1.693590690943e-03 5.029770855235e-05
4.584196933877e-04 1.325523313028e-03 1.772051572650e-05
1.627193396698e-03 1.770902926208e-03 3.992614630426e-05
1.581029704836e-03 1.843572427818e-03 4.591013690237e-05
8.154560086194e-04 1.707745793778e-03 2.360828615800e-05
6.071706182219e-04 1.741911572580e-03 5.166444889442e-05
7.704723641113e-04 1.723623502494e-03 2.409527667864e-05
1.138799172894e-03 1.791803798989e-03 1.966228067957e-05
2.709762181082e-04 1.919540665078e-03 3.925721842580e-05
4.926876232037e-04 1.352555963406e-03 2.592642231420e-05
5.410312439736e-04 1.392961654622e-03 3.707933577020e-05
4.493390665707e-05 1.970995255999e-03 2.728920743473e-05
7.046764149734e-04 1.812498554266e-03 6.870959138322e-05
8.581786746395e-04 1.717843233594e-03 2.029142321126e-05
1.252880915399e-03 1.786200978387e-03 9.314436337659e-05
9.029500729946e-04 1.746861352212e-03 3.300919076301e-05
1.364916767933e-03 1.795341598939e-03 1.917645904823e-05
4.104480301516e-04 1.749939920776e-03 4.843385371379e-05
6.274944910357e-04 1.856370728167e-03 2.007001227680e-05
8.199162099436e-04 1.836366250169e-03 4.544643026731e-05
3.585906650976e-04 1.843715805368e-03 5.872538783041e-05
3.773377687060e-04 1.947304991674e-03 4.654651652866e-05
1.406970294849e-03 -9.423408849380e-05 9.619760310343e-05
1.406970294849e-03 1.905765911506e-03 9.619760310343e-05
1.130419473988e-03 1.861670488021e-03 5.070518573624e-05
1.019238289497e-03 1.808880250962e-03 1.578150744035e-05
6.548222684237e-04 1.910960860610e-03 4.097828097218e-05
1.250544315192e-03 -5.601589763484e-05 6.465609115230e-05
1.250544315192e-03 1.943984102365e-03 6.465609115230e-05
1.046641840842e-03 1.914959562587e-03 4.858532960196e-05
1.533129880093e-03 1.902468316135e-03 3.000507152830e-05
1.519802890453e-03 1.963612889825e-03 3.051415722935e-05
5.420710342275e-04 1.915669809155e-03 7.187126206343e-05
1.165499428552e-03 1.925725567552e-03 2.232671376717e-05
1.323559219963e-03 -7.684350082872e-06 2.290598544357e-05
1.323559219963e-03 1.992315649917e-03 2.290598544357e-05
1.099562590648e-03 1.955136930389e-03 1.624939299694e-05
7.659793273707e-04 1.897306292027e-03 3.593464587990e-05
8.491349997613e-04 1.914672418137e-03 3.762331789939e-05
7.080824561688e-04 -3.446201210123e-05 3.527997804256e-05
7.080824561688e-04 1.965537987899e-03 3.527997804256e-05
7.907918276954e-04 -2.215443869306e-05 4.834022225480e-05
7.907918276954e-04 1.977845561307e-03 4.834022225480e-05
1.146650414053e-03 -1.163703750038e-05 4.138074081245e-05
1.146650414053e-03 1.988362962500e-03 4.138074081245e-05
6.231580089283e-04 1.955042790677e-03 1.280218437949e-05
9.683429860299e-04 -1.333555778998e-05 5.758674114736e-05
9.683429860299e-04 1.986664442210e-03 5.758674114736e-05
1.130859375000e-03 7.050781250000e-04 2.802054534864e-05
4.082031250000e-04 1.541015625000e-03 3.828109528867e-05
9.042968750000e-04 8.261718750000e-04 1.983678846654e-05
7.011718750000e-04 1.482421875000e-03 5.233772333223e-05
1.224609375000e-03 5.644531250000e-04 5.934768986566e-05
1.044921875000e-03 8.261718750000e-04 4.470071983062e-05
5.605468750000e-04 1.576171875000e-03 1.934537706793e-05
2.597656250000e-04 1.533203125000e-03 1.445421105182e-05
7.832031250000e-04 8.378906250000e-04 2.893924625424e-05
1.119140625000e-03 1.308593750000e-04 3.756883501596e-05
1.068359375000e-03 5.917968750000e-04 4.570888784630e-05
1.306640625000e-03 4.277343750000e-04 7.680712284749e-05
1.216796875000e-03 1.197265625000e-03 9.447958298787e-05
5.273437500000e-05 1.212890625000e-03 3.774053845309e-05
7.617187500000e-05 1.373046875000e-03 2.098064371079e-05
1.240234375000e-03 7.519531250000e-04 3.302215744332e-05
1.685546875000e-03 1.654296875000e-03 2.464315244583e-05
9.941406250000e-04 7.050781250000e-04 4.138523240095e-05
4.824218750000e-04 1.638671875000e-03 4.656366877866e-05
