# 2D packing, generated 2026-10-01T15:39:16.843940+00:00
# generator = preprocess/generate_packing_gravity.py
# periodic axes = xy
# porosity_achieved = 0.325234  (target 0.325000)
# 342 distinct grains; 373 rows including 31 periodic edge images.
# Centres span [-R, L+R]: a grain need only be PARTLY inside.
# Do NOT drop the out-of-box rows -- they carry the conduction
# paths that cross the domain edge, and k_eff depends on them.
# header row is 'Lx Ly'; grain rows are 'x y r', all in metres
2.000000000000e-03 2.000000000000e-03
1.381066178851e-04 3.052191354292e-05 3.291309720442e-05
1.381066178851e-04 2.030521913543e-03 3.291309720442e-05
1.892488778117e-03 5.400648186524e-05 5.951604815225e-05
1.892488778117e-03 2.054006481865e-03 5.951604815225e-05
7.185962765040e-05 3.343619102780e-05 3.249397962255e-05
1.669932553657e-03 1.562123438086e-05 5.474074539525e-05
1.669932553657e-03 2.015621234381e-03 5.474074539525e-05
1.600113696272e-03 5.269538043202e-05 2.431216542170e-05
8.942191646138e-04 4.827314498149e-05 8.433347756251e-05
8.942191646138e-04 2.048273144981e-03 8.433347756251e-05
1.765470399267e-03 1.091455203932e-04 7.895425374939e-05
1.454331551083e-05 1.480121764259e-04 9.454368752019e-05
2.014543315511e-03 1.480121764259e-04 9.454368752019e-05
1.867770330253e-03 1.949021364307e-04 5.134020436743e-05
-6.210391877953e-05 2.934421371347e-04 6.960504228359e-05
1.937896081220e-03 2.934421371347e-04 6.960504228359e-05
1.762945086411e-03 2.534959690441e-04 6.541851025427e-05
1.352643627113e-03 2.907533208735e-05 4.468845749227e-05
1.352643627113e-03 2.029075332087e-03 4.468845749227e-05
1.514748575523e-03 8.711846603712e-05 6.773334605995e-05
1.195658934024e-03 5.840871435240e-05 7.464565409977e-05
1.195658934024e-03 2.058408714352e-03 7.464565409977e-05
1.400323223396e-03 1.103119515240e-04 4.901988973455e-05
4.343996717101e-04 6.137661430188e-05 2.570877826271e-05
1.813746555987e-03 4.109203511078e-04 1.000000000000e-04
5.929792440621e-05 2.934421371347e-04 5.179680090215e-05
1.188301889610e-05 3.934672751070e-04 5.480996956387e-05
2.011883018896e-03 3.934672751070e-04 5.480996956387e-05
2.217148403873e-04 3.177187094686e-05 5.070447629484e-05
2.217148403873e-04 2.031771870947e-03 5.070447629484e-05
1.932517556995e-03 4.388212415516e-04 2.199649104307e-05
1.925942553665e-03 5.251651548703e-04 6.012452907409e-05
1.458940859288e-03 1.849236292110e-04 4.487393074475e-05
3.368042380784e-05 5.241803781199e-04 4.761786633162e-05
2.033680423808e-03 5.241803781199e-04 4.761786633162e-05
1.093977704645e-04 7.340605303821e-05 1.869361811962e-05
7.049308680842e-04 7.552379833059e-05 1.000000000000e-04
7.049308680842e-04 2.075523798331e-03 1.000000000000e-04
-9.058115554927e-06 6.008625982125e-04 3.965038403923e-05
1.990941884445e-03 6.008625982125e-04 3.965038403923e-05
1.055529791364e-03 7.137440391373e-05 6.608229017588e-05
3.655344745156e-04 4.899441545391e-05 2.759774722203e-05
1.632729759503e-03 1.251693436278e-04 5.469110438537e-05
1.596789171355e-04 1.036105912525e-04 3.992831310239e-05
3.141962430295e-04 5.332103354344e-05 2.349837391372e-05
5.666933590763e-04 1.248236360704e-04 4.676581238039e-05
1.559994970296e-03 1.912376162014e-04 4.357064050509e-05
1.305426535803e-03 1.082315428136e-04 4.590036510531e-05
3.389642563849e-04 1.029889833377e-04 3.200265115028e-05
1.672154581817e-03 4.091927566608e-04 4.160254845216e-05
1.243234654692e-03 1.536556181730e-04 3.111397638424e-05
1.509437282470e-03 2.377294867046e-04 2.511399787337e-05
1.125676208428e-03 2.222427009850e-04 1.000000000000e-04
9.774233781768e-04 1.233637388470e-04 2.774480629340e-05
6.819433389684e-05 6.041670196671e-04 3.767275757064e-05
1.804761546436e-03 5.918243884987e-04 7.817882111877e-05
9.463605268409e-04 2.471321419941e-04 8.103496634799e-05
1.918858219251e-03 6.526354130141e-04 4.909916381423e-05
1.688085346553e-03 5.017529751649e-04 5.225922241526e-05
1.468407891559e-03 2.457590320397e-04 1.669377319237e-05
4.749227497448e-04 1.199777380784e-04 4.513291169669e-05
1.400972372684e-03 2.657744744488e-04 5.364952578584e-05
5.189241631983e-04 2.397191267950e-04 7.766451125430e-05
1.796125226971e-04 6.150093762693e-04 7.427176251399e-05
8.195231690597e-04 1.865247786322e-04 5.953902566093e-05
1.031962746136e-03 3.266504949647e-04 3.580226529727e-05
1.488108958150e-03 2.987354560737e-04 3.951282593839e-05
9.555951685845e-05 6.566557234790e-04 1.939300296580e-05
1.683586097523e-03 5.994045826578e-04 4.323348782425e-05
1.845158077295e-03 6.984526112344e-04 3.584511316353e-05
1.287770829385e-03 2.381517005157e-04 6.287362661549e-05
1.772160101369e-03 7.150212044408e-04 3.900956451361e-05
1.232285135610e-04 7.097283704952e-04 3.588895862752e-05
1.221571428205e-03 3.456641283680e-04 5.610188247071e-05
1.694210879637e-03 6.851430954950e-04 4.315995087418e-05
1.105669272028e-03 4.125974408484e-04 7.742117922310e-05
1.914929298383e-03 7.619466016092e-04 5.849210168702e-05
7.136167540630e-05 7.253578673422e-04 1.828160599813e-05
2.385674570081e-04 7.783468777523e-04 9.831823720671e-05
1.216153379189e-03 4.414824889647e-04 3.677642236102e-05
9.398433306615e-05 7.597625015788e-04 2.206478470379e-05
6.499494932535e-04 2.202327098792e-04 5.480192449982e-05
1.183311237177e-03 5.724689958779e-04 9.826457649268e-05
1.332882104320e-03 3.342185627097e-04 4.289517960603e-05
7.462378840443e-04 2.773019973243e-04 5.712822584268e-05
3.970387988145e-04 1.345798958973e-04 3.410823622305e-05
1.053263729524e-04 8.235885785502e-04 4.239422837981e-05
1.032167446625e-03 5.724625559873e-04 5.287887790505e-05
1.549077841198e-04 8.659307166690e-04 2.280100035358e-05
3.550460451655e-04 8.213454037522e-04 2.584349094370e-05
1.710425858041e-03 7.772049246832e-04 4.861424425184e-05
1.788004090051e-03 7.890453510010e-04 2.986218645236e-05
3.721047457513e-04 2.787902613725e-04 7.426475578262e-05
1.413028444183e-03 3.627920308292e-04 4.215632106313e-05
3.285756110900e-04 9.025766379131e-04 5.509134890462e-05
4.705524998239e-04 3.538475366344e-04 4.629164433887e-05
6.213670952391e-04 3.258560231099e-04 5.462039861780e-05
3.259160158154e-05 8.344927638516e-04 3.115336317465e-05
1.759221392477e-03 8.427606304534e-04 3.107856285605e-05
8.400727603037e-04 2.827973176285e-04 3.004775123598e-05
1.559447559614e-03 2.669769065368e-04 3.208846637094e-05
9.285126743333e-04 5.724625560005e-04 5.077589438681e-05
-4.930226049429e-05 8.722046718213e-04 5.742262312072e-05
1.950697739506e-03 8.722046718213e-04 5.742262312072e-05
1.552969791790e-03 3.337998569974e-04 3.421942863232e-05
1.837993215160e-03 9.166419689894e-04 6.372597649012e-05
8.089767083062e-04 5.724625560005e-04 6.876007164025e-05
2.232889213288e-04 9.299640497265e-04 5.369907974936e-05
1.157322465231e-04 8.879537929386e-04 2.214050200630e-05
1.354197605665e-03 4.059166713524e-04 3.078750788106e-05
4.064770048732e-04 3.652068414147e-04 1.849997317659e-05
1.343172754638e-03 6.107871706438e-04 6.612516556646e-05
4.744554309564e-04 9.083314468954e-04 9.090193748444e-05
1.071929250755e-03 6.661145541824e-04 4.725324906207e-05
8.873797346584e-04 7.030632626839e-04 8.356700303579e-05
1.718188783626e-03 9.221793581044e-04 5.620530242306e-05
1.773205508973e-03 1.003701684026e-03 4.214473512470e-05
1.261871502831e-03 7.019660504315e-04 5.319895873627e-05
7.045650971514e-04 3.643369053518e-04 3.628492977900e-05
6.461536060908e-04 4.192475077083e-04 4.200435680833e-05
1.021075674586e-03 7.546424648157e-04 5.484120330539e-05
1.152055072923e-04 9.772630962965e-04 6.428068205836e-05
5.376923729277e-04 4.504141452467e-04 7.084597961399e-05
3.025663695055e-04 1.010374053306e-03 5.579942353888e-05
7.468483782253e-04 7.402458418291e-04 6.180014020093e-05
1.575661216133e-03 4.207466284333e-04 5.558008948500e-05
5.846035995918e-04 9.390424326633e-04 2.344745560781e-05
6.193854028315e-04 9.533130377909e-04 1.414807613882e-05
2.000358474882e-04 1.093486204905e-03 7.618594568273e-05
3.900208737475e-04 9.979511595063e-04 3.222761761721e-05
4.477003438728e-04 1.033559191884e-03 3.555772920436e-05
1.168558597606e-03 7.104719289394e-04 4.049838561466e-05
1.888142661097e-03 1.055923370850e-03 8.409968708581e-05
3.588440428274e-06 1.080867195732e-03 3.400871269231e-05
2.003588440428e-03 1.080867195732e-03 3.400871269231e-05
3.855879355140e-04 1.064300294308e-03 3.374570974621e-05
3.246889151835e-04 1.100763130758e-03 3.723477432643e-05
1.670663681541e-03 1.037200703920e-03 6.573024289284e-05
3.837298366504e-04 1.126059097276e-03 2.699696494436e-05
1.764015069703e-03 1.103083093168e-03 4.851350874157e-05
1.114333927544e-03 7.715868363164e-04 3.994388767779e-05
4.540990808009e-04 1.126059097276e-03 4.337227920617e-05
1.677978838150e-03 1.156008224462e-03 5.249789837736e-05
6.723845444839e-04 9.691081773334e-04 4.115468553774e-05
7.981462418132e-05 1.105603966020e-03 4.464444233218e-05
5.632188326642e-04 1.001428311730e-03 3.772919298086e-05
1.068189569379e-03 8.767855340055e-04 7.493020614537e-05
9.448323580047e-04 8.211242969926e-04 4.631648229677e-05
6.304372418660e-04 1.038208775009e-03 3.889402161247e-05
-2.638200651872e-05 1.177207141565e-03 6.427748981705e-05
1.973617993481e-03 1.177207141565e-03 6.427748981705e-05
2.865397000891e-04 1.167709251465e-03 3.779640889697e-05
9.616159569802e-04 9.009748368240e-04 3.435408929801e-05
3.488992115598e-04 1.167709251465e-03 2.456310257367e-05
1.827072145465e-03 1.179921379319e-03 5.088627567445e-05
1.601656547195e-03 1.168399211869e-03 2.482371263944e-05
8.520387602930e-04 8.305119119568e-04 4.695076331417e-05
1.209272003658e-03 8.028395007492e-04 6.000593639263e-05
4.259186942594e-04 1.261771124526e-03 9.523467778399e-05
5.570614749151e-04 1.093934563842e-03 5.324373783919e-05
1.626125704226e-03 1.214035912898e-03 2.528682493352e-05
1.744038915412e-03 1.219344459969e-03 3.901938636272e-05
1.198393489199e-03 9.337130309457e-04 6.717468695969e-05
1.675862841031e-03 1.244586657246e-03 3.308380773155e-05
1.489692655463e-03 3.737531691195e-04 3.528751564273e-05
1.486595167025e-03 1.168357197488e-03 9.023769998166e-05
8.815361535592e-04 9.226610734342e-04 4.861016670578e-05
1.580135576760e-03 1.255877242098e-03 3.688864171991e-05
7.596044844626e-04 8.514210116770e-04 4.781888270308e-05
1.892221862627e-03 1.288966507399e-03 7.398128350178e-05
1.312585626649e-03 9.764634605303e-04 5.475743959036e-05
1.415728011152e-03 9.810438748950e-04 4.848659983489e-05
7.568048200390e-05 1.190148224551e-03 3.860216767382e-05
1.249104989986e-06 1.329896190762e-03 4.247550057908e-05
2.001249104990e-03 1.329896190762e-03 4.247550057908e-05
9.552082808796e-04 9.820189969464e-04 4.599870736843e-05
1.107670614380e-03 9.785658659620e-04 3.403013913316e-05
1.313486031394e-03 1.193111177512e-03 8.463237323828e-05
1.768498366079e-03 1.306660937870e-03 5.100112763617e-05
3.118331065551e-04 1.224704590133e-03 2.455922469422e-05
7.913006015628e-04 9.390994768416e-04 4.311047410463e-05
1.670314701592e-03 1.329337972208e-03 4.976734884328e-05
1.148015869315e-03 1.106379553023e-03 1.000000000000e-04
1.824052958371e-03 1.357382092077e-03 2.258283478743e-05
1.711007364359e-04 1.230794481851e-03 6.413797804249e-05
8.414372784768e-04 9.694813294764e-04 1.303442882963e-05
1.408943859072e-03 1.268363155741e-03 3.632617176294e-05
8.688275455230e-04 1.038256504937e-03 5.707548679100e-05
2.907836196441e-04 1.289121020925e-03 4.264028449825e-05
8.357765252800e-05 1.263390463950e-03 2.924772455386e-05
2.189964323687e-04 1.317939763544e-03 3.471551801858e-05
1.944942049880e-03 1.368548837116e-03 2.146519943301e-05
1.492341659667e-03 1.323759575828e-03 6.379353909581e-05
1.598841585940e-03 1.329545114200e-03 2.170608335737e-05
1.173066203468e-03 1.307919900556e-03 9.674784582735e-05
7.348841876802e-04 9.749070510966e-04 2.161339820384e-05
1.037232520091e-03 1.013027448465e-03 4.169108727251e-05
1.185492374417e-04 1.339965743502e-03 5.493532780888e-05
9.541262922021e-04 1.064250765083e-03 3.204125177198e-05
1.737536796676e-03 1.393219855890e-03 4.091787881943e-05
7.140615094926e-04 1.010448293793e-03 1.754773895420e-05
5.489968039694e-04 1.299686494913e-03 3.355117703452e-05
2.068452580709e-04 1.411210532808e-03 5.851954494005e-05
6.347980533499e-04 1.307760291422e-03 5.262910252716e-05
5.149406228285e-04 1.364373984200e-03 3.955350642864e-05
1.386062719128e-03 1.346374273646e-03 4.486481428492e-05
1.001925624091e-03 1.125308147189e-03 4.550086606498e-05
1.299951574623e-03 1.327129473230e-03 3.158339521645e-05
8.915314544284e-04 1.159734139220e-03 6.650560871969e-05
4.497246396313e-04 1.379640370221e-03 2.501457217487e-05
1.003265720995e-03 1.253009998649e-03 7.904487564122e-05
1.439588733818e-03 1.420023051753e-03 4.597680290400e-05
3.540338209820e-04 1.470066051960e-03 1.000000000000e-04
1.573183312322e-03 1.375167366308e-03 3.063641689927e-05
8.537021681339e-04 1.301200515032e-03 7.805425624995e-05
1.527806798636e-03 1.436165974724e-03 4.370608800721e-05
4.951655279630e-04 1.442630937683e-03 4.116331427959e-05
2.065197529133e-04 1.537426550616e-03 6.209228135121e-05
6.053888925549e-04 1.477302707272e-03 7.431412522794e-05
1.055756330726e-03 1.343973817641e-03 2.597747433182e-05
1.874268870748e-03 1.430400198494e-03 6.603590883089e-05
1.670924437845e-03 1.405951628070e-03 2.684880067654e-05
9.624683091047e-04 1.377730783487e-03 5.198843516968e-05
4.962003124849e-04 1.575860278678e-03 7.277680208913e-05
1.278635109241e-03 1.397040887628e-03 4.140911561235e-05
1.696958081669e-03 1.530100070961e-03 1.000000000000e-04
3.398729442884e-05 1.461392284409e-03 9.303471100448e-05
2.033987294429e-03 1.461392284409e-03 9.303471100448e-05
3.988588127358e-04 1.585664799189e-03 2.398528520748e-05
1.107007621449e-04 1.569837020883e-03 3.905967154552e-05
2.922935694001e-04 1.605184651568e-03 4.717325150459e-05
1.328649687369e-03 1.367231259193e-03 1.621930854502e-05
8.750099965729e-04 1.416209575167e-03 3.891201010881e-05
6.005583699708e-04 1.588676618087e-03 3.227522090911e-05
1.860937670986e-03 1.584419234096e-03 7.274165635072e-05
1.773742086792e-03 1.647030716010e-03 3.460490780834e-05
1.046309646862e-03 1.404943229718e-03 3.571953334752e-05
1.106160721859e-03 1.407014197653e-03 2.271924543277e-05
1.471735093172e-03 1.502501712376e-03 4.254504681539e-05
9.903784028753e-04 1.528601863262e-03 1.000000000000e-04
7.650996459674e-04 1.024165536502e-03 3.530161413880e-05
7.709642711552e-04 1.497809353980e-03 9.252630319949e-05
8.706449926373e-04 1.560740901066e-03 2.313868173806e-05
6.802698060335e-04 1.599053778561e-03 4.332808288994e-05
3.777811931148e-04 1.658317736307e-03 5.166334967114e-05
6.258122128254e-04 1.636815242069e-03 2.208546559190e-05
4.741261735603e-04 1.700521588714e-03 5.351996516062e-05
1.116719678531e-03 1.558535322030e-03 2.983888508975e-05
2.078191810534e-04 1.648551356954e-03 4.778251297179e-05
2.892509085355e-04 1.695551416903e-03 4.320812855912e-05
5.917551727183e-04 1.717288916494e-03 6.529815326628e-05
3.582450309492e-04 1.764222470622e-03 5.413384336287e-05
1.116052130836e-04 1.656301796176e-03 4.712168611839e-05
1.577377721708e-03 1.530280321492e-03 1.958000196138e-05
1.215901538780e-03 1.418963364832e-03 2.227113373356e-05
1.156796955075e-03 1.455609900769e-03 4.727252481693e-05
1.636695033661e-04 1.707420146381e-03 2.580236770297e-05
8.700200422278e-04 1.680204693742e-03 9.357066465670e-05
7.609746758208e-04 1.673855019487e-03 1.565946814131e-05
7.484770332608e-04 1.721419327713e-03 3.351940462266e-05
6.854024726600e-04 1.759483321301e-03 3.741606046948e-05
1.237758471148e-03 1.472429054586e-03 3.541720483706e-05
-4.825419584322e-06 1.614378069122e-03 6.479777119765e-05
1.995174580416e-03 1.614378069122e-03 6.479777119765e-05
1.409400669451e-03 1.523487883452e-03 2.322728594781e-05
1.297179544859e-03 1.485862113923e-03 2.550332605515e-05
4.081207413969e-05 1.707330054228e-03 3.875350896869e-05
7.673787669646e-04 1.814145037065e-03 6.111335465889e-05
1.440115712092e-03 1.577234631443e-03 3.860169959035e-05
2.279396319118e-04 1.714332974766e-03 2.091534262711e-05
6.686935166494e-04 1.836135004845e-03 3.843569024626e-05
1.713165094894e-03 1.655614339104e-03 2.655648130304e-05
1.216954901280e-03 1.584128687961e-03 7.361217996914e-05
8.777751281346e-04 1.823220616909e-03 4.965548826502e-05
4.994712725190e-04 1.825530063998e-03 7.371228166833e-05
1.533540198514e-03 1.502501712376e-03 1.926005852666e-05
-2.544680457115e-05 1.710479080469e-03 2.758032892001e-05
1.974553195429e-03 1.710479080469e-03 2.758032892001e-05
1.566926874324e-03 1.600744039404e-03 4.797392145313e-05
1.087666446431e-03 1.680864635024e-03 8.026558469293e-05
9.691786638748e-04 1.851705303515e-03 4.531658333212e-05
9.035660137766e-04 1.915638921167e-03 4.629418841164e-05
7.945241998463e-04 -6.285271962347e-05 6.484893885720e-05
7.945241998463e-04 1.937147280377e-03 6.484893885720e-05
9.963736124894e-04 1.717539847661e-03 1.811862681953e-05
6.127280906393e-04 1.806439916110e-03 2.327247258912e-05
9.936609313798e-04 1.949596621296e-03 4.998808158036e-05
1.632472894204e-03 1.652777751597e-03 3.558170432517e-05
1.743666217412e-03 1.746382702381e-03 6.919974694375e-05
1.646253797342e-03 1.747041248001e-03 2.819333895918e-05
1.564720514830e-03 1.778111231918e-03 5.902236453854e-05
6.013573762922e-04 1.878522554982e-03 4.113101261890e-05
5.290866604514e-04 -9.205572212081e-06 9.239063278567e-05
5.290866604514e-04 1.990794427788e-03 9.239063278567e-05
1.018134333213e-03 1.751492086824e-03 1.883531121035e-05
6.616295514631e-04 1.900763481900e-03 2.261396775045e-05
1.892289102820e-03 1.787244725922e-03 8.493816648752e-05
-4.325886772720e-06 1.784405933713e-03 1.848594629920e-05
1.995674113227e-03 1.784405933713e-03 1.848594629920e-05
1.654426618437e-03 1.811864781426e-03 3.682436964657e-05
1.488716882627e-03 1.779773099829e-03 1.699981314687e-05
1.789439188944e-03 1.842955984378e-03 3.203175201097e-05
4.066362499211e-04 1.819183193158e-03 1.909450572065e-05
1.358227479891e-03 1.681369528321e-03 9.387380501614e-05
1.459055603638e-03 1.781114453399e-03 1.269197607681e-05
1.419637833290e-03 1.783135715131e-03 2.498572671055e-05
1.481125940878e-03 1.843150283307e-03 4.683036335663e-05
1.234330014908e-03 1.690748795240e-03 3.037816670745e-05
1.949562230730e-04 1.760663358298e-03 3.595278436670e-05
1.572447677656e-03 1.897212336670e-03 5.929393503972e-05
1.190876074134e-03 1.780548235278e-03 6.322326366297e-05
1.710224056647e-03 1.831626981667e-03 2.237011235201e-05
1.083134878874e-03 1.810187526636e-03 4.846180199274e-05
1.660180170024e-03 1.927797908700e-03 3.361714125685e-05
4.059281991377e-04 -8.278186447896e-06 2.200075110999e-05
4.059281991377e-04 1.991721813552e-03 2.200075110999e-05
2.730969844896e-04 1.767956786322e-03 2.934146439697e-05
1.409197581183e-03 1.845315358980e-03 2.513057943793e-05
1.073257425148e-05 1.844549334490e-03 4.351403673761e-05
2.010732574251e-03 1.844549334490e-03 4.351403673761e-05
7.057522793217e-04 1.952877021172e-03 2.211694724876e-05
1.739967172183e-03 1.864400412481e-03 2.188862124832e-05
1.141080630662e-03 1.858960093081e-03 2.727770809167e-05
1.095446556055e-03 -4.758406535506e-05 5.183681327465e-05
1.095446556055e-03 1.952415934645e-03 5.183681327465e-05
1.274015849752e-03 1.798627100964e-03 2.185944827301e-05
1.351050267549e-03 1.845242441866e-03 3.301678283345e-05
1.193440017561e-03 1.869948165568e-03 2.621344328794e-05
1.186575197877e-03 1.936482780579e-03 4.067440786960e-05
1.102537181233e-04 1.752430196833e-03 4.404861447516e-05
2.995932055086e-04 1.813533669230e-03 2.249273284477e-05
1.746340863380e-03 1.939284630025e-03 5.326738126107e-05
1.945985086190e-03 1.872827592483e-03 1.609504409646e-05
-2.481185358911e-05 1.912437459265e-03 3.311647902033e-05
1.975188146411e-03 1.912437459265e-03 3.311647902033e-05
1.424746995054e-03 1.898805133525e-03 3.012188665534e-05
3.339397200672e-04 1.832745871558e-03 1.686196971955e-05
2.475332820231e-04 1.821742736548e-03 3.021046248090e-05
1.531198333960e-04 1.859841053713e-03 7.160008489611e-05
1.270357573799e-03 1.936596773812e-03 4.310813187865e-05
5.587679951007e-05 1.938335359173e-03 5.162686851348e-05
2.495273907384e-04 1.897481850876e-03 2.856091571617e-05
3.739615977336e-04 1.862749243917e-03 3.315756239277e-05
1.372616266502e-04 1.963927124134e-03 3.368717672546e-05
3.203409417960e-04 1.869161404449e-03 1.999055976716e-05
3.165053438152e-04 1.944037749883e-03 5.300807138468e-05
3.648142377475e-04 -3.648760263331e-06 1.819902952912e-05
3.648142377475e-04 1.996351239737e-03 1.819902952912e-05
-1.608615695835e-05 -1.977017798295e-05 2.767069405829e-05
-1.608615695835e-05 1.980229822017e-03 2.767069405829e-05
1.983913843042e-03 -1.977017798295e-05 2.767069405829e-05
1.983913843042e-03 1.980229822017e-03 2.767069405829e-05
1.825464281888e-03 1.964062192975e-03 2.964564162172e-05
2.168731029943e-04 1.922870313362e-03 1.280187808968e-05
1.901367006925e-03 1.946621187606e-03 4.823574084747e-05
1.976968862906e-04 1.957812806289e-03 2.705678766636e-05
1.498046875000e-03 7.832031250000e-04 4.598797615003e-05
4.628906250000e-04 6.621093750000e-04 3.942161419661e-05
2.089843750000e-04 4.082031250000e-04 2.281778836783e-05
3.457031250000e-04 4.980468750000e-04 6.151419860727e-05
1.525390625000e-03 6.230468750000e-04 3.130982770138e-05
6.191406250000e-04 6.191406250000e-04 5.882988689792e-05
7.128906250000e-04 1.162109375000e-03 2.665181664978e-05
8.925781250000e-04 4.238281250000e-04 2.987888971295e-05
1.552734375000e-03 9.199218750000e-04 2.181526788691e-05
2.011718750000e-04 2.363281250000e-04 3.672949469322e-05
1.365234375000e-03 8.339843750000e-04 4.474145289203e-05
5.917968750000e-04 7.675781250000e-04 4.927644246563e-05
1.447265625000e-03 4.941406250000e-04 6.233235474821e-05
3.417968750000e-04 6.347656250000e-04 2.511235504107e-05
7.910156250000e-04 4.316406250000e-04 4.575816006041e-05
1.607421875000e-03 8.417968750000e-04 7.017035210954e-05
1.533203125000e-03 1.013671875000e-03 3.609229389364e-05
