# 2D packing, generated 2026-09-28T18:42:31.283491+00:00
# generator = preprocess/generate_packing_gravity.py
# periodic axes = xy
# porosity_achieved = 0.324892  (target 0.325000)
# 300 distinct grains; 331 rows including 31 periodic edge images.
# Centres span [-R, L+R]: a grain need only be PARTLY inside.
# Do NOT drop the out-of-box rows -- they carry the conduction
# paths that cross the domain edge, and k_eff depends on them.
# header row is 'Lx Ly'; grain rows are 'x y r', all in metres
2.000000000000e-03 2.000000000000e-03
1.413074075469e-03 6.758928796498e-05 1.000000000000e-04
1.413074075469e-03 2.067589287965e-03 1.000000000000e-04
1.261814859599e-03 1.092314821233e-04 5.688666366209e-05
1.170232446366e-03 1.052866621638e-04 3.478067520926e-05
4.233075046306e-07 9.914237608114e-05 5.586309188974e-05
2.000423307505e-03 9.914237608114e-05 5.586309188974e-05
1.347581557640e-03 2.565617878052e-04 1.000000000000e-04
1.201754230660e-03 2.449309628124e-04 4.629050687056e-05
8.596644560770e-05 4.577005810635e-05 1.654463159896e-05
2.044784592273e-04 8.200762876260e-05 6.203437900778e-05
1.820751757977e-03 5.457302889817e-05 7.626073391648e-05
1.820751757977e-03 2.054573028898e-03 7.626073391648e-05
3.538174770415e-04 1.168680507827e-04 9.131954169938e-05
1.539376196192e-03 2.557066454551e-04 8.981849732429e-05
1.237926268314e-03 3.082175734340e-04 2.121311257600e-05
1.661983680469e-03 2.561528160575e-04 3.268344663209e-05
1.000525278811e-04 1.111499059489e-04 4.417426723340e-05
2.219457039079e-04 1.920801673511e-04 4.941565158421e-05
1.642716567987e-03 3.153878431333e-04 2.924655053298e-05
8.794396395840e-04 4.322816675500e-05 5.426733534469e-05
8.794396395840e-04 2.043228166755e-03 5.426733534469e-05
1.706851959491e-03 1.128073120213e-04 4.922506678116e-05
3.022931246969e-04 2.537857819296e-04 5.189231596537e-05
1.906209931283e-03 1.476764641164e-04 5.011709297173e-05
1.725264290710e-03 2.561526697388e-04 3.059716360875e-05
3.666625226110e-05 1.938951194752e-04 4.558537440164e-05
2.036666252261e-03 1.938951194752e-04 4.558537440164e-05
5.538046358919e-04 3.246587081213e-05 8.483069265380e-05
5.538046358919e-04 2.032465870812e-03 8.483069265380e-05
4.827613711208e-04 1.335171918593e-04 3.869484678522e-05
5.913718922400e-04 1.801632599641e-04 6.757029662093e-05
2.108718590967e-04 2.853298223769e-04 4.448931587649e-05
6.884431684553e-04 1.963679725833e-04 3.084456868856e-05
1.944544490744e-03 2.279995868314e-04 3.888485993221e-05
7.734536313041e-04 1.852622666553e-04 5.488845531454e-05
1.270726657516e-03 3.896859259623e-04 5.371648057088e-05
1.062419621756e-03 1.766384376128e-05 2.303923281368e-05
1.062419621756e-03 2.017663843761e-03 2.303923281368e-05
1.599725516997e-03 3.801476597276e-04 4.848418924116e-05
1.062835294901e-03 1.167639315039e-04 7.322801176579e-05
4.586914782362e-04 1.969296242769e-04 2.913221231615e-05
1.118276059748e-03 4.093722639771e-04 1.000000000000e-04
1.276576119500e-03 5.432909735393e-04 1.000000000000e-04
2.727518646418e-04 3.346070937588e-04 3.415867574814e-05
9.965959264993e-04 4.062309998073e-04 2.172071791247e-05
1.450898842034e-03 3.474957504595e-04 3.763546818546e-05
4.145572581799e-04 2.050280532758e-04 1.573892398229e-05
3.956563410888e-04 2.591910720793e-04 4.162727511581e-05
1.472040342965e-04 3.070888261228e-04 2.279402925837e-05
1.123323553835e-03 5.629124862000e-04 5.222041799422e-05
5.073935359472e-04 2.328227822263e-04 3.136748433076e-05
1.509781351082e-03 4.053749566356e-04 4.493091755389e-05
9.491785171335e-04 4.173592033891e-04 2.698502902107e-05
1.774559707439e-03 1.569772880011e-04 3.161644715826e-05
5.628507584869e-04 2.946192607092e-04 5.038646306671e-05
9.856223990412e-04 4.382573213974e-04 1.213343445972e-05
8.491746591759e-04 1.921223493581e-04 2.114279052297e-05
3.353957049069e-04 3.444640733295e-04 2.925554949961e-05
1.832230197612e-03 1.762531409275e-04 2.919034803301e-05
1.170721512421e-03 6.811577115314e-04 7.381728336989e-05
2.833768364641e-05 3.392412797752e-04 1.000000000000e-04
2.028337683646e-03 3.392412797752e-04 1.000000000000e-04
4.532348331847e-04 3.975768643130e-04 1.000000000000e-04
1.059170679856e-03 6.793292822943e-04 3.774854664068e-05
1.861897133505e-03 3.296226819802e-04 6.397895625155e-05
1.566672325834e-03 4.703062809978e-04 4.139821452504e-05
6.931583954983e-04 2.712189394438e-04 4.415481216452e-05
2.960829587351e-04 4.285852575259e-04 6.018227996708e-05
6.488700136636e-04 3.844868228418e-04 7.401434047556e-05
1.494329996518e-03 4.812201887531e-04 3.176289116471e-05
1.083728530293e-03 7.547272474775e-04 4.011365414183e-05
1.700429281724e-03 4.790186441070e-04 9.264264120140e-05
5.763338495896e-04 4.725736038208e-04 4.009437194258e-05
8.549154934824e-04 3.137387117031e-04 9.723726913917e-05
1.520426509306e-04 3.551329001701e-04 2.472163853671e-05
7.485624940925e-04 4.032025528984e-04 2.741989406975e-05
9.649545967802e-04 6.793459672902e-04 5.646754498364e-05
1.590345663717e-03 5.421796657475e-04 3.427363063090e-05
1.824182181016e-03 5.060423390724e-04 3.402724423188e-05
8.139124587198e-04 4.796813525010e-04 7.317652343156e-05
7.107918947976e-04 4.960620694614e-04 2.855355076090e-05
1.299064818949e-03 6.966527440625e-04 5.500189201067e-05
1.406984104153e-03 7.267441039209e-04 5.703410781484e-05
1.238512117736e-03 7.702708182030e-04 3.815018719246e-05
1.299596342001e-03 7.935004220598e-04 2.720191758560e-05
1.380837042599e-04 4.132623222607e-04 3.237577135015e-05
1.799023181663e-04 5.388589935841e-04 1.000000000000e-04
-6.064179339536e-05 4.974023833227e-04 8.147331160461e-05
1.939358206605e-03 4.974023833227e-04 8.147331160461e-05
8.449499186435e-05 4.518811416701e-04 2.586258286072e-05
5.154434218852e-04 5.191584350419e-04 3.657245181802e-05
1.636435267193e-03 5.724858422844e-04 2.041195454327e-05
1.155367856721e-03 8.306782044661e-04 6.421578625967e-05
3.263227023677e-05 6.064962832387e-04 6.205978236149e-05
2.032632270237e-03 6.064962832387e-04 6.205978236149e-05
1.794140286967e-03 5.607234894623e-04 2.836325726627e-05
3.708103326480e-04 4.980385201833e-04 2.994755161518e-05
1.267517502716e-03 8.697501260030e-04 5.454514228681e-05
1.338378710375e-03 7.629137891462e-04 2.030737970598e-05
1.162278952836e-04 6.587199815497e-04 3.572440471019e-05
1.729453691660e-03 6.715960236746e-04 1.000000000000e-04
4.308727091585e-04 5.635898896031e-04 5.895955029262e-05
1.507371763763e-03 5.671997130191e-04 5.231061457840e-05
7.211606370726e-04 6.259249900267e-04 1.000000000000e-04
5.757107480166e-05 7.034248047874e-04 3.802622842121e-05
3.073000788244e-04 5.797804123184e-04 3.137561323382e-05
1.197826233137e-03 9.180174698190e-04 3.022421720143e-05
-2.767366934016e-05 7.153455337420e-04 4.799192605815e-05
1.972326330660e-03 7.153455337420e-04 4.799192605815e-05
5.893075151237e-04 6.674434846605e-04 3.823542216698e-05
1.021244445895e-03 8.496174211230e-04 7.123820319532e-05
8.515733888494e-04 8.727313700408e-04 1.000000000000e-04
6.306320411752e-04 7.832472084330e-04 8.150953504707e-05
1.356288519705e-03 8.697501260030e-04 3.422587470227e-05
2.714488122812e-04 6.561993807716e-04 4.882722154926e-05
1.915911870655e-04 6.704763429034e-04 3.213544717908e-05
1.263006657100e-03 1.003182544842e-03 7.702119939272e-05
5.281876057634e-04 5.937559551231e-04 3.910596465308e-05
1.581880194608e-03 6.086263437748e-04 3.271022034836e-05
5.746309692149e-05 8.414504610713e-04 1.000000000000e-04
2.057463096921e-03 8.414504610713e-04 1.000000000000e-04
7.006598263999e-04 9.269340541346e-04 6.035221948622e-05
1.100094912277e-03 8.956327083187e-04 2.005693744445e-05
4.732172765722e-04 6.699486067073e-04 5.484651249921e-05
1.505348997408e-03 7.363600593796e-04 4.179969377003e-05
1.583948301300e-03 7.363137020081e-04 3.679962775903e-05
7.815916718255e-04 1.032859711769e-03 7.295272621838e-05
1.875320267030e-03 7.048506969127e-04 4.958019076335e-05
1.819357572921e-03 7.911683038176e-04 4.907935887472e-05
5.000828636183e-04 7.935603913491e-04 4.944637309619e-05
5.470803682782e-04 8.814921496652e-04 4.745926710305e-05
1.460916005581e-03 7.853600890450e-04 2.261816408655e-05
1.489036980691e-04 7.163694770585e-04 3.054153461711e-05
1.515614315656e-03 8.195097808753e-04 4.186522034931e-05
3.656569539504e-04 7.264271035117e-04 6.664031833630e-05
1.884145267853e-03 9.224298506636e-04 9.130277243149e-05
6.451120673039e-04 1.041651310661e-03 6.380974912284e-05
5.544564647202e-04 1.065171549782e-03 2.984728439889e-05
4.695366071803e-04 1.082965710278e-03 5.691684616422e-05
1.068554646468e-03 9.358427225880e-04 2.711350086190e-05
3.753532699287e-04 1.092756056909e-03 3.777397653258e-05
1.935689636215e-04 8.878443148957e-04 4.379576981098e-05
1.006270080503e-03 9.609047023785e-04 4.002419338225e-05
1.641166137791e-03 7.590013474843e-04 2.423525807450e-05
5.576228137699e-04 1.148161221689e-03 5.264375146964e-05
1.126834508573e-03 1.030752475576e-03 6.180291043288e-05
1.426422969449e-03 8.771908505603e-04 3.630217236341e-05
1.383448723007e-03 9.376591196222e-04 3.788136638078e-05
9.185818421700e-04 1.012666866438e-03 5.515178364503e-05
7.161644689501e-04 1.153651204144e-03 6.442013684507e-05
1.026962795159e-03 1.057879709773e-03 4.168740783559e-05
1.876854527220e-05 1.000255100060e-03 6.345116519272e-05
2.018768545272e-03 1.000255100060e-03 6.345116519272e-05
1.688883301714e-03 7.980242186446e-04 3.277825313189e-05
4.477687759802e-04 1.220110421941e-03 7.867493772875e-05
1.380044015247e-03 1.016244566489e-03 4.074280490056e-05
5.581196142194e-04 1.242478617301e-03 3.392011197407e-05
1.230732025344e-04 1.034900115536e-03 4.645675094733e-05
1.463928420820e-03 9.474965716149e-04 4.319734365985e-05
8.665534920502e-04 1.064365682419e-03 1.766259854767e-05
1.077470963832e-03 1.117461700741e-03 3.642205862315e-05
1.910017525928e-03 1.094779433880e-03 8.063795995897e-05
1.538383935921e-03 9.602599873679e-04 3.234422443698e-05
9.414033128167e-04 1.134296435658e-03 6.860027343409e-05
1.041034830904e-03 1.186884291711e-03 4.198130813955e-05
8.301214501995e-04 1.176748990481e-03 5.050418642599e-05
1.625350165009e-03 9.914069966460e-04 6.003142813927e-05
1.505312351790e-03 1.076529500131e-03 8.712466994038e-05
3.326123452787e-04 1.245054621600e-03 3.915213850831e-05
2.268819796852e-04 7.195829392828e-04 2.833687473374e-05
9.826704990058e-04 1.221642666259e-03 2.589214177795e-05
3.573471499583e-05 1.109118178155e-03 4.568688377673e-05
2.035734714996e-03 1.109118178155e-03 4.568688377673e-05
3.781308860111e-04 1.311311653257e-03 3.599984714206e-05
1.628186072369e-03 1.089737475144e-03 3.645688941634e-05
1.214059226648e-03 1.173302052575e-03 1.000000000000e-04
1.028044767645e-03 1.267027310112e-03 3.828413707990e-05
-1.087241353041e-05 1.199954259720e-03 5.096807318984e-05
1.989127586470e-03 1.199954259720e-03 5.096807318984e-05
1.385722559052e-03 1.175424247144e-03 6.805873611179e-05
7.983593386680e-05 1.215351926982e-03 4.103787267935e-05
1.498617665332e-03 1.216667069251e-03 5.213392338685e-05
7.667590603861e-04 1.251129688374e-03 4.540639715474e-05
1.745094079133e-03 8.431317775835e-04 3.929355367951e-05
1.637497629883e-03 1.216667069251e-03 8.674604116415e-05
2.293009545512e-04 1.244864444439e-03 6.415944407817e-05
3.285480054722e-04 1.311311653295e-03 1.358303339688e-05
1.744490954047e-03 1.225286936023e-03 2.059394914218e-05
9.385285861300e-04 1.290682441623e-03 5.430484815985e-05
8.534298875400e-04 1.290615255571e-03 3.079390866105e-05
1.736103560068e-03 1.272847855576e-03 2.674144810174e-05
8.131182418995e-04 1.290593210849e-03 9.517761083426e-06
1.795843880815e-03 1.225286936023e-03 3.075897762580e-05
5.261821690527e-04 1.300407954131e-03 3.221408092766e-05
1.123076770362e-03 1.314432339837e-03 6.791538651869e-05
1.328797345264e-03 1.300316184137e-03 6.919459131877e-05
1.537197977196e-03 1.298825422504e-03 3.863190428375e-05
6.292343747851e-04 1.186934859819e-03 2.866392734763e-05
1.230707941018e-03 1.443316266639e-03 1.000000000000e-04
6.423870926183e-04 1.269413992912e-03 5.454752621177e-05
1.698153294374e-03 1.342687200252e-03 5.274286941478e-05
1.635515696383e-03 1.351459680576e-03 1.050604435539e-05
4.484960479115e-04 1.340162743485e-03 4.005040871976e-05
1.320913517890e-04 1.273586313708e-03 3.720453680212e-05
1.016363166305e-03 1.348323917815e-03 4.252511445483e-05
1.882963980451e-03 1.231104951575e-03 5.655517395051e-05
1.034668237798e-03 1.491957395930e-03 1.000000000000e-04
7.214512388507e-05 1.285613269388e-03 2.385400078530e-05
2.816812323730e-04 1.324825536664e-03 3.136934414107e-05
-3.472669890655e-05 1.304121220085e-03 5.334739804697e-05
1.965273301093e-03 1.304121220085e-03 5.334739804697e-05
1.004826058655e-04 1.350841431204e-03 4.626683669378e-05
7.912356744247e-04 1.322891901545e-03 2.949573135304e-05
9.113572630055e-04 1.501929155435e-03 2.361974809129e-05
1.172994875462e-03 1.611287275566e-03 7.760946245653e-05
1.449765666456e-03 1.336146247538e-03 5.643256301378e-05
5.894381732004e-04 1.416508087253e-03 1.000000000000e-04
9.060203862428e-04 1.587531764817e-03 6.026456199852e-05
1.380416328160e-03 1.446247548591e-03 4.973715236187e-05
1.321432541557e-03 1.611001617815e-03 7.082880737359e-05
3.979057219213e-04 1.474086749899e-03 1.000000000000e-04
1.843399931487e-03 1.397192711865e-03 1.000000000000e-04
8.214033255830e-04 1.620813969308e-03 3.066262182606e-05
2.218338500536e-04 1.342608329006e-03 3.106393666528e-05
1.573317776694e-03 1.400222767181e-03 6.852825091457e-05
7.398630578399e-04 1.416876354774e-03 5.042535773761e-05
1.432413094061e-03 1.623532964847e-03 3.874894465788e-05
1.697678914138e-03 1.455450547782e-03 5.650339141925e-05
1.020259805741e-03 1.694918424573e-03 9.652365353143e-05
1.622236447377e-03 1.476488044662e-03 2.181738881216e-05
1.773441085527e-03 1.528280964224e-03 4.858794561082e-05
8.437392054980e-04 1.761600516736e-03 9.217236961712e-05
9.892040135700e-04 1.843597393608e-03 5.536425848693e-05
1.681150999526e-03 1.559950928918e-03 4.898493581495e-05
1.472364736014e-03 1.437629154227e-03 3.913211418996e-05
1.610868549231e-03 1.585725743570e-03 2.587478151879e-05
9.049839765013e-04 1.896541952620e-03 4.411531949293e-05
2.271362122318e-05 1.369955524283e-03 3.365787181177e-05
2.022713621223e-03 1.369955524283e-03 3.365787181177e-05
1.392004670960e-03 1.653412266406e-03 1.150671343639e-05
1.751336462733e-03 1.626097139090e-03 4.745844988324e-05
7.261555589810e-05 1.448766173908e-03 5.554590254780e-05
1.493458528527e-03 1.632222375832e-03 2.291194354823e-05
1.145067204293e-03 1.721261122492e-03 3.025368719341e-05
1.411764657904e-03 1.753206786725e-03 9.022564105319e-05
1.247824254751e-03 1.678627432057e-03 2.076370057211e-05
-2.657044367098e-05 1.469981135682e-03 4.588363701154e-05
1.973429556329e-03 1.469981135682e-03 4.588363701154e-05
5.266618058254e-04 1.550933787277e-03 4.775775857303e-05
4.620849520414e-04 1.574936864179e-03 1.953962033572e-05
1.316331689823e-03 1.799396056473e-03 1.579753305424e-05
2.681413451715e-04 1.394410685356e-03 3.841892616817e-05
1.257196120450e-03 1.805924890203e-03 4.369738210600e-05
1.335061049253e-03 1.894960135986e-03 6.672047780618e-05
1.488670942915e-03 1.904647715216e-03 7.962445837177e-05
2.451628145323e-05 1.498086062471e-03 1.161299247166e-05
1.564937046178e-03 1.645961369939e-03 4.987508982656e-05
1.652138020769e-03 1.644290826226e-03 3.711858015976e-05
1.170350353751e-03 -7.923086350757e-05 1.000000000000e-04
1.170350353751e-03 1.920769136492e-03 1.000000000000e-04
2.676192427240e-04 1.496287916740e-03 3.216457911738e-05
6.637410211766e-04 1.766144761115e-03 8.788349493265e-05
2.004847962313e-04 1.400274555886e-03 2.949126152183e-05
3.002367382419e-04 1.540497954163e-03 1.766740429115e-05
7.668813770315e-04 -6.226593462715e-05 1.000000000000e-04
7.668813770315e-04 1.937734065373e-03 1.000000000000e-04
1.616766520706e-03 1.687433993797e-03 1.650471773056e-05
1.654800367233e-03 -2.704514777255e-05 1.000000000000e-04
1.654800367233e-03 1.972954852227e-03 1.000000000000e-04
6.365835139959e-04 1.951423006786e-03 3.101574327350e-05
2.289325961120e-04 1.589003726158e-03 6.829888749949e-05
1.908356716736e-03 1.515354154316e-03 3.344609445187e-05
8.855747879183e-04 1.964424850673e-03 2.165754072360e-05
9.780391453060e-04 -2.303945020661e-05 6.453191686190e-05
9.780391453060e-04 1.976960549793e-03 6.453191686190e-05
1.853163661876e-03 1.558729273933e-03 3.675149057465e-05
1.862822864248e-03 1.666000547271e-03 7.095404197581e-05
1.782105473280e-03 1.957478241220e-03 2.824255133140e-05
5.389872120276e-04 1.735854015294e-03 3.786052324534e-05
1.125748355015e-05 1.551640895847e-03 4.232773652342e-05
2.011257483550e-03 1.551640895847e-03 4.232773652342e-05
1.332876179159e-04 1.630127720547e-03 3.581239380723e-05
3.570491742375e-04 1.634081014874e-03 6.420184171787e-05
4.058866292860e-04 1.766983728996e-03 7.739010850157e-05
2.727194872243e-04 1.673875778164e-03 2.720303706656e-05
2.035193811392e-04 1.715305819437e-03 5.345120040476e-05
5.290465739355e-04 1.838021016442e-03 6.478899246801e-05
5.823526061571e-04 1.919006031363e-03 3.216593392054e-05
4.477095108555e-04 1.890374618010e-03 2.805060379476e-05
3.049023758274e-04 1.723998430818e-03 3.236271754300e-05
3.548883872747e-04 1.893735535901e-03 5.923671914665e-05
-1.968125952666e-06 1.678420740093e-03 6.374905116128e-05
1.998031874047e-03 1.678420740093e-03 6.374905116128e-05
1.001817193921e-04 1.737980300543e-03 5.114610217548e-05
2.677034680589e-04 1.799725864473e-03 5.200825461940e-05
4.315945643120e-04 -2.698856969298e-05 5.107469776194e-05
4.315945643120e-04 1.973011430307e-03 5.107469776194e-05
1.679781733693e-04 1.810771232932e-03 4.832693143812e-05
1.831230214815e-03 1.957892214528e-03 2.088400455852e-05
2.642487365452e-04 1.883627869177e-03 3.196520136705e-05
2.743599022779e-04 1.957807830330e-03 3.940564703184e-05
1.904528699355e-03 1.780355726951e-03 5.076929561712e-05
1.827916764851e-03 1.803103109525e-03 2.914848297701e-05
-5.237341668622e-06 1.767545933421e-03 2.543630247093e-05
1.994762658331e-03 1.767545933421e-03 2.543630247093e-05
8.206246934999e-05 1.828258037758e-03 3.833667492899e-05
2.103483892649e-04 1.869186165983e-03 2.383636032014e-05
-1.339145005157e-05 1.848454863853e-03 5.588290686866e-05
1.986608549948e-03 1.848454863853e-03 5.588290686866e-05
9.331890833600e-05 1.896895555458e-03 3.121773725758e-05
1.622618000896e-04 1.886108726570e-03 2.714103277081e-05
2.200074468902e-04 1.921239309884e-03 2.610349396698e-05
1.955563748581e-05 -2.762621443747e-05 7.234206748334e-05
1.955563748581e-05 1.972373785563e-03 7.234206748334e-05
2.019555637486e-03 -2.762621443747e-05 7.234206748334e-05
2.019555637486e-03 1.972373785563e-03 7.234206748334e-05
1.514509849463e-04 -2.740779256031e-05 5.955392760503e-05
1.514509849463e-04 1.972592207440e-03 5.955392760503e-05
3.691406250000e-04 9.238281250000e-04 6.968021072165e-05
1.697265625000e-03 1.775390625000e-03 3.242338337090e-05
6.972656250000e-04 1.583984375000e-03 5.599401339436e-05
2.480468750000e-04 1.087890625000e-03 4.038620795569e-05
9.824218750000e-04 5.371093750000e-04 1.597190674048e-05
1.748046875000e-03 1.068359375000e-03 6.510246690230e-05
8.691406250000e-04 1.408203125000e-03 3.036983436771e-05
1.580078125000e-03 1.775390625000e-03 2.375468417342e-05
1.021484375000e-03 2.597656250000e-04 4.599231514072e-05
1.525390625000e-03 1.533203125000e-03 2.365639448357e-05
6.933593750000e-04 9.179687500000e-05 2.999971515796e-05
1.615234375000e-03 8.652343750000e-04 4.863981440918e-05
9.316406250000e-04 1.621093750000e-04 4.490697183894e-05
