Lx=2.000000e-03
Ly=2.000000e-03
Lz=1.933594e-04
