# 2D packing, generated 2026-09-28T19:12:37.550326+00:00
# generator = preprocess/generate_packing_gravity.py
# periodic axes = xy
# porosity_achieved = 0.424991  (target 0.425000)
# 266 distinct grains; 288 rows including 22 periodic edge images.
# Centres span [-R, L+R]: a grain need only be PARTLY inside.
# Do NOT drop the out-of-box rows -- they carry the conduction
# paths that cross the domain edge, and k_eff depends on them.
# header row is 'Lx Ly'; grain rows are 'x y r', all in metres
2.000000000000e-03 2.000000000000e-03
1.793174703579e-03 1.647275453199e-05 6.099524641023e-05
1.793174703579e-03 2.016472754532e-03 6.099524641023e-05
1.290415594820e-03 5.426103240391e-05 3.641433589905e-05
1.658852550541e-03 1.746814405207e-05 4.213703062456e-05
1.658852550541e-03 2.017468144052e-03 4.213703062456e-05
1.575277353999e-03 5.162751353530e-05 4.814960183310e-05
1.350408394338e-03 1.122457151731e-04 4.702042562205e-05
6.644671402175e-04 4.636278757448e-05 3.976938101922e-05
1.185202958239e-03 5.438951557491e-05 5.542827862363e-05
1.185202958239e-03 2.054389515575e-03 5.542827862363e-05
6.224967116296e-04 7.806108313272e-05 1.282623493066e-05
8.818779518459e-04 9.880285740093e-06 3.069279878091e-05
8.818779518459e-04 2.009880285740e-03 3.069279878091e-05
9.659162955207e-04 2.887171155289e-05 4.262699240328e-05
9.659162955207e-04 2.028871711553e-03 4.262699240328e-05
1.240686022483e-03 1.764553275218e-04 7.865539996664e-05
1.713665804947e-03 9.724230054616e-05 5.234223506678e-05
2.626109516896e-04 7.127223078880e-05 8.650564018934e-05
2.626109516896e-04 2.071272230789e-03 8.650564018934e-05
5.670408164053e-04 5.289858630105e-05 4.611727104557e-05
1.124206706609e-03 1.787646498282e-04 3.657708715566e-05
4.024310107458e-04 1.648251927550e-04 8.172578389607e-05
1.914465160798e-03 4.965021923910e-05 6.426884094639e-05
1.914465160798e-03 2.049650219239e-03 6.426884094639e-05
1.832514929519e-03 1.932769746158e-04 1.000000000000e-04
1.399015505522e-04 7.942673516439e-05 3.647441841568e-05
6.455447660493e-04 1.118962806517e-04 2.811315201743e-05
1.746333320437e-04 1.625514198288e-04 4.026957083299e-05
1.713967822358e-03 2.635824842104e-04 3.782699770223e-05
7.289024440581e-04 7.806398633078e-05 3.204199958042e-05
3.413456985271e-05 6.486641478601e-05 5.636407359354e-05
2.034134569853e-03 6.486641478601e-05 5.636407359354e-05
1.931453455914e-03 2.676186217624e-04 2.375585847068e-05
1.153453712797e-03 2.360105017909e-04 2.671986731697e-05
1.103795634516e-03 2.803960712540e-04 3.988346229262e-05
6.561610443519e-05 1.895928721577e-04 7.205138419502e-05
2.065616104435e-03 1.895928721577e-04 7.205138419502e-05
1.181034009995e-03 2.960221209839e-04 3.882316313285e-05
8.563098230044e-04 9.737211941444e-05 6.045845009785e-05
2.823494176401e-04 1.935322517626e-04 3.685345218996e-05
7.641634632331e-04 1.537649405085e-04 4.757442401941e-05
1.627977635508e-03 2.788788282598e-04 4.951308688557e-05
1.294416812940e-03 3.220992748718e-04 7.658363263461e-05
2.015652238144e-04 3.039984520423e-04 1.000000000000e-04
1.191304085070e-03 3.764720822729e-04 3.997992004803e-05
1.426479884961e-03 3.415571609278e-04 5.690518458097e-05
1.695216977664e-03 3.495850801498e-04 4.805997901881e-05
1.267200521800e-03 4.965729199042e-04 1.000000000000e-04
1.137329716089e-03 6.048874226531e-04 6.911078523194e-05
3.513349689957e-04 2.870110013187e-04 4.743624747895e-05
1.820402457397e-03 3.676081901687e-04 7.475149411969e-05
8.738506022154e-05 4.037308585301e-04 5.160363670425e-05
1.719316489361e-03 4.574762425050e-04 6.050618501322e-05
1.037416201251e-03 6.512730137133e-04 4.104516560790e-05
1.231421517545e-03 6.662979886232e-04 4.289683773907e-05
4.921405006224e-04 3.173781968002e-04 9.524941223897e-05
8.299878952352e-04 1.719772651309e-04 1.842516607788e-05
1.316565099881e-03 7.024244914773e-04 4.958987320945e-05
1.101152904234e-03 7.186690276744e-04 5.028358380310e-05
5.963648240801e-04 3.646243214869e-04 1.918359600702e-05
1.220296886561e-03 8.169214650979e-04 1.000000000000e-04
8.728120441999e-04 2.059122090447e-04 3.621445464725e-05
6.723510479399e-04 1.867930143560e-04 4.999797609482e-05
3.577501479618e-04 4.010238931771e-04 6.304579866003e-05
1.661977740010e-04 4.357916953292e-04 3.173476113742e-05
1.840626657538e-03 5.160075223472e-04 7.418630781048e-05
9.435393502940e-04 2.125237554536e-04 3.480502314209e-05
2.702496044993e-04 4.068213424851e-04 2.365310731670e-05
2.740248067336e-04 4.904384276278e-04 5.944866448135e-05
6.548755255861e-04 3.960132953563e-04 4.721500586890e-05
1.616461424408e-03 4.803786063326e-04 4.486782817551e-05
1.372058802876e-03 8.535861744227e-04 5.612028473511e-05
1.029891530476e-03 7.605952618664e-04 3.239647729632e-05
4.448376299369e-04 4.596786457500e-04 4.095985278032e-05
7.840687618014e-04 2.779206303093e-04 7.806845266567e-05
5.207496455991e-04 5.013428236447e-04 4.563424541076e-05
1.081195075632e-03 7.954827415558e-04 2.908052371900e-05
1.513337225272e-03 3.413133603248e-04 2.995249789236e-05
7.350453908989e-04 4.231104597881e-04 3.741045197074e-05
9.248206426520e-04 3.084672528054e-04 6.294744788951e-05
5.993969352060e-04 5.121235974328e-04 3.374850615396e-05
8.452112719667e-04 4.000010133361e-04 5.836241809801e-05
7.844466666769e-04 4.418821752671e-04 1.543711531419e-05
1.699462856671e-03 6.180548209563e-04 1.000000000000e-04
1.807211531845e-03 7.115081208574e-04 4.262992765936e-05
3.811766280423e-04 4.925865745699e-04 3.070363123663e-05
6.833370478193e-04 4.654014268832e-04 2.778347233474e-05
3.557625470163e-04 5.785793781855e-04 5.896597224227e-05
1.947172940979e-03 5.160075224007e-04 3.235997563016e-05
8.654531086031e-06 5.361747206267e-04 3.234475222179e-05
2.008654531086e-03 5.361747206267e-04 3.234475222179e-05
1.304849899523e-03 9.504248045087e-04 5.802645287572e-05
9.662968789438e-04 7.970475043465e-04 4.090458466996e-05
1.096740175845e-03 8.553152926538e-04 2.938451741048e-05
2.510267932202e-04 6.591919092029e-04 7.320043150804e-05
3.927639588674e-04 7.388562356661e-04 8.939055543942e-05
7.661794494005e-04 5.019763299373e-04 4.737211750415e-05
1.362918675702e-04 7.115267662426e-04 5.290682611522e-05
2.136304316450e-04 7.786927029474e-04 4.952615952213e-05
5.196437713805e-04 7.892972606117e-04 4.714802453316e-05
6.094005624167e-05 7.115267662426e-04 2.244498521335e-05
1.030365511974e-03 8.989332626732e-04 5.003920996628e-05
1.930843291099e-03 5.877547023664e-04 4.108163574583e-05
6.466075345025e-05 7.866353545964e-04 5.088294483824e-05
9.401056918887e-04 9.486782541311e-04 5.302100123713e-05
2.947555141696e-04 8.632324197120e-04 6.764142441324e-05
1.552845956051e-03 4.930655020882e-04 2.000038544375e-05
1.436582069758e-04 8.594651317492e-04 5.656366564182e-05
1.411210643032e-03 1.030711292617e-03 7.523470660915e-05
1.092011248244e-03 9.508959965959e-04 3.058536995977e-05
1.229581262449e-03 9.504370601583e-04 1.724219339814e-05
1.487494276375e-03 1.093563124607e-03 2.356937416669e-05
-2.212661273199e-06 6.074812342994e-04 2.870834616379e-05
1.997787338727e-03 6.074812342994e-04 2.870834616379e-05
8.658692435152e-04 9.727491562237e-04 2.502039429245e-05
6.798772161585e-04 5.709135876900e-04 6.308340209783e-05
1.871220170973e-03 7.292672653273e-04 2.379667164685e-05
1.029705005418e-03 1.005488183675e-03 5.225376892026e-05
4.127159714588e-04 8.788773236823e-04 5.135198928734e-05
2.121377546368e-04 9.089415074946e-04 2.677793216231e-05
1.961661041223e-03 6.368357815150e-04 1.687253626180e-05
6.991939565891e-05 8.810145139576e-04 2.025943093722e-05
1.294880754263e-03 1.053435361727e-03 4.299639137930e-05
1.761066486819e-04 9.370856178300e-04 1.894221156999e-05
1.342219828887e-03 1.171126716217e-03 8.121427940941e-05
4.827190350946e-04 9.232793094294e-04 3.154532826086e-05
8.945081604208e-04 1.087169692846e-03 9.278375509510e-05
-4.364003390104e-05 8.835522939035e-04 9.332835172022e-05
1.956359966099e-03 8.835522939035e-04 9.332835172022e-05
1.041458538008e-03 1.208097698205e-03 9.752658746344e-05
1.511958996444e-03 5.234355952396e-04 3.093178537143e-05
7.795404912688e-04 6.158154629900e-04 4.616788254668e-05
7.512185995989e-04 1.184203833978e-03 8.026981386268e-05
8.595406002708e-04 1.235208926810e-03 3.945230562743e-05
9.191266924723e-04 1.330756992640e-03 7.315291303773e-05
1.472380638955e-03 1.163869807024e-03 4.834343156716e-05
1.729866782487e-03 7.664456239757e-04 5.147352615482e-05
2.514010133703e-04 9.517112422479e-04 3.088834153031e-05
1.779640146721e-04 1.040624761127e-03 8.443124317816e-05
5.632291433556e-04 5.474422377155e-04 1.680360081257e-05
6.225986377959e-04 1.273775825940e-03 7.646640862311e-05
1.841474748470e-03 8.835522939793e-04 2.155686590884e-05
1.849712562656e-03 9.602619788417e-04 3.804152467669e-05
1.740501154948e-03 9.780186519813e-04 7.260399495434e-05
1.434564368722e-03 1.249852031920e-03 4.013362938013e-05
4.339184083861e-04 9.497183864693e-04 2.259393357827e-05
4.771558699001e-04 9.961611215468e-04 4.086003177970e-05
1.646404140699e-03 1.030581101995e-03 3.517846763582e-05
3.033098216762e-04 9.587500181819e-04 2.149551806777e-05
7.472694981838e-05 9.395556535629e-04 3.761865713441e-05
1.833275498845e-03 1.029171130759e-03 3.280089400548e-05
1.548248792166e-03 1.314808143984e-03 9.080021964634e-05
3.317014416719e-04 1.045654740992e-03 6.938844723225e-05
1.205605428439e-03 1.232010228569e-03 6.835306352704e-05
4.671395432041e-04 1.124247536656e-03 8.720116569595e-05
1.368906406561e-03 1.284400805711e-03 3.405941768792e-05
1.386012823825e-03 1.417364293229e-03 1.000000000000e-04
1.708242383682e-03 1.114125850721e-03 6.727380125489e-05
1.297628775382e-03 1.280612337509e-03 3.558665785797e-05
2.473197150153e-05 9.749113551911e-04 2.078216138931e-05
1.684179513932e-03 1.437491080343e-03 9.230811879998e-05
1.134667763578e-03 1.312900922541e-03 3.923634095106e-05
1.519719589512e-03 1.441970110044e-03 3.595055282171e-05
1.916148388975e-03 1.015900486245e-03 4.499379021998e-05
8.016045850657e-04 1.298213541040e-03 4.436294096088e-05
8.473850553963e-06 1.043565558357e-03 4.977084073717e-05
2.008473850554e-03 1.043565558357e-03 4.977084073717e-05
7.204917445959e-04 1.401516238378e-03 8.446916187283e-05
1.197602440225e-03 1.328962774783e-03 2.560932256034e-05
1.037229157400e-03 1.352702595342e-03 4.697119654833e-05
1.489312977249e-03 1.515614651126e-03 4.256247195229e-05
2.626552712676e-04 1.147426393565e-03 5.187428728589e-05
9.834041860682e-04 1.436195241791e-03 5.029548721862e-05
8.512811561433e-04 1.432771790567e-03 4.936253824467e-05
7.100927780334e-05 1.126580150969e-03 5.278262194289e-05
1.957287086387e-03 1.086330749247e-03 1.692958188350e-05
1.570664826105e-03 1.495376109169e-03 3.511355716011e-05
1.411214605007e-03 1.588671813111e-03 6.437997114726e-05
5.765302623405e-04 1.420718761143e-03 6.076735300445e-05
1.259289592924e-03 1.344426029343e-03 3.798640881973e-05
1.974842659902e-04 1.174647902065e-03 1.875340171699e-05
1.469526949437e-04 1.146812404615e-03 2.580965945021e-05
9.167675510437e-04 1.465837827020e-03 2.263683748372e-05
1.790997745163e-03 1.056871471655e-03 1.774331775071e-05
1.098248765484e-03 1.352691903214e-03 1.404841248084e-05
7.959818147053e-04 1.511613385441e-03 4.693914529905e-05
1.509868579142e-03 1.630787479049e-03 4.288761916394e-05
9.515210545776e-04 1.532171179789e-03 5.083422756863e-05
1.455751961980e-03 1.656431509275e-03 1.669962242985e-05
2.221652575599e-04 1.207644265952e-03 2.069039671972e-05
1.053582987260e-03 1.532159700133e-03 5.122770575982e-05
1.158696007739e-03 1.587460354728e-03 6.754480567551e-05
1.823475002973e-03 1.091630043709e-03 2.982695244062e-05
1.779563931666e-03 1.508549042995e-03 2.663607320687e-05
1.290097191393e-03 1.609436255330e-03 5.850448654783e-05
2.662105229498e-04 1.231356061879e-03 2.933194498248e-05
6.664140558434e-04 1.580919289020e-03 1.000000000000e-04
1.837425223409e-03 1.565637804904e-03 5.464900469463e-05
5.409692879774e-04 1.642251891510e-03 3.963551814096e-05
1.557228293149e-03 1.672581365001e-03 2.027622662131e-05
5.952982758235e-04 1.746044526367e-03 7.751630631897e-05
3.579683229918e-04 1.225528159853e-03 6.171532082501e-05
1.218326103399e-03 1.677294532418e-03 4.026714320073e-05
1.048105729871e-03 1.637762221039e-03 5.394435338914e-05
4.709443636233e-04 1.306265803069e-03 7.714487069480e-05
2.068858551655e-04 1.266337024239e-03 3.953810609432e-05
2.855907309812e-04 1.296638903729e-03 3.876682081639e-05
7.264433192777e-04 1.865681546490e-03 1.000000000000e-04
9.525315280229e-04 1.689609625622e-03 5.478230972155e-05
1.896286959636e-03 1.624959610432e-03 2.892119708727e-05
1.152711468632e-03 1.732743966085e-03 4.563931750774e-05
2.192995864453e-04 1.359190621600e-03 5.237720396029e-05
9.255113616614e-04 1.886686401147e-03 1.000000000000e-04
1.766857389532e-03 1.636328920935e-03 4.521140495283e-05
1.024240705032e-03 1.704765014372e-03 1.718168772870e-05
3.456612380557e-04 1.309349818003e-03 2.263377496147e-05
6.015645569664e-04 -4.370155698455e-05 5.425685335211e-05
6.015645569664e-04 1.956298443015e-03 5.425685335211e-05
1.362240956697e-03 1.700036172423e-03 5.706895937564e-05
1.480564687375e-03 1.702146790264e-03 3.422109396955e-05
1.943766330866e-03 1.647915780275e-03 2.381764138315e-05
3.587225745036e-04 1.407874917917e-03 7.424252036993e-05
1.250081603678e-03 1.768437166573e-03 5.604931236595e-05
1.335954662891e-03 1.824376295099e-03 4.643663007927e-05
4.171911238177e-04 1.643098731123e-03 8.414554289331e-05
1.642096215406e-03 1.672386274003e-03 6.459191987078e-05
1.190599042813e-04 1.186971740977e-03 2.308594431903e-05
1.418603269492e-03 1.863558733620e-03 4.502951481400e-05
-9.646374463791e-07 1.693337045149e-03 4.772172432279e-05
1.999035362554e-03 1.693337045149e-03 4.772172432279e-05
1.065965654229e-03 1.747149508212e-03 4.229449829406e-05
2.528015352902e-04 1.444452679374e-03 3.781638905392e-05
1.538642148334e-03 1.715033018770e-03 2.526879033418e-05
1.162479502379e-03 1.820833992692e-03 4.299062817622e-05
2.988709000098e-04 1.508153443647e-03 4.079769196633e-05
2.562600824205e-04 1.690337421378e-03 8.357533819111e-05
9.790272396463e-05 1.760568313974e-03 7.183977724139e-05
1.587130797399e-03 1.758641155325e-03 3.756306977508e-05
1.284443214288e-03 1.871179146184e-03 2.316176219234e-05
1.222874997727e-03 1.875476678212e-03 3.845529830252e-05
1.114660178689e-03 -6.461421509162e-05 8.114156272832e-05
1.114660178689e-03 1.935385784908e-03 8.114156272832e-05
1.256504599017e-03 -3.398710273474e-05 5.812501565582e-05
1.256504599017e-03 1.966012897265e-03 5.812501565582e-05
1.498498399968e-05 1.821610870160e-03 2.682369107039e-05
2.014984984000e-03 1.821610870160e-03 2.682369107039e-05
1.969732863775e-04 1.787939074614e-03 3.062188989283e-05
1.508235077428e-03 1.758068605094e-03 2.742515287908e-05
6.003966612673e-05 1.863943455587e-03 3.499842387313e-05
1.729540898446e-03 1.697486378369e-03 2.637358467458e-05
-1.438745903528e-05 1.907000855575e-03 5.098609852099e-05
1.985612540965e-03 1.907000855575e-03 5.098609852099e-05
1.671867275555e-03 1.783806624221e-03 5.073721983521e-05
1.633567900047e-04 1.855974966242e-03 4.386136451795e-05
1.088505181334e-04 1.888980229271e-03 1.985905157348e-05
1.863717255812e-03 1.904996863868e-03 7.092566280469e-05
3.420553280503e-04 1.748544124664e-03 1.981759268010e-05
2.958115626056e-04 1.893924654064e-03 9.392287773054e-05
8.000490848382e-05 1.934282062542e-03 3.384690021219e-05
1.604408059599e-03 1.839102599509e-03 3.648886972789e-05
1.732104548979e-03 1.879505032093e-03 6.234113520644e-05
1.674038366671e-03 1.939511717585e-03 1.899379584911e-05
1.714159378891e-03 -2.949028187746e-05 3.041597777600e-05
1.714159378891e-03 1.970509718123e-03 3.041597777600e-05
1.541086091209e-03 1.895697209527e-03 4.843828472770e-05
1.619871500849e-03 1.904288443071e-03 2.944025311688e-05
1.595061698621e-03 1.957869882306e-03 2.960030664807e-05
1.523175554562e-03 -1.849973170027e-05 3.921416656605e-05
1.523175554562e-03 1.981500268300e-03 3.921416656605e-05
-2.929687500000e-05 1.353515625000e-03 5.531656176513e-05
1.970703125000e-03 1.353515625000e-03 5.531656176513e-05
7.363281250000e-04 8.261718750000e-04 5.412941448908e-05
8.398437500000e-05 1.517578125000e-03 2.795188310536e-05
1.564453125000e-03 8.613281250000e-04 6.184340500472e-05
6.542968750000e-04 9.941406250000e-04 5.487384184146e-05
1.490234375000e-03 6.894531250000e-04 3.777603931657e-05
1.818359375000e-03 1.267578125000e-03 2.748159751216e-05
1.005859375000e-03 4.707031250000e-04 5.310051281468e-05
1.490234375000e-03 1.855468750000e-04 7.403960821288e-05
1.931640625000e-03 1.201171875000e-03 5.801210966153e-05
9.160156250000e-04 5.878906250000e-04 6.838102347193e-05
1.857421875000e-03 1.740234375000e-03 6.989231247360e-05
4.824218750000e-04 1.873046875000e-03 5.304879416311e-05
6.386718750000e-04 7.207031250000e-04 3.418824062438e-05
8.496093750000e-04 7.324218750000e-04 3.760191553524e-05
1.162109375000e-03 1.064453125000e-03 3.253362749150e-05
1.966796875000e-03 1.501953125000e-03 2.846595297457e-05
1.269531250000e-04 5.527343750000e-04 5.029451055351e-05
