Lx=1.500000e-03
Ly=1.500000e-03
Lz=1.963827e-04
