# 2D packing, generated 2026-10-01T15:39:56.471150+00:00
# generator = preprocess/generate_packing_gravity.py
# periodic axes = xy
# porosity_achieved = 0.274770  (target 0.275000)
# 345 distinct grains; 381 rows including 36 periodic edge images.
# Centres span [-R, L+R]: a grain need only be PARTLY inside.
# Do NOT drop the out-of-box rows -- they carry the conduction
# paths that cross the domain edge, and k_eff depends on them.
# header row is 'Lx Ly'; grain rows are 'x y r', all in metres
2.000000000000e-03 2.000000000000e-03
1.204191192341e-03 2.430499178183e-05 3.821516135565e-05
1.204191192341e-03 2.024304991782e-03 3.821516135565e-05
4.482451682417e-04 3.172732790082e-05 4.909889938060e-05
4.482451682417e-04 2.031727327901e-03 4.909889938060e-05
1.077274045389e-03 8.551453046269e-05 8.409303121366e-05
1.222346080024e-03 1.279522592820e-04 6.701010312364e-05
1.874312857751e-03 3.396921308151e-05 3.800894440620e-05
1.874312857751e-03 2.033969213082e-03 3.800894440620e-05
7.783257981029e-04 2.318284544267e-05 1.000000000000e-04
7.783257981029e-04 2.023182845443e-03 1.000000000000e-04
5.245391677595e-04 5.574506909333e-05 3.088632344491e-05
1.802123834563e-05 5.095777684128e-05 4.503329195322e-05
2.018021238346e-03 5.095777684128e-05 4.503329195322e-05
8.663772549748e-05 9.147675018012e-05 3.465367213142e-05
6.197888230217e-04 7.089269148894e-05 6.556034793230e-05
-6.435000835941e-05 1.248281417098e-04 6.560964209080e-05
1.935649991641e-03 1.248281417098e-04 6.560964209080e-05
4.831867273853e-04 1.158933848066e-04 4.203199999732e-05
2.512822396384e-04 1.588882968487e-05 4.509560760502e-05
2.512822396384e-04 2.015888829685e-03 4.509560760502e-05
9.212201098278e-04 1.292976436874e-04 7.798662360261e-05
3.800643917393e-04 3.191512031874e-05 1.908214765695e-05
1.457291077367e-04 7.823072544740e-05 2.590414697285e-05
2.289342356382e-05 1.190466662219e-04 2.182474453885e-05
1.739019052310e-03 3.494192836069e-05 5.296531044940e-05
1.739019052310e-03 2.034941928361e-03 5.296531044940e-05
1.281805641067e-03 6.510628326183e-05 1.950507431580e-05
7.007984132021e-04 1.341617636531e-04 3.514679047251e-05
1.328539625550e-03 8.000505172698e-05 2.954631310007e-05
7.805134872830e-04 1.684296139061e-04 4.302125330956e-05
1.398959374651e-03 7.975981901663e-05 4.087386300467e-05
1.653012738166e-03 9.627862228101e-07 3.950996091124e-05
1.653012738166e-03 2.000962786223e-03 3.950996091124e-05
8.416157967494e-04 1.889488910333e-04 2.143441435320e-05
7.193865058948e-04 1.869979320362e-04 2.086372629612e-05
1.036380829031e-03 2.650074241916e-04 1.000000000000e-04
9.057331784560e-04 2.512269587642e-04 2.421269385422e-05
1.575575052830e-03 6.932463229231e-05 6.378544707409e-05
5.558484339738e-04 1.802076774512e-04 5.500436196716e-05
1.941014358828e-05 1.789272626193e-04 3.402603084273e-05
2.019410143588e-03 1.789272626193e-04 3.402603084273e-05
6.420466988115e-04 1.670634642525e-04 3.219031867944e-05
3.825775861428e-04 9.297608830456e-05 4.069889452992e-05
9.012000072536e-04 3.313828848687e-04 5.059743837862e-05
1.812511526547e-03 1.177252356274e-04 5.773353280907e-05
1.863090044075e-03 1.976013439569e-04 3.680955298695e-05
1.482233853064e-03 1.868778628107e-04 8.631903818331e-05
1.377130011659e-03 1.674762656600e-04 2.056052106227e-05
1.317124798806e-03 1.379215193379e-04 2.827152093122e-05
7.535399921647e-04 2.399422447852e-04 3.273143951835e-05
1.365929727840e-03 2.676919948354e-04 5.530575165802e-05
4.094137902971e-04 2.100402659955e-04 7.757603642755e-05
1.282431796133e-03 2.184592450804e-04 4.162602516196e-05
6.759301095238e-04 2.360568654662e-04 4.467433870032e-05
3.092296376895e-04 7.444891745726e-05 3.462901417748e-05
1.639330340698e-03 1.390310277878e-04 3.068002790963e-05
1.138883204222e-03 1.737634520099e-04 2.315913734182e-05
5.904960010520e-04 2.802224414204e-04 5.084180587292e-05
2.239079146971e-04 1.175691115709e-04 6.020507331709e-05
1.207069301559e-03 2.315589122971e-04 3.486650521957e-05
1.458513120389e-03 3.082348786459e-04 3.733452064688e-05
3.135633226098e-04 1.426198897560e-04 3.288431200592e-05
1.156984929405e-03 2.559796046587e-04 2.085435864225e-05
1.712133875965e-03 1.271538543277e-04 4.308599153682e-05
9.711556122951e-04 3.732008841644e-04 2.633352443871e-05
6.624279847766e-04 3.044829991901e-04 2.507123091150e-05
1.563068226569e-03 3.069055805366e-04 5.839049845435e-05
1.387131272807e-04 1.319202511425e-04 2.618693454984e-05
1.743949734492e-03 1.928500504514e-04 2.990879667822e-05
7.925726818260e-04 3.298008925592e-04 5.804148257658e-05
-4.839121218629e-05 2.513308002326e-04 6.189572146773e-05
1.951608787814e-03 2.513308002326e-04 6.189572146773e-05
9.079591272979e-05 1.505155926478e-04 2.453142814418e-05
1.068835309539e-03 4.590505761907e-04 9.673943186689e-05
1.853926309457e-03 2.692941934167e-04 3.546671070568e-05
1.279149369979e-03 2.978068082232e-04 3.655139488654e-05
1.192756426006e-03 3.257515591138e-04 5.424866767086e-05
7.064188048045e-04 3.346091730293e-04 2.824652050917e-05
1.398489795026e-03 3.578123167340e-04 4.051612400095e-05
1.894105060661e-03 3.220909683339e-04 2.928376524998e-05
1.678151743031e-03 2.947920524757e-04 5.732878937361e-05
8.503451189079e-04 4.120493537506e-04 4.212310409220e-05
8.947588016716e-04 5.507216258112e-04 1.000000000000e-04
1.822939675543e-03 3.436312288986e-04 4.507023511066e-05
1.301443532915e-03 3.807814122578e-04 4.936609284800e-05
1.395459408676e-03 4.451273727332e-04 4.685150870871e-05
1.579582885829e-04 2.074318094576e-04 5.126087521952e-05
6.287365749983e-04 3.696824961598e-04 4.644388627397e-05
1.193630612518e-03 4.147343972142e-04 3.473846567909e-05
2.657876936526e-04 2.268905402698e-04 5.686209229025e-05
7.673883798268e-04 5.501358587556e-04 2.737184053215e-05
7.494850548241e-04 6.787508548242e-04 9.363908657359e-05
1.316842737449e-03 4.623320230629e-04 3.362569989174e-05
1.040889300595e-03 6.031490950568e-04 5.004418134113e-05
1.721863198195e-03 4.476927672814e-04 1.000000000000e-04
1.891844127965e-03 3.859690678350e-04 3.463435102363e-05
5.013766503552e-04 3.764812746666e-04 8.033755922018e-05
4.783988591187e-05 2.416328098381e-04 3.482285658075e-05
8.682800648381e-04 6.744767787571e-04 2.343552020622e-05
9.216231854891e-04 6.802681816810e-04 3.022107697450e-05
1.231421477879e-03 5.593891795453e-04 9.431649737973e-05
5.913681025734e-04 4.347402623696e-04 2.684678837852e-05
1.355143474572e-03 5.489776765311e-04 2.984344022568e-05
9.998380501150e-04 6.933785804023e-04 4.908498891113e-05
8.771288252793e-04 7.674683384172e-04 6.178245642479e-05
1.122205043289e-03 5.571332780625e-04 1.492326392501e-05
1.892241193464e-04 2.963680208386e-04 4.301108204558e-05
-1.657424814444e-05 3.824779216620e-04 5.691242728819e-05
1.983425751856e-03 3.824779216620e-04 5.691242728819e-05
1.125960033937e-03 6.667094119990e-04 5.614885946334e-05
3.894552958868e-04 3.759989442228e-04 3.158483851714e-05
1.875252557412e-03 4.788630239382e-04 5.652448442551e-05
1.344577907113e-03 6.063403783909e-04 2.819401255994e-05
-2.590707516703e-05 4.827889254918e-04 4.239387456634e-05
1.974092924833e-03 4.827889254918e-04 4.239387456634e-05
1.001163057889e-04 3.038050739097e-04 4.640655137716e-05
4.081377591094e-04 4.409605616851e-04 3.302500355194e-05
1.805931364990e-03 6.210005881164e-04 9.262155020225e-05
4.614293416357e-04 5.013409033329e-04 4.744785435502e-05
2.554158917808e-04 3.082914991471e-04 2.424603960393e-05
7.880290909032e-04 7.948073202216e-04 2.865061705294e-05
1.480497249309e-03 3.880670062326e-04 4.546929345047e-05
1.550344249306e-03 3.886927439540e-04 2.438051091020e-05
-4.210930193722e-05 6.181474313847e-04 5.931378345974e-05
1.957890698063e-03 6.181474313847e-04 5.931378345974e-05
1.451954512460e-03 5.530595705154e-04 6.705423687812e-05
1.073620864774e-03 7.571852130220e-04 4.837522854441e-05
1.596804642124e-03 4.146415809377e-04 2.883518553627e-05
9.931206668369e-04 7.766340590512e-04 3.444110474634e-05
8.218741022835e-04 8.809153001821e-04 6.387009695097e-05
1.402376211542e-03 6.720605158456e-04 5.932625410256e-05
9.223954426199e-05 6.182436550632e-04 7.503509736717e-05
1.582153924514e-03 5.344699033348e-04 6.446617634076e-05
1.668415391876e-03 5.644403006074e-04 2.685346274729e-05
1.304904533233e-03 6.692469083135e-04 3.785197865714e-05
2.275001621962e-04 3.527941579973e-04 2.517223339027e-05
1.165790943631e-03 7.572632173552e-04 4.277790464118e-05
2.770918117228e-04 3.525860976519e-04 2.441985282247e-05
1.126769356429e-03 8.532894782861e-04 6.087407508845e-05
3.197700436025e-04 4.027187834534e-04 4.141872004321e-05
1.624983446357e-03 6.929805545107e-04 9.972896286598e-05
6.419206003873e-04 4.386065864228e-04 2.372981780421e-05
1.763334403253e-03 7.643898755960e-04 5.596397593357e-05
6.270861811640e-04 6.745339130405e-04 2.883244059868e-05
1.637688224072e-05 7.298418706540e-04 5.978895826586e-05
2.016376882241e-03 7.298418706540e-04 5.978895826586e-05
9.492765141542e-04 8.290964823089e-04 3.310335895795e-05
5.499925304840e-04 4.822426728658e-04 3.606251874707e-05
1.020699850602e-03 8.620530465656e-04 4.555685629171e-05
1.676663962132e-03 8.482706449207e-04 6.393505392323e-05
5.394712563333e-04 5.839016865641e-04 6.613950014961e-05
1.908222583914e-03 7.008009398906e-04 3.711507194659e-05
1.247509909174e-03 8.530751575661e-04 5.978149483366e-05
1.920928459297e-03 7.881162594777e-04 5.111986858177e-05
6.469517467384e-04 7.174039785870e-04 1.593825975196e-05
1.480831514438e-03 7.622202332399e-04 6.018953978334e-05
1.828494590149e-03 9.100942037533e-04 1.000000000000e-04
5.931177970767e-04 7.401457314576e-04 4.250232899093e-05
9.264360264149e-04 9.013442011304e-04 4.266880529162e-05
9.977234273327e-04 9.407856075298e-04 3.645980486568e-05
1.985524964900e-03 7.951379308975e-04 1.242888085242e-05
1.771949150731e-04 3.654306951571e-04 2.668807489128e-05
8.773888303258e-04 9.653495905661e-04 3.717959993907e-05
1.326269410933e-03 8.530751575661e-04 1.897800692580e-05
3.506765764009e-04 4.624672532486e-04 2.585009459143e-05
1.060577105858e-03 9.407559917259e-04 2.638521760239e-05
1.429645434978e-03 9.140117356783e-04 1.000000000000e-04
5.302861782218e-04 7.382297627809e-04 2.035855695143e-05
-9.567771439763e-06 9.232441178135e-04 6.247068584237e-05
1.990432228560e-03 9.232441178135e-04 6.247068584237e-05
1.683717516718e-03 9.752179444663e-04 5.874746308048e-05
-6.444876912514e-05 1.057910992161e-03 8.249462888535e-05
1.935551230875e-03 1.057910992161e-03 8.249462888535e-05
1.184796606588e-03 9.495191318931e-04 5.149723319251e-05
6.893075816846e-05 1.056901072871e-03 5.084412397235e-05
1.097237088592e-03 1.005882399323e-03 4.835033819598e-05
1.282261302053e-03 9.532821895452e-04 4.604008431697e-05
1.766644078877e-03 1.027055927748e-03 3.210405667318e-05
1.485366312425e-04 1.057911991683e-03 2.876816836366e-05
2.876884474142e-04 4.766071411733e-04 3.870562416317e-05
1.337208897798e-03 1.004865926402e-03 2.932648942884e-05
6.610766419538e-04 7.604677062830e-04 2.675071433661e-05
1.285086589773e-03 1.030535766202e-03 2.876685686288e-05
1.336734750923e-03 1.075960454187e-03 4.001493454066e-05
1.578176049412e-03 9.121905073552e-04 4.725048220350e-05
1.797123048638e-03 1.135911825453e-03 7.639681644124e-05
2.246841070803e-04 1.057910986467e-03 4.737930803262e-05
3.880836412095e-04 4.947584031129e-04 2.356657122730e-05
1.170716966985e-03 1.031004294771e-03 2.930532585776e-05
1.264459875555e-03 1.089704293192e-03 3.355510501447e-05
5.384639873026e-04 7.955584824867e-04 3.532839620862e-05
1.135140703441e-03 1.058735880566e-03 1.580244928653e-05
1.562466170354e-03 1.039091565087e-03 7.829898621676e-05
1.900227726198e-03 1.168470795084e-03 3.172654383864e-05
1.449107942182e-03 1.048015723151e-03 3.540998184190e-05
4.435577121592e-05 1.190488949870e-03 8.498537235586e-05
2.044355771216e-03 1.190488949870e-03 8.498537235586e-05
1.185620371459e-03 1.108996298324e-03 4.761045953134e-05
1.691823216432e-04 1.129220157014e-03 4.296244968061e-05
1.461267319942e-03 1.167825605208e-03 8.456498855578e-05
1.673925254581e-03 1.070885398516e-03 3.672164347618e-05
1.098006759799e-03 1.108996298324e-03 4.000315212910e-05
2.289045414507e-04 1.129220157068e-03 1.675977012689e-05
1.312722292351e-03 1.181873338816e-03 6.464280078579e-05
1.916524995068e-03 1.263162228159e-03 6.205923375215e-05
3.006235073384e-04 1.057910989800e-03 2.856009263367e-05
6.944996473194e-04 8.803122364854e-04 6.349557151744e-05
7.567311204441e-04 9.564190846814e-04 3.481356666648e-05
7.647023685376e-06 1.310321266615e-03 3.920973781651e-05
2.007647023685e-03 1.310321266615e-03 3.920973781651e-05
9.584146864671e-04 1.119719318223e-03 1.000000000000e-04
1.797490820065e-03 1.270503512177e-03 5.720112671168e-05
4.042108331926e-04 5.401049250888e-04 2.166514797557e-05
1.385177879294e-03 1.284651068744e-03 5.485449355888e-05
1.943821880539e-03 1.355233153257e-03 3.397292741335e-05
8.368000668566e-06 1.393371908128e-03 4.099884376625e-05
2.008368000669e-03 1.393371908128e-03 4.099884376625e-05
5.977223883775e-04 8.803122368966e-04 3.328168742453e-05
8.111660245419e-04 1.017828212361e-03 4.724884705899e-05
1.607702726464e-03 1.171818244484e-03 6.192484092937e-05
1.944100352310e-04 1.250019367689e-03 7.644620562382e-05
1.701018918236e-03 1.188405004362e-03 3.204046559110e-05
1.226503333539e-03 1.165243162171e-03 2.192461277791e-05
1.910085234291e-03 1.466912920711e-03 8.145924273988e-05
4.356396377456e-04 5.908303934444e-04 3.792303889313e-05
4.657612355539e-04 6.609719320304e-04 3.841187790229e-05
5.354103140020e-04 8.803122368965e-04 2.903038695094e-05
5.574330971564e-04 9.735834108935e-04 6.680489344565e-05
1.489490820240e-03 1.302278369979e-03 5.084801546380e-05
1.651109802108e-03 1.327816547334e-03 1.000000000000e-04
8.300514181588e-04 1.091044070581e-03 2.836345344210e-05
6.756382656477e-04 1.002757640940e-03 5.494730389333e-05
1.047821487933e-04 1.353328510373e-03 6.032345171694e-05
1.430467201284e-03 1.371614289354e-03 4.020832684421e-05
7.404028246314e-04 1.074254129756e-03 4.152132320054e-05
4.812478405107e-04 9.735834109592e-04 9.380363200090e-06
7.970091718061e-04 1.196561026149e-03 7.876349806380e-05
1.509770412814e-03 1.398328898656e-03 4.347363069457e-05
1.084774858581e-03 1.197535707053e-03 4.839906828292e-05
1.186473495987e-03 1.240705429801e-03 6.208277553005e-05
3.990126207023e-04 1.057899296274e-03 6.982902166869e-05
6.054987353222e-04 1.060309123243e-03 3.234980767716e-05
5.302209869886e-04 1.083688467743e-03 4.647489113885e-05
1.445643188809e-03 1.448117697289e-03 3.765465324144e-05
1.796175594607e-03 1.383995009973e-03 5.323261770499e-05
2.043544434558e-04 1.371563526458e-03 3.943413364251e-05
1.642675013354e-04 1.438728634478e-03 3.878424594358e-05
1.725639138267e-03 1.462341417061e-03 4.790088035624e-05
1.275447595819e-03 1.267179865234e-03 2.845180982652e-05
4.665884918712e-04 1.121082440508e-03 2.268372392047e-05
1.801083944073e-03 1.465292238089e-03 2.750764694600e-05
2.360505297539e-04 1.438954762048e-03 3.299914845398e-05
3.073214517279e-04 1.148167749506e-03 5.880710979248e-05
4.256497288242e-04 1.225002006414e-03 8.225273427238e-05
1.306795861657e-03 1.318409659396e-03 3.048824575688e-05
8.932862070929e-04 1.221811420265e-03 2.076959844726e-05
8.303826963509e-05 1.455528544623e-03 4.416409357756e-05
6.124446779628e-04 1.161426427330e-03 6.667954190820e-05
1.511918503805e-03 1.480163590463e-03 3.596162927498e-05
1.000147688564e-03 1.319439462378e-03 1.000000000000e-04
8.081592592667e-04 1.375996945806e-03 1.000000000000e-04
1.137413999155e-03 1.328405813962e-03 3.719775829730e-05
5.751022680434e-04 1.321316032119e-03 9.554617773017e-05
1.370217282153e-03 1.367926771253e-03 2.015433575892e-05
3.397300455690e-05 1.567624564501e-03 7.819981576949e-05
2.033973004557e-03 1.567624564501e-03 7.819981576949e-05
3.140165858951e-04 1.305650942214e-03 5.546512849482e-05
1.909462818362e-03 1.595736702543e-03 4.641274377431e-05
1.779701233369e-03 1.517385446047e-03 2.880330041707e-05
1.810685561430e-03 1.584455939645e-03 4.507822839946e-05
-3.484851965235e-05 1.689477910325e-03 6.174535867662e-05
1.965151480348e-03 1.689477910325e-03 6.174535867662e-05
2.111795730651e-04 1.521791961194e-03 5.313344634425e-05
1.345455253694e-03 1.446828313032e-03 6.254158440890e-05
1.242474166017e-03 1.309901745525e-03 2.551490352427e-05
1.848674847743e-03 1.677425275555e-03 5.535326417255e-05
6.091385369016e-05 1.684547920945e-03 3.409295197042e-05
4.496072201112e-04 1.336652921352e-03 3.085642183018e-05
3.640163255987e-04 1.448342153179e-03 9.531051665030e-05
1.415574693463e-03 1.521171917650e-03 3.962352006982e-05
1.385429516398e-04 1.489089464648e-03 1.706068571254e-05
9.369657068217e-04 1.456215782317e-03 5.062366944166e-05
6.731156231052e-04 1.422912252756e-03 4.296094201059e-05
4.736239142093e-04 1.390034784005e-03 2.699158872838e-05
1.237598993039e-03 1.449769129743e-03 4.535477523449e-05
1.340291947704e-03 1.550330879316e-03 4.108973268766e-05
1.276745646151e-03 1.514296293862e-03 2.828911276670e-05
5.085430132781e-05 1.784138586943e-03 6.594815921258e-05
2.050854301328e-03 1.784138586943e-03 6.594815921258e-05
1.703362312501e-04 1.649313454818e-03 8.075931533685e-05
6.186361948051e-04 1.418348493867e-03 1.080466351390e-05
3.118226762580e-04 1.659444287404e-03 6.108936505413e-05
1.175735456895e-03 1.451984715048e-03 1.635943411607e-05
1.495997292958e-03 1.568375199305e-03 5.362853332567e-05
5.132043383929e-04 1.414581518543e-03 1.638080513508e-05
1.600869269228e-03 1.471913336187e-03 5.260410140660e-05
1.114596303268e-03 1.396315618089e-03 3.444296522469e-05
1.424666810440e-03 1.585206087452e-03 1.966073517632e-05
1.675968885255e-03 1.522413837011e-03 3.004672815730e-05
4.903726266178e-04 1.461430340329e-03 3.172182961949e-05
5.865792958507e-04 1.498668334164e-03 7.144014125235e-05
1.061969931448e-03 1.447986036391e-03 3.930916920038e-05
1.160721225852e-03 1.573129619365e-03 1.000000000000e-04
2.504440480082e-04 1.742434700525e-03 4.207727970430e-05
1.367602985903e-03 1.669514743625e-03 8.118333117480e-05
3.343939334572e-04 1.764022492975e-03 4.389577839571e-05
8.664333164457e-04 1.487527850230e-03 2.583728773844e-05
1.725682323677e-03 1.531096441786e-03 2.041923646632e-05
7.227043408982e-04 1.480185627672e-03 3.276246089714e-05
1.485292291214e-03 1.670947981527e-03 3.651481839632e-05
9.013388592371e-04 1.532824592183e-03 3.134841696327e-05
1.889219062639e-03 1.789508030344e-03 6.382576659118e-05
1.008086965644e-03 1.485206245030e-03 2.617924286457e-05
2.740215146047e-04 1.810960470343e-03 3.039118354159e-05
1.740573790475e-03 1.678822579301e-03 5.275688264059e-05
4.636414577992e-04 1.598892868888e-03 8.521838739062e-05
1.601052243210e-03 1.566223232464e-03 4.170603866127e-05
1.557353384129e-03 1.612527374867e-03 2.196238294200e-05
9.890195408011e-04 1.575611744531e-03 6.621529783513e-05
-2.833833714047e-05 1.852071463735e-03 3.838951830116e-05
1.971661662860e-03 1.852071463735e-03 3.838951830116e-05
1.624930956405e-03 1.652338069465e-03 4.765820807582e-05
1.048639515863e-03 1.683849933006e-03 5.735709819348e-05
6.845550514655e-04 1.537957773394e-03 3.411983774710e-05
8.946911415657e-04 1.716424854330e-03 1.000000000000e-04
3.563447802776e-04 -8.568129336291e-05 1.000000000000e-04
3.563447802776e-04 1.914318706637e-03 1.000000000000e-04
7.300557958220e-04 1.722435228632e-03 6.474506764917e-05
1.025473665949e-03 1.777573407961e-03 3.869938198131e-05
1.255514846111e-03 1.664151440414e-03 3.092846579459e-05
9.670231854774e-04 1.889182687977e-03 8.728907055366e-05
1.195695291780e-03 1.699207502325e-03 3.083898006425e-05
1.664582159420e-03 1.727985878994e-03 3.775151027841e-05
1.133608601560e-03 1.777773952925e-03 6.929829152823e-05
1.460941936299e-03 1.730644354423e-03 2.772792197290e-05
1.603117769337e-04 -9.608487822129e-05 9.630898191724e-05
1.603117769337e-04 1.903915121779e-03 9.630898191724e-05
1.543964825637e-03 1.656422363622e-03 2.392909602872e-05
3.333905088142e-05 1.892644695287e-03 3.116296297924e-05
5.182976073032e-05 -2.665943121849e-05 3.248642091467e-05
5.182976073032e-05 1.973340568782e-03 3.248642091467e-05
8.376091887615e-04 1.877344202416e-03 4.011655643678e-05
1.261302918194e-03 1.742795463531e-03 4.792827948450e-05
1.217535004099e-03 1.788428913872e-03 1.530198035412e-05
5.462687716971e-04 1.851638200392e-03 1.000000000000e-04
1.884644814225e-03 1.883419120529e-03 3.019665950131e-05
7.502879676580e-04 1.880498604503e-03 4.541295074071e-05
8.823615635661e-04 1.958822504890e-03 2.233435956935e-05
1.557920738950e-03 1.750604996133e-03 7.128194314629e-05
1.067032668785e-03 1.850409442418e-03 1.964438734439e-05
8.525659427260e-04 1.932408566227e-03 1.694296205996e-05
6.690743555703e-04 1.928242886367e-03 4.473949281764e-05
-4.909289890253e-05 -4.196246947413e-05 6.958993418321e-05
-4.909289890253e-05 1.958037530526e-03 6.958993418321e-05
1.950907101097e-03 -4.196246947413e-05 6.958993418321e-05
1.950907101097e-03 1.958037530526e-03 6.958993418321e-05
1.332225522159e-03 1.774789728742e-03 2.987695666406e-05
1.696722744516e-03 1.853135958989e-03 9.145988107895e-05
1.131323494697e-03 -7.123315961550e-05 8.171241569783e-05
1.131323494697e-03 1.928766840384e-03 8.171241569783e-05
1.818102174376e-03 -5.054609579251e-05 6.349219871770e-05
1.818102174376e-03 1.949453904207e-03 6.349219871770e-05
9.646238951757e-05 1.430146586539e-06 2.024970029312e-05
9.646238951757e-05 2.001430146587e-03 2.024970029312e-05
1.310384754602e-03 1.821439275553e-03 2.163229694669e-05
1.242277611278e-03 1.852196766643e-03 5.309801812571e-05
1.414004468890e-03 1.799406208042e-03 5.552662115532e-05
1.342454212865e-03 -6.918745850818e-05 7.424335535098e-05
1.342454212865e-03 1.930812541492e-03 7.424335535098e-05
1.020142831310e-03 -8.183168080018e-06 2.470443507659e-05
1.020142831310e-03 1.991816831920e-03 2.470443507659e-05
1.516125740397e-03 -8.329065524986e-05 1.000000000000e-04
1.516125740397e-03 1.916709344750e-03 1.000000000000e-04
1.418508413811e-03 1.977364938121e-03 1.492713823737e-05
1.240571695471e-03 1.935748888445e-03 2.775877242731e-05
2.871093750000e-04 8.144531250000e-04 5.424736732287e-05
2.871093750000e-04 6.425781250000e-04 5.140423710833e-05
1.621093750000e-04 9.160156250000e-04 8.542109379644e-05
4.121093750000e-04 8.925781250000e-04 3.490088444240e-05
1.074218750000e-04 4.550781250000e-04 4.054708987742e-05
4.199218750000e-04 7.753906250000e-04 7.250684201338e-05
