# 2D packing, generated 2026-09-28T18:44:33.822676+00:00
# generator = preprocess/generate_packing_gravity.py
# periodic axes = xy
# porosity_achieved = 0.349770  (target 0.350000)
# 294 distinct grains; 322 rows including 28 periodic edge images.
# Centres span [-R, L+R]: a grain need only be PARTLY inside.
# Do NOT drop the out-of-box rows -- they carry the conduction
# paths that cross the domain edge, and k_eff depends on them.
# header row is 'Lx Ly'; grain rows are 'x y r', all in metres
2.000000000000e-03 2.000000000000e-03
7.881874552241e-04 2.678124271110e-05 5.913245202110e-05
7.881874552241e-04 2.026781242711e-03 5.913245202110e-05
5.516234087709e-04 2.954235813468e-05 2.859406848859e-05
7.111691734400e-04 5.574797206020e-05 2.315313289709e-05
4.359510398111e-04 5.063996914720e-05 7.029159332004e-05
4.359510398111e-04 2.050639969147e-03 7.029159332004e-05
7.847032912405e-04 1.172340793077e-04 3.138763245241e-05
8.930070044247e-04 4.795375314074e-05 3.968887968159e-05
5.475640797082e-04 1.206627229408e-04 6.146825908957e-05
6.848178516964e-04 1.908178179288e-04 9.267563150860e-05
9.785803850695e-04 3.295916687191e-05 4.707803352270e-05
9.785803850695e-04 2.032959166872e-03 4.707803352270e-05
1.711790841785e-03 1.804812047580e-05 5.078347334010e-05
1.711790841785e-03 2.018048120476e-03 5.078347334010e-05
1.871383862817e-03 4.948790551930e-05 7.467339511800e-05
1.871383862817e-03 2.049487905519e-03 7.467339511800e-05
1.750794181724e-03 1.367919564016e-04 7.420196452402e-05
5.296176627422e-04 2.629972611332e-04 7.848803544546e-05
3.293867268927e-04 9.539791332883e-05 4.529053038414e-05
8.343752808478e-04 2.174515935575e-04 5.482335058482e-05
2.223906764911e-04 3.964303269100e-05 6.085738238241e-05
2.223906764911e-04 2.039643032691e-03 6.085738238241e-05
3.894027251047e-04 1.558265308822e-04 3.987661830074e-05
1.086952175207e-03 3.941773617139e-05 5.046191507833e-05
1.086952175207e-03 2.039417736171e-03 5.046191507833e-05
1.021741730740e-03 1.078819645217e-04 3.938778218364e-05
1.240958274949e-03 5.390579001814e-05 4.211698089482e-05
-2.779930095979e-06 5.350710025847e-05 5.122699331292e-05
1.997220069904e-03 5.350710025847e-05 5.122699331292e-05
9.724153105324e-05 4.692462407385e-05 4.901083841290e-05
9.724153105324e-05 2.046924624074e-03 4.901083841290e-05
4.260283566086e-04 2.619170543768e-04 2.510692202917e-05
5.488291731232e-05 1.353122310641e-04 4.885839101429e-05
1.094439131900e-03 1.521023406918e-04 4.570252519362e-05
1.536723423176e-04 1.268291009394e-04 4.881125924612e-05
7.719740093521e-04 3.385694077622e-04 7.886660141785e-05
1.844135983810e-03 1.407181513243e-04 1.922237724053e-05
4.364610690532e-04 3.349260343645e-04 3.920610930081e-05
1.855136854491e-03 2.158448172842e-04 5.670545081241e-05
8.646128957567e-04 3.872754339078e-04 2.579593204834e-05
1.621344696754e-03 1.624949706798e-05 3.968056118403e-05
1.621344696754e-03 2.016249497068e-03 3.968056118403e-05
1.521865651181e-03 6.394036860579e-05 7.063943865613e-05
1.521865651181e-03 2.063940368606e-03 7.063943865613e-05
9.243023878135e-04 4.231474249732e-04 4.384341183369e-05
1.203773099543e-03 1.529038335818e-04 6.363440971276e-05
1.367457771580e-03 5.639443911251e-05 6.277972483923e-05
1.367457771580e-03 2.056394439113e-03 6.277972483923e-05
6.476908467124e-04 4.255663540692e-04 7.283961957422e-05
3.653168390317e-04 3.635598530547e-04 3.748417813796e-05
1.015769534482e-03 4.222404051633e-04 4.762823914067e-05
2.556927189555e-04 1.313432046251e-04 3.670258747218e-05
9.636986074972e-04 4.831712565397e-04 2.795438587799e-05
1.089378525753e-04 1.849332683967e-04 2.451860488250e-05
5.597961890018e-05 2.269589184089e-04 4.279486122321e-05
5.061926162094e-04 3.803049115040e-04 4.113562065933e-05
1.771066732955e-03 2.456081090703e-04 2.908270432574e-05
5.385197135986e-04 4.549619023676e-04 4.021982202784e-05
-4.021715980833e-05 3.324887753938e-04 1.000000000000e-04
1.959782840192e-03 3.324887753938e-04 1.000000000000e-04
1.188494642136e-04 2.284290306573e-04 2.009217239100e-05
1.292788777358e-03 3.211069768978e-05 1.410959970148e-05
7.219353737993e-05 3.873624810234e-04 2.485062188162e-05
1.312158680651e-03 1.484889717278e-04 4.464183908155e-05
1.809326522698e-03 3.159907514527e-04 5.102676989460e-05
1.128890832168e-03 2.590995322878e-04 6.627844486965e-05
4.036890710858e-05 4.594833725369e-04 5.040526266377e-05
2.040368907109e-03 4.594833725369e-04 5.040526266377e-05
1.259069246664e-03 2.655492627168e-04 6.185130341079e-05
2.108135093450e-04 1.753310544458e-04 2.613907688897e-05
1.844319819275e-04 2.438440145685e-04 4.727761739944e-05
7.576922895543e-04 4.871356591058e-04 5.322027474363e-05
1.001620174519e-03 4.895252162820e-04 1.049581947872e-05
1.641415440626e-03 1.511177510062e-04 3.611096957838e-05
6.551950382750e-04 5.899812132053e-04 9.174640567603e-05
1.560033348727e-03 1.779358792064e-04 4.957603105566e-05
4.208099076396e-04 3.938452164062e-04 2.175642932240e-05
1.912779138614e-03 5.133134777103e-04 8.683394581874e-05
2.944088012581e-04 2.607498517124e-04 6.353422343610e-05
1.863962869913e-04 4.955076273874e-04 1.000000000000e-04
4.900313947977e-05 5.827664410371e-04 6.234458401316e-05
2.049003139480e-03 5.827664410371e-04 6.234458401316e-05
9.042783321716e-04 4.973536852886e-04 3.301705936997e-05
8.397432833443e-04 5.201877368669e-04 3.523765594184e-05
8.197902750757e-04 6.614337082786e-04 8.768896253820e-05
1.434631411560e-03 1.580908835373e-04 5.764397097011e-05
4.544150144169e-04 4.503773748733e-04 4.400974195793e-05
1.037379767906e-03 2.681964188272e-04 2.568365725395e-05
4.981961877964e-04 5.225104668435e-04 3.844907914802e-05
1.365208271014e-03 2.629396306768e-04 4.411253484972e-05
1.671559624802e-03 2.521451027787e-04 6.572953415609e-05
1.973811095736e-03 6.280800420789e-04 2.544588176591e-05
1.491941569622e-03 2.628757727368e-04 5.928757339455e-05
5.546991064181e-04 6.408398392103e-04 2.088588260311e-05
1.416465155334e-03 3.622272017982e-04 6.548182588922e-05
3.985120897936e-04 5.441597701241e-04 6.355882279092e-05
1.582042777243e-03 3.093632612593e-04 4.051162386129e-05
7.088644461077e-04 7.021721669230e-04 3.037586335560e-05
4.847558801849e-04 6.203029348681e-04 5.112897501692e-05
7.438280327904e-04 7.726602668834e-04 4.697457761429e-05
6.350785203753e-04 7.937857927036e-04 6.380784107967e-05
1.659757003403e-04 6.953416779417e-04 1.000000000000e-04
1.868706844098e-03 6.923027516024e-04 9.750142562703e-05
1.699951890538e-03 3.982178042427e-04 8.307679902473e-05
1.534799585178e-03 3.914240832496e-04 5.417680046933e-05
1.466180815599e-03 4.529985222505e-04 3.801252818558e-05
5.064169864438e-04 8.886489500795e-04 9.604461883556e-05
3.741175975532e-04 8.886489501867e-04 3.625477005499e-05
1.559728654717e-03 5.241923234590e-04 7.944642266297e-05
1.674268094160e-03 5.138348469826e-04 3.535866005888e-05
8.510935588440e-04 8.189301646316e-04 6.984492639586e-05
1.716336866332e-03 7.305848782044e-04 5.960405299105e-05
7.193488612688e-04 8.710909178755e-04 5.054937439946e-05
1.007203345499e-03 8.317333001556e-04 8.678899639449e-05
7.803027208033e-04 9.017584445562e-04 1.768456279364e-05
1.464419210487e-03 5.663234970143e-04 2.475974771384e-05
6.369292980061e-04 8.944472696839e-04 3.459643129635e-05
3.201200502865e-04 7.558059692278e-04 6.557901781648e-05
7.548440681457e-04 9.893872617073e-04 7.295744595962e-05
6.268302653057e-04 1.057990914964e-03 7.228027282509e-05
1.594051857945e-05 7.444306510711e-04 5.786159459762e-05
2.015940518579e-03 7.444306510711e-04 5.786159459762e-05
3.838511555278e-04 9.862501733864e-04 6.063461303361e-05
1.787720496482e-03 7.863049199148e-04 2.657595536979e-05
9.104562665021e-04 9.181053650266e-04 4.289631610795e-05
1.007109893404e-03 1.007420538724e-03 8.870583284761e-05
4.690800533774e-04 1.004444158802e-03 2.562122244282e-05
1.192752382703e-03 3.948442968150e-04 8.345917105230e-05
8.730748056353e-04 9.980423232970e-04 4.532658246764e-05
1.396486469051e-03 4.572598236334e-04 3.162815989863e-05
7.200756577083e-04 1.075186222247e-03 1.961849040611e-05
1.572999787987e-03 7.475391257648e-04 8.473223687514e-05
7.071838494093e-04 1.138386107980e-03 4.138628135119e-05
8.913739085450e-04 1.111284587924e-03 6.677851344559e-05
6.295132828178e-04 1.173512298192e-03 4.327226313052e-05
1.669826809558e-03 8.154896544603e-04 3.352890660392e-05
1.622607355631e-03 8.394675479463e-04 1.942972069299e-05
2.223990319695e-04 8.548179355369e-04 6.916343898339e-05
1.574065509011e-03 8.747589666092e-04 4.058523664660e-05
7.751153705203e-04 1.163587616720e-03 3.106927470359e-05
2.998472386180e-04 9.095761714091e-04 2.568743928830e-05
7.303047669453e-04 1.209407132115e-03 3.301986777610e-05
1.325355572477e-03 3.305406422702e-04 3.098059062046e-05
1.835861950854e-03 8.140339370426e-04 2.858294698999e-05
1.440163893774e-03 9.175908028989e-04 1.000000000000e-04
1.321426889330e-03 9.533187461390e-04 2.399581506115e-05
1.944643165812e-03 7.921709837034e-04 2.794313645744e-05
1.123741064748e-03 1.080744389904e-03 4.900130307772e-05
2.887488070926e-04 9.862501734792e-04 3.446773540159e-05
1.881281680251e-03 8.368317837424e-04 2.223726211692e-05
5.476853445493e-04 1.173512298192e-03 3.855567513796e-05
1.236962172750e-03 1.080744389996e-03 6.421980492366e-05
6.663239247506e-04 1.259897707529e-03 4.848379087563e-05
1.737245522988e-03 8.224933341744e-04 3.425261337119e-05
-1.161426187578e-05 8.274438851427e-04 2.824930261044e-05
1.988385738124e-03 8.274438851427e-04 2.824930261044e-05
1.359525501099e-03 1.053785514518e-03 5.827681398826e-05
1.450156878895e-03 1.094891973144e-03 4.124096121764e-05
3.165429193683e-04 1.037314911643e-03 2.367106542002e-05
1.570612846851e-03 9.512617808598e-04 3.472440059452e-05
5.156261796650e-05 8.369292755361e-04 3.563567823421e-05
9.796195083145e-05 9.563024092283e-04 9.140955240238e-05
1.695059368379e-03 1.002873091588e-03 1.000000000000e-04
2.085883786711e-04 1.031398452407e-03 4.229767342202e-05
1.438548002733e-04 1.073256185809e-03 3.422618887502e-05
1.395005073401e-03 1.125796217414e-03 2.197924095830e-05
5.728133886045e-05 1.100567961057e-03 5.655319913913e-05
7.424347655649e-04 1.277455712260e-03 2.962602681454e-05
8.201980181821e-04 1.163587616720e-03 1.401337295823e-05
1.047120944415e-03 1.132309500759e-03 4.243584983181e-05
5.456089120036e-04 1.289410478134e-03 7.578655124704e-05
1.524193247280e-03 1.133964725751e-03 4.246900434043e-05
9.755554464666e-04 1.222103484289e-03 7.238831757486e-05
6.444387139735e-04 1.347314127313e-03 3.875672592654e-05
1.167221772679e-03 1.164407858272e-03 4.469896905942e-05
2.729163549962e-04 1.099161869852e-03 5.113663120885e-05
3.626319812622e-04 1.138665027280e-03 4.689088045552e-05
1.229217973447e-03 1.197421822135e-03 2.533771048725e-05
1.072128569519e-03 1.259695241539e-03 2.901868440143e-05
4.595363251396e-04 1.139351481891e-03 5.001589475785e-05
1.637858427892e-03 1.171159362299e-03 7.712704413348e-05
1.258783338658e-04 1.121918383542e-03 1.528960331201e-05
8.217409634892e-04 1.277455712260e-03 4.968017110975e-05
1.441018411286e-03 1.205292580727e-03 6.710160111991e-05
-3.942187357122e-05 1.102171007948e-03 4.016329921528e-05
1.960578126429e-03 1.102171007948e-03 4.016329921528e-05
7.319230793920e-04 1.356405117616e-03 4.919871902925e-05
4.355587852823e-04 1.365807184206e-03 5.818168039813e-05
1.844078628622e-03 1.097147770108e-03 7.633619859113e-05
-3.196101300458e-06 1.159189248605e-03 2.738954191076e-05
1.996803898700e-03 1.159189248605e-03 2.738954191076e-05
1.125493304591e-04 1.167104378384e-03 2.994330787740e-05
1.318792981674e-03 1.202977369396e-03 5.514577156348e-05
1.184809232851e-03 1.255795442318e-03 4.800819754485e-05
2.097912216028e-04 1.214414771735e-03 7.819668801759e-05
9.220163818166e-05 1.284194628025e-03 5.853859811239e-05
1.288112231037e-03 1.333721102554e-03 7.914965558519e-05
1.034941315213e-03 1.305220367701e-03 2.976435079040e-05
5.287271572588e-04 1.432114838211e-03 5.617325179263e-05
1.545953482268e-03 1.263217580438e-03 5.275947000367e-05
1.746243775220e-03 1.119124258415e-03 2.393655233685e-05
1.851084617746e-04 1.339607703927e-03 4.940624652413e-05
1.764008480089e-03 1.211693430224e-03 5.537520732477e-05
3.320277540265e-04 1.370353583124e-03 4.544912668161e-05
2.488659072601e-04 1.427397248722e-03 5.539665926112e-05
1.117208126452e-03 1.316522399657e-03 4.286362776129e-05
3.781063314454e-04 1.475424122445e-03 6.557880441328e-05
1.372288070547e-03 1.267272986079e-03 2.531775344717e-05
1.698602160722e-03 1.253303725641e-03 2.212700189559e-05
2.842339769327e-04 1.513592951844e-03 3.575667051739e-05
1.736114057545e-04 1.537806076744e-03 7.748479128670e-05
4.742562044057e-04 1.507840784104e-03 3.588861904547e-05
5.689503265254e-04 1.569333916661e-03 7.702011452184e-05
1.420417125589e-03 1.335810817755e-03 5.317185704397e-05
8.959902128699e-04 1.275355005933e-03 2.335276486231e-05
1.736113948552e-03 1.307996214936e-03 4.419345204930e-05
6.669882866830e-04 1.612523069533e-03 3.010945449461e-05
1.051417953416e-03 1.386561246967e-03 5.322909215758e-05
1.497356706225e-03 1.361904601197e-03 2.807218257064e-05
4.206339886483e-04 1.611980201438e-03 7.687032727886e-05
5.154510925955e-04 1.663369413229e-03 2.924631551976e-05
1.179337112245e-03 1.441635052596e-03 7.407413942061e-05
5.659235648822e-05 1.544958815597e-03 3.975039980477e-05
7.481305317702e-05 1.661997401062e-03 7.869800362622e-05
2.074813053177e-03 1.661997401062e-03 7.869800362622e-05
4.715004525447e-04 1.705148601799e-03 2.927932168573e-05
2.119343472526e-04 1.746348039335e-03 8.133973161955e-05
9.274885216797e-04 1.293740846801e-03 1.300237230839e-05
1.005878816616e-04 1.792824202923e-03 3.931709260669e-05
6.253277621612e-04 1.662385168425e-03 3.177763685076e-05
1.623329195350e-03 1.397836913170e-03 1.000000000000e-04
1.787791762911e-03 1.459392678269e-03 7.560480729650e-05
8.350196727253e-04 1.385923243275e-03 5.804039370201e-05
1.065096523903e-03 1.488144127659e-03 4.927134852182e-05
1.566832718825e-04 1.865898646374e-03 4.913096602005e-05
1.281100169077e-03 1.497675945522e-03 4.209955072414e-05
1.923547325928e-03 1.198019672449e-03 5.207881039692e-05
6.253238723290e-06 1.223352428223e-03 3.441984003387e-05
2.006253238723e-03 1.223352428223e-03 3.441984003387e-05
6.859714251330e-04 1.674393451118e-03 3.004349798066e-05
9.534823227325e-04 1.492718753130e-03 6.114928287126e-05
1.925111255986e-03 1.504975129404e-03 6.908245209380e-05
1.487243349328e-03 1.428717917069e-03 3.950221994857e-05
1.525840272233e-03 1.511389070067e-03 4.966022339476e-05
1.138017787519e-03 1.549569617977e-03 3.955977728111e-05
1.027338903884e-03 1.600067205870e-03 6.885002066418e-05
1.220023046655e-03 1.538107448159e-03 2.975128394799e-05
2.711394927378e-04 1.883558332668e-03 6.667961645188e-05
3.945669636985e-04 1.742955672263e-03 5.517593595765e-05
3.190512633829e-04 1.754665959497e-03 2.124233293969e-05
1.282511829230e-03 1.593308821783e-03 5.354378525086e-05
2.365255931783e-05 1.793518939115e-03 3.252902832230e-05
2.023652559318e-03 1.793518939115e-03 3.252902832230e-05
5.174397530362e-04 1.809096334207e-03 8.436728144119e-05
1.837584007479e-03 1.559331184926e-03 3.394958177445e-05
8.417708520842e-04 1.496868931037e-03 5.063925254750e-05
1.192391097817e-03 1.586978159156e-03 2.639024248244e-05
5.582615741662e-05 1.861157187851e-03 4.237139413427e-05
3.826124042333e-04 1.920642034588e-03 5.079979002151e-05
9.354604699867e-05 1.946785343133e-03 5.119661064402e-05
8.762184760719e-04 1.646628117017e-03 7.641009004971e-05
1.145940532077e-03 1.670296900102e-03 6.898528346005e-05
7.703385444722e-04 1.709299435847e-03 4.662755622204e-05
1.753696544489e-04 1.959944303995e-03 3.167836195845e-05
1.258695078281e-03 1.687930664283e-03 4.402944928301e-05
1.391730844499e-03 1.593193286608e-03 5.567529678662e-05
1.514275858017e-03 1.635603007962e-03 7.400070633741e-05
9.813905285817e-04 1.700855859382e-03 4.191927056216e-05
8.433619599011e-04 1.766478592200e-03 4.559752105634e-05
1.891889841333e-03 1.616462623188e-03 4.487379564902e-05
6.481540362775e-04 1.904429848994e-03 7.741869720053e-05
1.410610001704e-03 1.695027152291e-03 4.548128444585e-05
7.788001791891e-04 1.812420614939e-03 3.364194500741e-05
1.465265298394e-03 1.730684234982e-03 1.977688747429e-05
1.689639877795e-03 1.524049115572e-03 4.192921942187e-05
1.211796402679e-03 1.748076705075e-03 3.224003344197e-05
7.628428111602e-04 1.930397093176e-03 4.017302382821e-05
1.057498448021e-03 1.687959133495e-03 1.821454188062e-05
1.420592576253e-03 1.822381774493e-03 8.220877197632e-05
9.586860013416e-04 1.808771182362e-03 6.835962641111e-05
1.616212583375e-03 1.530188980264e-03 3.175433033142e-05
1.275540148484e-03 1.822347224361e-03 6.284351358532e-05
1.600456410547e-03 1.585005977760e-03 2.528215094726e-05
1.632194492421e-03 1.673518915118e-03 4.986381982625e-05
8.849711562523e-04 -6.729535481338e-05 7.584019323202e-05
8.849711562523e-04 1.932704645187e-03 7.584019323202e-05
1.568461086892e-03 1.748749757539e-03 4.873041042041e-05
1.549071633084e-03 1.843579111271e-03 4.800719734274e-05
1.090653384185e-03 1.804672757043e-03 6.367136420396e-05
1.618862237136e-03 1.868635356395e-03 2.614497857613e-05
1.332322583383e-03 1.935432910190e-03 6.122121571561e-05
1.777095377961e-03 1.563081194281e-03 2.665517770160e-05
1.445545924599e-03 -3.642470764482e-05 5.544729335142e-05
1.445545924599e-03 1.963575292355e-03 5.544729335142e-05
1.186993492749e-03 -6.027201936460e-05 8.417149130372e-05
1.186993492749e-03 1.939727980635e-03 8.417149130372e-05
1.545421024814e-03 1.957872438448e-03 3.801245863007e-05
1.743044329339e-03 1.846468663563e-03 1.000000000000e-04
4.514857412552e-04 1.893832375100e-03 2.301115352710e-05
-6.145715693869e-05 1.714888981637e-03 6.404934517898e-05
1.938542843061e-03 1.714888981637e-03 6.404934517898e-05
1.032097841249e-03 1.927471961131e-03 7.120849219200e-05
1.904951697609e-03 1.908021292797e-03 5.055609003386e-05
1.830369356884e-03 1.948516052184e-03 3.431057733628e-05
1.783514441773e-03 -1.191885735168e-05 2.694872787467e-05
1.783514441773e-03 1.988081142648e-03 2.694872787467e-05
1.259765625000e-03 6.738281250000e-04 3.331481964127e-05
1.091796875000e-03 6.152343750000e-04 2.246621536405e-05
1.224609375000e-03 8.339843750000e-04 7.950648334531e-05
1.396484375000e-03 6.777343750000e-04 4.445685698505e-05
1.298828125000e-03 5.449218750000e-04 4.562786629981e-05
1.947265625000e-03 1.341796875000e-03 2.900663237742e-05
1.916015625000e-03 9.472656250000e-04 3.867225873794e-05
9.824218750000e-04 5.957031250000e-04 1.941058796811e-05
7.089843750000e-04 1.490234375000e-03 4.528530469430e-05
5.273437500000e-05 1.419921875000e-03 5.687789915399e-05
2.052734375000e-03 1.419921875000e-03 5.687789915399e-05
1.779296875000e-03 1.669921875000e-03 8.043461047646e-05
1.123046875000e-03 7.128906250000e-04 4.592611451171e-05
1.173828125000e-03 5.566406250000e-04 2.792297238532e-05
9.394531250000e-04 3.027343750000e-04 3.699612489024e-05
3.652343750000e-04 1.255859375000e-03 2.704566001254e-05
