# 2D packing, generated 2026-09-28T18:42:57.716619+00:00
# generator = preprocess/generate_packing_gravity.py
# periodic axes = xy
# porosity_achieved = 0.325065  (target 0.325000)
# 312 distinct grains; 342 rows including 30 periodic edge images.
# Centres span [-R, L+R]: a grain need only be PARTLY inside.
# Do NOT drop the out-of-box rows -- they carry the conduction
# paths that cross the domain edge, and k_eff depends on them.
# header row is 'Lx Ly'; grain rows are 'x y r', all in metres
2.000000000000e-03 2.000000000000e-03
2.139074874537e-04 1.749766504388e-05 2.408420299887e-05
2.139074874537e-04 2.017497665044e-03 2.408420299887e-05
2.520961058823e-04 7.583296697023e-05 4.543880613126e-05
1.551045220872e-04 1.046492338587e-04 5.574294622665e-05
1.539240053168e-03 1.010401043487e-05 4.075463182298e-05
1.539240053168e-03 2.010104010435e-03 4.075463182298e-05
6.394690253698e-04 3.877594013627e-05 4.348521895127e-05
6.394690253698e-04 2.038775940136e-03 4.348521895127e-05
1.257678079718e-03 9.763014909239e-05 9.420217980590e-05
7.508387064955e-04 3.665177396777e-05 3.499783370295e-05
7.039770890532e-04 1.170594781773e-04 5.795249275937e-05
5.509535066985e-04 5.568776816532e-05 4.663142761395e-05
5.899721593294e-04 1.594361313908e-04 6.367360978990e-05
8.501279246341e-04 9.471317738977e-05 7.788789356172e-05
1.055677119519e-03 6.844127956809e-05 1.000000000000e-04
1.055677119519e-03 2.068441279568e-03 1.000000000000e-04
1.916700339986e-03 3.673134008758e-05 4.450467007267e-05
1.916700339986e-03 2.036731340088e-03 4.450467007267e-05
1.459812385526e-03 4.785451597649e-05 4.655660640342e-05
1.812557424751e-03 6.189477534296e-05 3.875437297161e-05
7.739007436916e-04 1.754142467119e-04 3.312224100599e-05
1.145843724487e-03 1.772169043859e-04 4.116951338383e-05
1.392159979577e-03 1.024308691692e-04 4.036540620860e-05
2.315320915954e-04 1.593253081035e-04 3.782346010754e-05
1.595705735202e-03 4.370861773119e-05 2.329457784262e-05
1.734981937128e-03 1.042718428032e-05 2.284069512874e-05
1.734981937128e-03 2.010427184280e-03 2.284069512874e-05
1.725994787380e-03 8.307632101261e-05 5.036224279941e-05
9.552832342654e-04 2.414173647658e-04 1.000000000000e-04
1.539625653792e-03 1.200117807406e-04 6.103948441350e-05
3.402871019412e-04 2.652706980213e-05 2.509135122465e-05
1.877600761107e-06 8.376147098334e-06 3.294708095346e-05
1.877600761107e-06 2.008376147098e-03 3.294708095346e-05
2.001877600761e-03 8.376147098334e-06 3.294708095346e-05
2.001877600761e-03 2.008376147098e-03 3.294708095346e-05
8.043649937559e-04 2.543303496488e-04 5.146992203760e-05
1.883748786674e-03 1.639614264729e-04 8.568788109736e-05
1.444005793804e-03 1.779162576908e-04 4.947541987975e-05
1.630098064852e-03 1.121259166740e-04 2.977603472297e-05
1.203942703723e-03 1.996611840185e-04 2.111401316510e-05
1.766245825342e-03 1.712945647907e-04 3.204368354610e-05
4.611538730973e-05 8.268990741665e-05 5.353711836277e-05
2.046115387310e-03 8.268990741665e-05 5.353711836277e-05
8.673512027257e-04 3.676684607009e-04 5.385548199323e-05
1.122185697686e-03 2.770303694931e-04 6.138076950407e-05
-1.771858019662e-06 2.116947905806e-04 3.834443510100e-05
1.998228141980e-03 2.116947905806e-04 3.834443510100e-05
1.518720062653e-03 2.063351187694e-04 2.777929171403e-05
1.944465949465e-03 2.792079196417e-04 4.457482069369e-05
4.366876054308e-04 3.734144592701e-05 2.736477601747e-05
8.992380299083e-05 1.941877651168e-04 5.500758764803e-05
1.255767989988e-03 2.368453899760e-04 4.267098920149e-05
7.592654194262e-04 3.979428176598e-04 5.839043086379e-05
1.041037134683e-03 3.800801878950e-04 6.303761337632e-05
1.234487016644e-03 3.469800924881e-04 6.950092186951e-05
1.968520155295e-04 2.737216977759e-04 7.825641534835e-05
4.798699047111e-04 6.779511573702e-05 2.547591166292e-05
1.877525655235e-03 2.960138764178e-04 1.916442674411e-05
1.357647158245e-03 1.516785064549e-04 1.940788667089e-05
3.814195991510e-04 8.044205925864e-05 4.272242660148e-05
3.876343037483e-05 2.906580042450e-04 5.041534837104e-05
2.038763430375e-03 2.906580042450e-04 5.041534837104e-05
1.680682374761e-03 1.649941773537e-04 4.325276468900e-05
1.831946290330e-03 2.960138764178e-04 2.641493816104e-05
1.139140134428e-03 3.915007788606e-04 3.572803420201e-05
1.367270171993e-03 2.063433821266e-04 3.235510510905e-05
1.609472669744e-03 1.766906042288e-04 2.891125584786e-05
9.553522419576e-04 4.171679693420e-04 3.018929675232e-05
4.839503543697e-04 1.735934824299e-04 4.328925809865e-05
5.323439079398e-04 2.541089663142e-04 4.715942981054e-05
6.651993225899e-04 4.555051004012e-04 5.189059818904e-05
1.902145383590e-03 3.797307530461e-04 6.449347381933e-05
1.422158146030e-03 3.267808520212e-04 1.000000000000e-04
1.100531781958e-03 4.538099805581e-04 3.170278596084e-05
1.000562711834e-03 4.920086107438e-04 5.598429730048e-05
7.676268057978e-04 5.133186464917e-04 5.645487318404e-05
1.571227694522e-03 2.168572995364e-04 2.574734807261e-05
1.798830245092e-03 3.760396755520e-04 3.849843662621e-05
1.213607859487e-03 5.213330486714e-04 1.000000000000e-04
1.536374681990e-03 3.664972728913e-04 2.092481620223e-05
1.826700860250e-03 4.516427737758e-04 3.973334020199e-05
4.367974125186e-04 2.855481541963e-04 5.342663586917e-05
1.354358807624e-03 4.631525900434e-04 5.229576888201e-05
1.074288553458e-03 5.577562342098e-04 4.267884411370e-05
6.035985324043e-04 2.539471022252e-04 2.409537973750e-05
1.746174012211e-03 4.489150825097e-04 4.083972850283e-05
6.402984641748e-04 6.053404173479e-04 1.000000000000e-04
3.445888281004e-04 3.148652587398e-04 4.333036168986e-05
5.075432417656e-04 6.764891571717e-04 5.057977008435e-05
9.857947272694e-04 6.000784025281e-04 5.309017809385e-05
1.097559064162e-03 6.965014505963e-04 9.451976781025e-05
8.419669896396e-04 5.537421093020e-04 2.816497838295e-05
2.746683501049e-04 3.799276399576e-04 5.217873288752e-05
1.067970973951e-04 3.456414892704e-04 3.661398876722e-05
9.056547639623e-04 7.305165211105e-04 1.000000000000e-04
3.510872966636e-04 4.070252811675e-04 2.888481813508e-05
1.339762410069e-03 5.525533288291e-04 2.996046342188e-05
1.655333937483e-03 4.739795915603e-04 5.339483215234e-05
5.830342469378e-04 7.375000161819e-04 4.403273724159e-05
1.732694529077e-03 5.348330315772e-04 4.456763238656e-05
7.608160871091e-04 6.937071167598e-04 4.944293086352e-05
6.522365843964e-04 7.356888087064e-04 2.519206924083e-05
6.353971700609e-04 7.891794572484e-04 2.953802292113e-05
1.440467516273e-03 5.593087341540e-04 7.097106502771e-05
1.661949670725e-03 5.581806841972e-04 2.993033984149e-05
1.684950296269e-04 4.168341693314e-04 5.759340232266e-05
1.031962149820e-03 8.855856237528e-04 1.000000000000e-04
1.253182939826e-03 6.955276583026e-04 6.110719381874e-05
1.706770863066e-03 6.525140610333e-04 7.450971601911e-05
5.976697017547e-05 4.457594096662e-04 5.491642142846e-05
7.745752885940e-04 7.809295353362e-04 3.885807880586e-05
4.984042298895e-04 7.768958513523e-04 4.931781767302e-05
8.263055599556e-04 8.378845659689e-04 3.350749124274e-05
9.003968627168e-04 9.756785581227e-04 5.944922558032e-05
2.417439162945e-04 4.495830155561e-04 2.264303782196e-05
1.601402014834e-03 6.525140610333e-04 3.085913221313e-05
7.488440008812e-04 8.674827173653e-04 4.941639690038e-05
1.394529986388e-03 7.012389441655e-04 7.745763406898e-05
6.081636518848e-04 9.178241724479e-04 1.000000000000e-04
9.833948968703e-04 1.005432897699e-03 2.872103242626e-05
1.625567306105e-03 7.014503046507e-04 2.029942701327e-05
1.078988344032e-03 1.065479487119e-03 8.416696534745e-05
3.157276843089e-04 4.866646922996e-04 5.825150030525e-05
3.604488747216e-04 6.384657215349e-04 1.000000000000e-04
7.828936395896e-04 9.756785581227e-04 5.805399754686e-05
-2.144325579528e-05 4.900163151458e-04 3.757019644056e-05
1.978556744205e-03 4.900163151458e-04 3.757019644056e-05
2.108800301378e-04 5.019256827690e-04 3.747001823128e-05
1.485803110929e-03 7.203302302205e-04 1.579074643570e-05
3.750119830015e-05 5.288831669393e-04 3.113776859386e-05
2.556079718974e-04 5.550413266775e-04 3.196959871650e-05
1.493831668417e-03 8.011813782705e-04 6.342996009258e-05
2.196754351406e-04 6.462648624180e-04 4.098931092690e-05
1.264985771723e-04 5.565893326055e-04 6.207255842005e-05
8.403570863683e-04 1.087623483901e-03 6.758006691320e-05
2.416686734630e-04 7.462166521470e-04 6.037144153158e-05
6.909479599678e-04 1.046061896916e-03 5.259722611570e-05
7.683050405931e-04 1.112797820304e-03 8.743222545060e-06
1.385369925637e-03 8.299706265136e-04 4.878755396562e-05
1.197103973141e-03 7.521781707984e-04 1.821139350687e-05
1.591345416144e-03 8.094972849019e-04 3.443773273208e-05
1.309279338697e-03 7.663758195806e-04 2.926022464802e-05
3.728350477210e-04 8.300842418494e-04 8.705190027584e-05
7.637185457177e-04 1.160576159996e-03 3.822900104635e-05
1.560281669557e-03 8.694377216066e-04 3.183037297995e-05
1.635547567349e-03 8.741265340500e-04 4.358143201473e-05
6.004148620594e-04 1.089354859531e-03 4.775476653414e-05
1.311098052084e-04 7.462166380031e-04 5.018742672372e-05
1.812551672525e-04 8.023503550445e-04 2.209541883760e-05
-4.979522406748e-05 6.267424996245e-04 1.000000000000e-04
1.950204775933e-03 6.267424996245e-04 1.000000000000e-04
8.288828730246e-04 1.180778144464e-03 2.627859468294e-05
7.902075228797e-04 1.231167401403e-03 3.716854052151e-05
4.838968392770e-04 8.499086807689e-04 2.512235304379e-05
7.153915943551e-04 1.240369804843e-03 3.821121398903e-05
4.494718825059e-04 9.552811591784e-04 5.960771064461e-05
9.786427918462e-04 1.079448923367e-03 1.714628646396e-05
1.201742108544e-03 1.065479487119e-03 3.858679916459e-05
2.567098044498e-04 8.812713567693e-04 3.985455025851e-05
9.876821943117e-04 1.119875506579e-03 2.211445311264e-05
2.402388574872e-05 7.689733240348e-04 5.928978965448e-05
2.024023885749e-03 7.689733240348e-04 5.928978965448e-05
1.821800645918e-03 7.535190791724e-04 7.857151938301e-05
1.723498428954e-03 8.101442405593e-04 3.487333401277e-05
-6.921379756182e-05 8.736346207103e-04 8.087886808092e-05
1.930786202438e-03 8.736346207103e-04 8.087886808092e-05
1.781272507688e-03 8.803416634623e-04 5.456937544010e-05
1.251437571004e-03 7.929086184042e-04 3.433747336486e-05
7.637148338184e-05 8.819590094581e-04 6.494420785521e-05
9.778349910095e-06 9.871251186226e-04 5.739565887441e-05
2.009778349910e-03 9.871251186226e-04 5.739565887441e-05
8.621442576873e-04 1.233216278586e-03 3.479736607661e-05
1.835666058932e-04 9.420072793219e-04 5.521806119879e-05
3.311433414799e-04 9.969531697955e-04 6.584427256091e-05
7.580360937291e-04 1.286196847781e-03 2.438807667279e-05
1.019035357100e-03 1.156368688387e-03 2.471465637643e-05
1.254006763647e-03 1.065479487157e-03 1.367785593816e-05
1.715492874158e-03 9.019535393562e-04 1.466958300838e-05
5.179216117270e-04 9.907438322266e-04 1.602119381173e-05
9.488192261575e-04 1.181621608546e-03 4.990447669984e-05
1.581479285277e-03 9.318965379075e-04 3.412751241610e-05
1.021760532649e-03 1.211140108591e-03 2.878336249757e-05
1.841011575040e-03 9.983941358533e-04 7.282350777479e-05
5.158518791140e-04 1.089354859531e-03 3.680821641129e-05
1.304551235530e-03 8.341180709724e-04 3.213748521277e-05
-5.131671550271e-05 1.133578335455e-03 1.000000000000e-04
1.948683284497e-03 1.133578335455e-03 1.000000000000e-04
1.333561773804e-03 8.945396835102e-04 3.399679067608e-05
8.435374632811e-05 1.182699703543e-03 4.428906978400e-05
2.927942562302e-05 1.263546723348e-03 5.292978720936e-05
2.029279425623e-03 1.263546723348e-03 5.292978720936e-05
1.432029596483e-03 9.485395744833e-04 7.830592669213e-05
1.170648137791e-03 1.124825622283e-03 2.502773026873e-05
1.622274304715e-04 1.339126798914e-03 1.000000000000e-04
1.317236927822e-03 9.645646178912e-04 3.759989194758e-05
1.727801240044e-03 9.378569900858e-04 2.328504312699e-05
1.283055870451e-03 1.082274349547e-03 1.987684580096e-05
9.441173144053e-04 1.314381442615e-03 8.056019058766e-05
2.212581768993e-04 1.067554034348e-03 6.476672035490e-05
2.866528835892e-04 1.391850875183e-03 3.513479858672e-05
4.131661023337e-04 1.030468263212e-03 2.276156689008e-05
1.136179282355e-03 1.157960028006e-03 2.278430626692e-05
1.236284372337e-03 1.138715035125e-03 4.206199379134e-05
8.543089943470e-04 1.365605320307e-03 2.282946071959e-05
1.182127277337e-03 1.206067446009e-03 4.374044033015e-05
1.659013386703e-03 9.777952764426e-04 5.597371445165e-05
1.256999816340e-03 1.211530734910e-03 3.133115631227e-05
1.121730940878e-03 1.333455649756e-03 9.723995515666e-05
1.729023407277e-03 1.087768941536e-03 7.045665697379e-05
8.873253947368e-04 1.396029118719e-03 1.889666012040e-05
1.639893034846e-03 1.148748056410e-03 3.753721202167e-05
8.502324794287e-04 1.408654540594e-03 2.028606111719e-05
8.140423164662e-04 1.297545929289e-03 3.275646494189e-05
1.816813476843e-03 1.141083419401e-03 3.208320227141e-05
6.238337059160e-04 1.240369804896e-03 5.334667445009e-05
1.943633385040e-05 1.365142103332e-03 4.514154889405e-05
2.019436333850e-03 1.365142103332e-03 4.514154889405e-05
1.344897821113e-03 1.242926317894e-03 6.200555604641e-05
8.855702941252e-04 1.448302785853e-03 3.282462047889e-05
9.697546363342e-04 1.466796997091e-03 5.336725455856e-05
1.708368188521e-03 1.204177632238e-03 4.777033373907e-05
6.856783440508e-04 1.331980573899e-03 5.718518640126e-05
1.547449922612e-03 1.019605829218e-03 5.723839906751e-05
1.836448648365e-03 1.208530233325e-03 3.496064242601e-05
1.925501329907e-03 1.369971670942e-03 4.891752663369e-05
5.729342995527e-04 1.338605801162e-03 5.575335089266e-05
1.059415084195e-03 1.451556605481e-03 3.629319330202e-05
1.299536330981e-03 1.377953272986e-03 8.043721628151e-05
1.413519388245e-03 1.420853707012e-03 4.135188250388e-05
2.435141761994e-04 1.423240143173e-03 1.697260240504e-05
3.920857257802e-04 1.125036987596e-03 7.412819473210e-05
4.637638276515e-04 1.354468364764e-03 5.448235720413e-05
5.346563542116e-04 1.491723776550e-03 1.000000000000e-04
7.621482790869e-04 1.430698306059e-03 6.768611377302e-05
6.701788888486e-04 1.498274114925e-03 3.555543751733e-05
2.972124308851e-04 1.527159600971e-03 1.000000000000e-04
6.444483697568e-04 1.554886297493e-03 2.648206601314e-05
1.051995448543e-03 1.545067073091e-03 5.751116984708e-05
1.840454018390e-03 1.369971664724e-03 3.612978488353e-05
-1.909767255378e-05 1.469700825310e-03 6.506223294698e-05
1.980902327446e-03 1.469700825310e-03 6.506223294698e-05
1.198623788042e-03 1.455963020488e-03 4.711223306142e-05
1.858309158654e-03 1.507799940194e-03 6.331466849182e-05
4.307388815686e-04 1.599554770682e-03 4.968922082220e-05
8.898508252259e-04 1.532852618847e-03 5.030513422068e-05
9.613990467001e-04 1.631960368647e-03 6.802031162058e-05
1.064161998578e-03 1.636980165566e-03 3.486517151399e-05
7.253054529414e-04 1.573597853549e-03 5.651185756881e-05
1.157167548508e-03 1.540682248115e-03 4.720620270818e-05
1.591286925352e-03 1.258397311730e-03 8.125600399624e-05
1.750696809517e-04 1.469466371035e-03 3.096995746687e-05
1.519531626157e-04 1.601093518812e-03 6.299227423700e-05
2.310962465059e-04 1.634735896241e-03 2.226320290623e-05
6.085671244870e-04 1.633171778211e-03 5.959429717687e-05
1.031360876883e-03 1.682763161434e-03 1.844113318256e-05
1.702262091577e-03 1.505783837809e-03 9.274543096741e-05
1.797054853274e-03 1.562526196047e-03 1.730472824223e-05
1.359466412440e-03 1.466381575166e-03 2.638590523382e-05
1.230324202427e-03 1.586759198842e-03 3.925177206014e-05
1.581047773795e-03 1.539029283918e-03 3.120968740788e-05
1.299167076461e-03 1.627209729898e-03 4.059549945152e-05
1.830065330717e-03 1.601409298139e-03 3.370102877884e-05
2.904078297459e-04 1.677445416927e-03 4.999111874966e-05
4.960214578531e-04 1.703695746929e-03 7.322196147779e-05
1.748363022808e-03 1.650632478364e-03 5.772839329055e-05
3.733114666210e-04 1.747841923306e-03 5.627716419287e-05
8.248212272671e-04 1.611246614001e-03 4.988748976990e-05
8.656077030306e-04 1.700013966973e-03 4.780173066111e-05
1.096065543173e-03 1.726959768467e-03 5.991723531092e-05
1.611916636623e-03 1.603895252009e-03 4.062681317200e-05
9.575582269641e-04 1.772125034184e-03 6.905250682492e-05
7.194000854827e-04 1.709172717852e-03 7.479353188076e-05
1.528722339104e-03 1.599814082222e-03 4.266754721661e-05
1.220651641747e-03 1.683536307887e-03 5.603450042485e-05
8.573974690133e-04 1.779558960355e-03 3.107097649199e-05
8.777793519149e-04 1.859271221124e-03 4.899210085904e-05
4.589751685847e-04 1.846139328788e-03 7.396025479408e-05
1.647413331764e-03 1.686709187910e-03 4.947408279077e-05
3.492271720534e-04 1.849330773801e-03 3.376283045273e-05
7.851415183957e-04 1.860232985620e-03 4.365072594625e-05
6.417858227295e-04 1.881696769833e-03 1.000000000000e-04
1.502028974120e-03 1.739962097758e-03 1.000000000000e-04
2.036169064124e-04 1.693075944196e-03 3.819606069162e-05
1.347892739819e-03 1.759895765572e-03 5.541984829066e-05
2.994653877988e-04 1.880672367399e-03 2.504644314833e-05
1.862755305598e-03 1.696979875974e-03 6.569638872303e-05
1.956677349625e-03 1.703365978473e-03 2.844251470911e-05
1.670370347516e-03 1.821120739900e-03 8.688391428357e-05
1.140960306417e-04 1.710800229174e-03 5.306257792716e-05
2.464406518956e-04 1.766459988748e-03 4.676917509481e-05
1.936304288329e-03 1.753598148640e-03 2.575349733126e-05
7.594718154623e-04 1.925422161433e-03 2.554656573021e-05
4.216033466445e-05 1.842688235277e-03 9.716791081658e-05
2.042160334664e-03 1.842688235277e-03 9.716791081658e-05
1.919731681621e-03 1.840157689584e-03 2.528696274384e-05
2.177665978488e-04 1.924998995659e-03 6.704475495644e-05
3.161593825471e-04 -3.360561752289e-05 3.970129511208e-05
3.161593825471e-04 1.966394382477e-03 3.970129511208e-05
1.404586410014e-03 1.813965196492e-03 2.235830493813e-05
1.442261620722e-03 1.839354478514e-03 1.592679934453e-05
1.826491628259e-03 -7.615792241318e-05 1.000000000000e-04
1.826491628259e-03 1.923842077587e-03 1.000000000000e-04
8.212382308897e-04 1.940968600396e-03 3.814653540774e-05
1.373221313049e-03 -6.895604678770e-05 9.884920066397e-05
1.373221313049e-03 1.931043953212e-03 9.884920066397e-05
4.085119431908e-04 -3.764408468502e-05 5.273952995603e-05
4.085119431908e-04 1.962355915315e-03 5.273952995603e-05
5.201623556389e-04 1.940298107640e-03 3.500518517925e-05
1.214136525655e-03 1.900373767885e-03 6.316539630113e-05
9.584921380436e-04 1.873206813259e-03 3.203364249825e-05
1.305663860549e-04 1.962970404652e-03 2.806415738970e-05
1.176218456872e-03 1.753913511696e-03 2.464631386066e-05
9.235289197125e-04 -3.395035090059e-05 6.717440302683e-05
9.235289197125e-04 1.966049649099e-03 6.717440302683e-05
1.049809747480e-03 1.803857609307e-03 2.850414756347e-05
1.122555976177e-03 1.930029738208e-03 2.337658696469e-05
1.053934641417e-03 1.922986163694e-03 4.546560784260e-05
1.155300954039e-03 -2.178547357815e-05 3.440969443961e-05
1.155300954039e-03 1.978214526422e-03 3.440969443961e-05
4.902343750000e-04 4.472656250000e-04 5.143894077455e-05
1.666015625000e-03 3.144531250000e-04 4.845789484756e-05
1.435546875000e-03 1.119140625000e-03 2.696225499383e-05
1.541015625000e-03 1.423828125000e-03 5.000928449281e-05
3.417968750000e-04 1.279296875000e-03 5.728101035369e-05
1.408203125000e-03 1.564453125000e-03 4.727653111394e-05
1.212890625000e-03 9.042968750000e-04 4.859601146909e-05
1.732421875000e-03 1.330078125000e-03 2.175262979514e-05
9.765625000000e-06 1.611328125000e-03 2.485389234324e-05
2.009765625000e-03 1.611328125000e-03 2.485389234324e-05
3.417968750000e-04 1.933593750000e-04 2.865563758018e-05
4.980468750000e-04 1.228515625000e-03 7.421875000000e-05
5.839843750000e-04 3.613281250000e-04 4.018926441210e-05
6.894531250000e-04 2.910156250000e-04 4.614479070174e-05
1.533203125000e-03 4.550781250000e-04 6.910861723810e-05
1.451171875000e-03 1.318359375000e-03 4.527632853083e-05
1.650390625000e-03 -2.539062500000e-05 3.055755394546e-05
1.650390625000e-03 1.974609375000e-03 3.055755394546e-05
2.480468750000e-04 1.197265625000e-03 4.773863210815e-05
1.537109375000e-03 1.904296875000e-03 4.604081585728e-05
9.570312500000e-05 1.068359375000e-03 1.530631190499e-05
1.521484375000e-03 1.134765625000e-03 2.537784890197e-05
1.361328125000e-03 1.068359375000e-03 2.505049749096e-05
