# 2D packing, generated 2026-09-30T17:09:16.280474+00:00
# generator = preprocess/generate_packing_gravity.py
# periodic axes = xy
# porosity_achieved = 0.324833  (target 0.325000)
# 171 distinct grains; 194 rows including 23 periodic edge images.
# Centres span [-R, L+R]: a grain need only be PARTLY inside.
# Do NOT drop the out-of-box rows -- they carry the conduction
# paths that cross the domain edge, and k_eff depends on them.
# header row is 'Lx Ly'; grain rows are 'x y r', all in metres
1.500000000000e-03 1.500000000000e-03
8.955188404911e-04 3.548312360075e-05 4.792609702612e-05
8.955188404911e-04 1.535483123601e-03 4.792609702612e-05
9.963125661724e-04 7.275529660976e-05 5.953957073538e-05
4.005420779319e-04 6.459468293404e-06 7.011879540696e-05
4.005420779319e-04 1.506459468293e-03 7.011879540696e-05
8.936210205127e-04 1.439048243772e-04 6.051248843793e-05
-4.032402167111e-05 4.930072602887e-05 8.727198051110e-05
-4.032402167111e-05 1.549300726029e-03 8.727198051110e-05
1.459675978329e-03 4.930072602887e-05 8.727198051110e-05
1.459675978329e-03 1.549300726029e-03 8.727198051110e-05
1.336521774755e-03 7.963573737991e-05 3.956379122824e-05
1.096834067100e-03 7.073535153927e-05 4.100331314773e-05
1.002167914010e-04 4.447822744689e-05 4.928744401307e-05
1.002167914010e-04 1.544478227447e-03 4.928744401307e-05
2.422165282421e-04 9.909225030243e-05 1.000000000000e-04
2.422165282421e-04 1.599092250302e-03 1.000000000000e-04
1.261983274670e-03 4.144347677100e-05 4.418980259715e-05
1.261983274670e-03 1.541443476771e-03 4.418980259715e-05
3.776962173247e-04 1.100063830684e-04 3.591863398619e-05
1.061560893169e-03 1.671673098669e-04 5.522563507749e-05
5.682603182520e-04 7.590819247163e-05 1.000000000000e-04
5.682603182520e-04 1.575908192472e-03 1.000000000000e-04
9.678893581683e-04 2.404214703634e-04 6.127128168268e-05
3.520032097625e-04 1.990510161029e-04 4.846634586975e-05
9.942546111315e-05 1.423013623056e-04 4.853892622039e-05
7.846355663848e-04 1.370507451516e-04 4.828032274180e-05
1.182581266968e-03 8.358468764693e-05 4.570240149902e-05
2.955010645511e-06 1.883513574928e-04 5.835907533125e-05
1.502955010646e-03 1.883513574928e-04 5.835907533125e-05
4.796142393512e-04 2.383561108576e-04 8.506067516473e-05
8.294239484593e-04 2.452160272794e-04 5.942609262713e-05
9.659036393861e-05 2.539276879165e-04 5.595578105427e-05
7.084063992950e-04 2.727920267157e-04 6.469366536483e-05
1.859893276364e-04 2.250939373592e-04 3.797806610278e-05
1.284796268900e-03 1.063397857129e-04 1.864862270160e-05
5.934993288969e-04 3.459054943635e-04 7.150194654799e-05
1.814759762551e-04 3.072206169700e-04 4.427261153027e-05
1.243050451610e-03 1.219996575350e-04 2.593815585354e-05
1.052895060900e-03 2.458227524611e-04 2.390595356874e-05
-2.778895092271e-05 3.305626293298e-04 8.713829062408e-05
1.472211049077e-03 3.305626293298e-04 8.713829062408e-05
4.557620905554e-04 3.972156110113e-04 7.548208721080e-05
3.347658434781e-04 4.533599109195e-04 5.790568853591e-05
9.204282645587e-05 3.578515980250e-04 3.576150583020e-05
8.998093362993e-04 3.144640495404e-04 3.931299719462e-05
5.450546068207e-05 4.030443389270e-04 2.252472395901e-05
2.022092609091e-04 4.269647472705e-04 7.725336009744e-05
1.320000412709e-03 2.216938244869e-04 1.000000000000e-04
2.665937834688e-04 5.343749947423e-04 4.797575073963e-05
7.033032572203e-04 3.878077647031e-04 4.602551608440e-05
1.679986315282e-04 5.512390371792e-04 5.164385963614e-05
1.359375864794e-03 3.415384802555e-04 2.614750962822e-05
1.033601226257e-03 2.879206459538e-04 1.981029747799e-05
2.322115668003e-04 6.179615360411e-04 4.095852867005e-05
1.372133710980e-03 4.029079938251e-04 3.627463241228e-05
1.151863300470e-03 1.607766897762e-04 3.530272961197e-05
5.668112595938e-04 4.767067923368e-04 6.082680552548e-05
6.823422145138e-04 4.858295280474e-04 5.421235868839e-05
1.003754538187e-04 4.142564985054e-04 2.125557029342e-05
1.196245533663e-03 2.193640817855e-04 2.172627129061e-05
1.134960744954e-03 2.371566513346e-04 4.208909408755e-05
2.476291141633e-07 5.079477930273e-04 9.245007047900e-05
1.500247629114e-03 5.079477930273e-04 9.245007047900e-05
9.673832172380e-05 5.692163321308e-04 2.184918946296e-05
6.314415554151e-05 6.125068767693e-04 2.956875612178e-05
-3.561415814768e-06 6.433406233752e-04 4.299732397072e-05
1.496438584185e-03 6.433406233752e-04 4.299732397072e-05
6.243752835822e-04 5.476819673328e-04 3.055726673386e-05
1.084366732248e-03 2.908504156552e-04 3.103013383491e-05
1.306036211737e-03 4.405410056831e-04 3.978537267616e-05
1.155372215630e-03 3.257348578128e-04 4.808192273650e-05
1.360807466736e-03 6.886443930860e-04 1.000000000000e-04
3.482242616520e-04 5.443933592051e-04 3.401817677572e-05
-8.746630035562e-06 7.194958537846e-04 3.333510533131e-05
1.491253369964e-03 7.194958537846e-04 3.333510533131e-05
7.102826467473e-04 6.171976436692e-04 7.995293330754e-05
9.756450763266e-04 3.431767856208e-04 4.177638206981e-05
5.824981230149e-04 5.650307244222e-04 1.477126696869e-05
9.178449089739e-04 3.757469033726e-04 2.456872028405e-05
1.212249080622e-03 4.146873797834e-04 5.749998498516e-05
7.841456966619e-04 3.062886713382e-04 1.660016810880e-05
4.845090621994e-04 4.907795086056e-04 2.234596781546e-05
1.062636383891e-03 4.504344298881e-04 9.632398175518e-05
4.833780958132e-05 7.231599682642e-04 2.386696056529e-05
1.182190931377e-03 5.029757436776e-04 3.426654019430e-05
1.584605053122e-04 7.798695923293e-04 1.000000000000e-04
-3.366022071469e-05 8.005326870420e-04 5.144567084563e-05
1.466339779285e-03 8.005326870420e-04 5.144567084563e-05
8.476689863254e-04 6.473157980534e-04 6.069595412197e-05
3.482743508406e-04 8.428827331554e-04 1.000000000000e-04
7.766727548456e-04 7.237461225420e-04 4.359871012858e-05
5.477415202363e-04 8.574703485751e-04 1.000000000000e-04
4.424036543961e-04 9.188654005833e-04 2.095382086363e-05
1.213980737209e-03 6.886994071428e-04 4.682650149408e-05
9.393190337569e-04 6.705802489656e-04 3.386072662066e-05
2.283309987844e-04 8.867931539890e-04 2.772837603603e-05
3.886120556298e-05 8.783612776028e-04 5.493420272909e-05
1.538861205563e-03 8.783612776028e-04 5.493420272909e-05
6.987940104412e-04 9.121131628906e-04 6.063227349329e-05
1.137861773341e-03 5.642376548294e-04 4.009464273580e-05
6.205649737872e-04 9.804899431231e-04 4.271418460852e-05
1.228324039797e-03 8.384714102643e-04 1.000000000000e-04
4.697964568985e-04 9.703752231810e-04 3.687575820770e-05
9.395386594078e-04 4.832151555504e-04 3.106371699461e-05
1.398743885736e-03 8.347140293896e-04 2.430118883220e-05
1.054631116416e-03 9.376215940936e-04 1.000000000000e-04
1.584567408093e-04 9.406293105438e-04 6.048016576694e-05
2.546556303157e-04 9.734674238073e-04 4.115643627396e-05
9.234821074605e-04 9.791037256947e-04 3.755308739508e-05
4.097118816033e-04 9.384373926621e-04 1.360045785665e-05
8.986456596200e-04 7.206963329355e-04 2.865349535006e-05
5.580621883443e-04 1.021258370487e-03 3.190930661978e-05
4.146577746126e-04 1.001374535113e-03 2.637953109262e-05
9.636903215318e-04 1.035056860243e-03 3.130809316235e-05
4.926761989194e-04 1.061391185106e-03 4.481083157546e-05
8.455240101190e-04 7.351750056540e-04 2.619466149008e-05
4.104819837141e-05 1.015551070292e-03 7.879668004432e-05
1.541048198371e-03 1.015551070292e-03 7.879668004432e-05
4.091672155621e-04 1.089937650985e-03 4.344265206583e-05
3.078658507636e-04 1.090938060456e-03 5.786380796572e-05
1.432663320900e-03 8.610612443604e-04 1.782094512767e-05
1.204974387721e-03 1.003286276340e-03 6.405784624727e-05
1.387190360055e-03 9.008262505916e-04 4.258657711922e-05
6.174670278975e-04 1.064641771994e-03 4.149469410835e-05
1.125142538995e-03 1.040164621098e-03 2.388043387091e-05
5.558262900278e-04 1.120809300150e-03 4.189832293996e-05
1.068995387297e-03 1.087935583060e-03 4.983909827087e-05
1.444293724845e-03 9.540712719182e-04 3.543253395091e-05
1.322165442903e-03 9.182379272740e-04 2.316211735342e-05
1.690311597063e-04 1.134756789075e-03 8.772190948424e-05
1.425043123257e-03 1.026704589750e-03 3.774335350728e-05
8.052065383533e-04 1.011749676665e-03 8.514526450731e-05
4.775678419969e-05 1.189423919085e-03 4.530446508844e-05
9.084150963680e-04 1.080285341374e-03 3.843422165380e-05
1.169052584524e-03 1.112350605349e-03 5.066130185428e-05
1.325306720745e-03 1.046688825516e-03 6.386277578881e-05
6.876518884385e-04 1.017018650197e-03 3.206366787311e-05
4.769868062228e-04 1.157956020502e-03 4.293550579205e-05
5.670452763584e-04 1.243404734830e-03 8.120975715399e-05
9.781167061483e-04 1.147720256897e-03 5.852100581345e-05
7.137204564490e-04 1.066696839148e-03 2.068298452546e-05
4.437345569988e-04 1.280706084142e-03 4.761935348082e-05
8.397516210330e-04 1.158623576022e-03 6.573656518334e-05
7.295386325988e-04 1.256752272134e-03 8.183090550335e-05
9.192688215890e-04 1.234330781235e-03 4.405675869986e-05
6.264654999289e-04 1.398492709493e-03 8.487230652108e-05
3.765996913374e-04 1.293554409987e-03 2.073394208033e-05
8.650573467136e-04 1.328701755819e-03 6.477692170995e-05
1.258304530212e-03 1.124314191477e-03 3.748729965746e-05
5.007661318494e-04 1.443037231190e-03 4.848702046095e-05
1.460487133128e-03 1.089046541677e-03 3.025225717227e-05
1.065160667110e-03 1.169891512290e-03 3.130224120849e-05
9.682974083631e-04 1.378548422281e-03 4.986689672046e-05
1.391274967252e-03 1.170218827528e-03 7.617839470346e-05
1.129560006406e-03 1.189907753828e-03 3.613606264890e-05
-1.803482344635e-05 1.268208843971e-03 5.733880269258e-05
1.481965176554e-03 1.268208843971e-03 5.733880269258e-05
2.979802184689e-04 1.211095235631e-03 6.209333719522e-05
2.186089306521e-04 1.237033241222e-03 1.991556286313e-05
7.777175170005e-04 1.353124403705e-03 2.591332832877e-05
1.396318650720e-03 1.277812190290e-03 2.884449060971e-05
1.201999526290e-03 1.217046944444e-03 4.122038316063e-05
1.597402734360e-04 1.271381027826e-03 4.750933731306e-05
8.997318376663e-04 1.409214577818e-03 2.180612261285e-05
2.496037120737e-04 1.314702007414e-03 5.225113946247e-05
9.303982625260e-04 1.448804827559e-03 2.827199125231e-05
3.297786596067e-04 1.342350222159e-03 2.996434389102e-05
7.833150368526e-04 -3.599274883724e-05 8.511094010781e-05
7.833150368526e-04 1.464007251163e-03 8.511094010781e-05
1.148682194611e-03 1.242185838835e-03 1.767532889084e-05
3.975778697420e-04 1.336209925755e-03 2.456872418032e-05
6.407448898588e-05 1.311995870055e-03 2.839933446878e-05
2.851431873425e-04 1.429941422800e-03 6.834406961758e-05
1.409485742664e-03 1.368975041859e-03 6.322555326437e-05
1.180078079178e-03 1.333081722264e-03 7.686695531084e-05
1.314762478129e-03 1.428727953603e-03 4.876956853178e-05
1.388234689429e-04 -7.235122205322e-05 7.274483208116e-05
1.388234689429e-04 1.427648777947e-03 7.274483208116e-05
1.239337051556e-03 1.418763992805e-03 2.731114839753e-05
2.138711624225e-04 -1.764265216592e-05 2.012707507514e-05
2.138711624225e-04 1.482357347834e-03 2.012707507514e-05
1.256791967676e-03 1.466027054045e-03 2.016375369280e-05
1.702192249961e-05 1.351529611918e-03 3.305707957703e-05
1.517021922500e-03 1.351529611918e-03 3.305707957703e-05
1.229546197136e-07 1.425577658053e-03 4.289558062047e-05
1.500122954620e-03 1.425577658053e-03 4.289558062047e-05
4.556800733955e-05 1.475211515259e-03 2.184925599052e-05
4.702148437500e-04 6.459960937500e-04 1.606380194334e-05
1.067871093750e-03 7.163085937500e-04 5.835078961191e-05
8.833007812500e-04 8.481445312500e-04 3.145466665924e-05
8.247070312500e-04 4.467773437500e-04 8.910296675242e-05
3.500976562500e-04 6.606445312500e-04 3.447270978494e-05
5.610351562500e-04 6.782226562500e-04 8.060634663397e-05
1.076660156250e-03 1.451660156250e-03 4.457314691351e-05
