Lx=1.500000e-03
Ly=1.500000e-03
Lz=2.233887e-04
Nx=1024
Ny=1024
Nz=152
eps=7.324218750000e-07
