Lx=1.000000e-03
Ly=1.000000e-03
Lz=2.232925e-04
Nx=571
Ny=571
Nz=127
eps=8.756567425569e-07
