Lx=1.000000e-03
Ly=1.000000e-03
Lz=2.246094e-04
Nx=1024
Ny=1024
Nz=230
eps=4.882812500000e-07
