Lx=1.500000e-03
Ly=1.500000e-03
Lz=2.231622e-04
Nx=857
Ny=857
Nz=128
eps=8.751458576429e-07
