Lx=2.000000e-03
Ly=2.000000e-03
Lz=2.246094e-04
Nx=1024
Ny=1024
Nz=115
eps=9.765625000000e-07
