# 2D packing, generated 2026-10-01T15:39:17.937218+00:00
# generator = preprocess/generate_packing_gravity.py
# periodic axes = xy
# porosity_achieved = 0.275116  (target 0.275000)
# 326 distinct grains; 359 rows including 33 periodic edge images.
# Centres span [-R, L+R]: a grain need only be PARTLY inside.
# Do NOT drop the out-of-box rows -- they carry the conduction
# paths that cross the domain edge, and k_eff depends on them.
# header row is 'Lx Ly'; grain rows are 'x y r', all in metres
2.000000000000e-03 2.000000000000e-03
5.977862466379e-04 3.222987358107e-05 6.035439484565e-05
5.977862466379e-04 2.032229873581e-03 6.035439484565e-05
6.823786629562e-04 1.714497480395e-05 2.557254833775e-05
6.823786629562e-04 2.017144974804e-03 2.557254833775e-05
7.969029773068e-04 2.163116587320e-05 8.903964535979e-05
7.969029773068e-04 2.021631165873e-03 8.903964535979e-05
1.581729804704e-03 7.414719169443e-05 1.000000000000e-04
1.581729804704e-03 2.074147191694e-03 1.000000000000e-04
5.000826408458e-04 9.854390306698e-05 5.772841830505e-05
6.894252188591e-04 8.539577042337e-05 3.531462065056e-05
4.078392147060e-04 9.265913505601e-05 3.470253788509e-05
1.409953439951e-03 8.102069058289e-05 6.831339864046e-05
9.425320983739e-04 2.737882636629e-05 2.885969592621e-05
9.425320983739e-04 2.027378826366e-03 2.885969592621e-05
9.312192206040e-04 1.046013958464e-04 4.918738764953e-05
6.144035961055e-04 1.671203488702e-04 7.555584308318e-05
1.801935997069e-03 8.502823947245e-06 4.886948072085e-05
1.801935997069e-03 2.008502823947e-03 4.886948072085e-05
1.866278620880e-03 4.708866535243e-05 2.113553141589e-05
3.057169699375e-04 9.613079943369e-05 6.747870482340e-05
7.813214958215e-04 1.988327039682e-04 8.884564735485e-05
9.173184707017e-04 1.987698851522e-04 4.600183733398e-05
6.788021287868e-04 2.398132439981e-04 2.155971342458e-05
1.833725953730e-03 8.351283567409e-05 2.771523034689e-05
4.365318195047e-04 1.509439174676e-04 2.463947755924e-05
1.544422659781e-04 3.038325785032e-05 7.512715725664e-05
1.544422659781e-04 2.030383257850e-03 7.512715725664e-05
1.850968966523e-04 1.930629532890e-04 8.726316146106e-05
4.987167390318e-05 7.792201747718e-05 3.974208315938e-05
3.232186956874e-04 2.180306840924e-04 5.163148726407e-05
1.030448495065e-03 9.910741362974e-05 5.019386443146e-05
4.875569001261e-04 2.215315820653e-04 6.245918823904e-05
1.475572257219e-03 1.759101864344e-04 4.705491581258e-05
1.177240036266e-03 5.683784277195e-05 5.065283751891e-05
1.292467279493e-03 7.141848432359e-05 4.782908727566e-05
2.681235499493e-04 3.405318231211e-04 8.197186089394e-05
1.326557611621e-03 1.578322897928e-04 4.506599859449e-05
-4.354528636876e-05 7.059353480266e-05 4.831105739399e-05
1.956454713631e-03 7.059353480266e-05 4.831105739399e-05
1.891308598790e-03 7.572659618178e-05 1.689704939761e-05
3.358504431840e-06 1.684900680464e-04 6.024288801882e-05
2.003358504432e-03 1.684900680464e-04 6.024288801882e-05
1.882093817830e-03 1.584077748421e-04 6.144030941343e-05
6.970490952878e-04 3.283221444371e-04 6.565148338968e-05
1.540431898049e-03 1.842343081307e-04 1.738891899496e-05
1.737808790680e-03 9.301056713626e-05 5.721478409899e-05
5.829529411420e-04 2.906399279603e-04 5.190488547877e-05
3.862689233697e-04 1.499712743145e-04 2.563283360778e-05
6.136188929563e-04 3.593919926815e-04 2.337624608483e-05
1.679744374534e-03 1.727893947567e-04 3.905804847840e-05
1.123153884921e-03 1.461614106669e-04 5.376943768147e-05
6.539662113470e-05 2.578448894274e-04 4.853798032779e-05
8.746729184403e-04 2.395345725985e-04 1.299310725050e-05
1.048458052131e-03 1.746730820325e-04 2.618041232687e-05
1.224975838812e-03 2.613952354230e-04 1.000000000000e-04
1.276325452192e-04 3.427793874842e-04 5.675884119730e-05
4.036253919410e-04 3.403795555087e-04 5.353006669967e-05
1.781341325346e-03 1.835519002524e-04 4.113606123739e-05
1.765667967029e-04 4.360946454874e-04 4.860963538780e-05
5.422305425781e-04 3.879862180706e-04 5.352581738228e-05
2.685462486425e-04 4.787071698402e-04 5.276182250952e-05
1.843872327639e-03 3.152582719810e-04 1.000000000000e-04
1.599539763145e-03 2.275449711412e-04 5.442446565283e-05
9.057286434794e-04 2.907881096811e-04 4.674366910442e-05
1.867425135478e-04 5.224580718500e-04 3.835160837744e-05
8.025222603515e-04 3.249381229061e-04 3.902860654764e-05
1.407744428413e-03 2.890360666384e-04 8.484691759247e-05
1.525407921118e-03 2.680884961587e-04 3.006993383995e-05
8.692413285647e-04 3.693018229227e-04 3.983445620281e-05
1.071995887390e-03 2.774620907149e-04 5.382139646215e-05
1.312060403393e-03 3.844587248973e-04 5.028604378313e-05
7.965498750424e-04 4.070387489032e-04 4.206879868283e-05
7.135726807249e-04 4.399569014754e-04 4.719955602973e-05
1.652292600573e-03 3.726795765625e-04 1.000000000000e-04
2.468880922808e-04 5.706346169974e-04 3.871008377393e-05
1.782653228266e-03 4.472745624019e-04 4.552005280788e-05
1.707425164872e-03 5.287665170212e-04 6.538622852081e-05
1.604979766874e-03 5.483589886667e-04 3.891586015084e-05
8.635591876843e-04 4.381578205747e-04 2.925573396470e-05
9.878706317071e-04 3.199225290996e-04 4.041212325905e-05
1.845073522377e-03 4.539605424539e-04 1.725729578740e-05
8.142067887653e-04 4.902932956409e-04 4.253412880932e-05
-2.115892328946e-05 2.611648436977e-04 3.562018804596e-05
1.978841076711e-03 2.611648436977e-04 3.562018804596e-05
1.394575800975e-03 4.040987813701e-04 3.096694241965e-05
1.351956656542e-05 3.332990685606e-04 4.302930069463e-05
2.013519566565e-03 3.332990685606e-04 4.302930069463e-05
3.565097083404e-04 4.092797219105e-04 2.991468129710e-05
1.044654060368e-03 3.528831873879e-04 2.514998776537e-05
7.443761321386e-04 5.133623698152e-04 3.100853786365e-05
1.356904190815e-03 4.718237471956e-04 4.653032122225e-05
1.644194094557e-03 6.281307537548e-04 4.992319200940e-05
7.910524671107e-04 5.957775539432e-04 6.369084079998e-05
6.357195465307e-04 5.423848347699e-04 8.145743775477e-05
4.553148536232e-04 5.618994964257e-04 1.000000000000e-04
-3.647890804940e-05 4.360468845598e-04 7.001682044236e-05
1.963521091951e-03 4.360468845598e-04 7.001682044236e-05
1.868076315823e-03 5.422296014760e-04 7.275738940208e-05
3.369650016075e-04 5.181089346895e-04 2.619208910094e-05
1.179712063469e-03 4.562132250935e-04 1.000000000000e-04
8.993584094685e-04 5.957835120236e-04 4.461514033789e-05
1.301805836317e-03 5.509611640320e-04 4.989873925749e-05
1.965656566150e-03 5.422063700704e-04 2.480639627276e-05
5.651256388323e-04 6.362076778514e-04 3.259022108574e-05
1.002019516011e-03 3.856452323434e-04 2.681635191394e-05
3.133169774073e-04 6.568919619250e-04 7.016212494982e-05
1.776657571674e-03 6.225974457362e-04 4.896515295772e-05
1.711588121062e-03 7.168553044579e-04 6.149494275332e-05
1.594443979949e-03 7.231180298545e-04 5.581648724676e-05
1.795904637626e-04 6.827935527889e-04 6.597622942896e-05
6.479375700937e-04 6.931121197444e-04 6.788839282358e-05
1.211911993305e-03 6.138371318644e-04 5.980218802902e-05
9.702561832961e-04 5.957835114656e-04 2.628265335310e-05
1.651623245194e-03 7.660960911352e-04 1.571360922512e-05
1.107910929219e-03 6.112514025433e-04 4.423102315727e-05
8.572547534043e-04 6.570428612796e-04 2.650994744659e-05
1.950859991636e-03 5.949783118803e-04 2.540211897982e-05
1.425017603900e-03 5.739084029121e-04 7.523194845551e-05
1.314966430030e-03 6.491626012886e-04 4.904042278075e-05
1.818021238300e-03 7.357339425373e-04 4.659951408427e-05
2.545128542138e-04 7.308329114681e-04 2.302458277651e-05
4.317878640125e-04 7.318399811566e-04 7.002552121092e-05
5.475993641116e-04 7.471961901666e-04 4.592688294443e-05
9.047888806965e-04 6.617436524856e-04 2.125605586693e-05
1.231273461025e-03 7.725705239075e-04 1.000000000000e-04
1.625060717287e-03 8.321787381826e-04 5.550776488137e-05
6.842571534650e-05 4.138024128902e-04 3.520493480158e-05
2.178301872882e-04 7.725277029158e-04 3.156603912321e-05
1.029994520690e-03 6.181253703331e-04 3.398802093601e-05
1.381313109178e-03 7.883820590904e-04 5.087047644529e-05
6.191457245686e-04 8.041297435209e-04 4.550785439425e-05
1.147839775066e-03 6.613708390709e-04 1.937260030992e-05
8.056392691722e-04 6.995206842945e-04 4.033707020933e-05
5.342930400940e-04 8.429757284115e-04 4.779637395936e-05
1.330917759449e-03 8.536338994225e-04 2.845332638112e-05
9.855111671897e-04 7.160794946654e-04 7.359348071336e-05
4.413406639376e-04 8.569099305021e-04 4.619461659268e-05
1.490068478698e-03 7.883819457524e-04 5.788483685536e-05
8.720715226309e-04 7.593332144243e-04 4.781260376465e-05
1.078257385163e-03 8.125186249140e-04 5.814477622192e-05
6.297566882265e-04 9.326324518686e-04 8.316788379113e-05
4.873808464365e-04 9.531833011565e-04 6.052117773353e-05
6.252042838602e-05 4.930155577962e-04 4.420357852493e-05
7.124931560195e-04 6.008294554277e-04 1.503080050389e-05
1.898085932902e-03 7.358648361035e-04 3.346526423770e-05
1.873966762946e-03 8.638461501140e-04 9.319547873363e-05
1.280817683890e-03 9.269645500426e-04 6.035771961764e-05
9.808455789861e-04 8.325129459541e-04 4.129783464706e-05
1.708935179858e-03 8.066777755504e-04 2.836669763095e-05
1.429056287282e-03 9.113831076405e-04 7.941692324937e-05
3.268596689847e-04 9.531905655014e-04 1.000000000000e-04
1.351934423966e-03 1.000347114557e-03 3.832157892375e-05
9.094836601744e-04 8.276465010282e-04 3.006408416465e-05
1.217901969345e-04 8.072412163275e-04 7.055500552728e-05
1.704561051654e-03 8.651850139798e-04 3.030382262385e-05
1.756417721473e-03 9.115815845638e-04 3.367630388926e-05
5.537636041021e-04 1.074215086504e-03 7.751999286678e-05
8.345706031673e-04 8.468420917690e-04 4.726919983409e-05
1.838698937267e-06 8.638470389073e-04 3.467547893882e-05
2.001838698937e-03 8.638470389073e-04 3.467547893882e-05
4.079619245861e-04 1.098244011383e-03 6.618688094124e-05
7.635030015447e-04 9.328325707632e-04 5.057858260337e-05
1.029087671747e-03 9.471261894640e-04 8.305446771137e-05
4.882507271853e-04 1.191919677546e-03 5.718825573087e-05
9.045546996375e-04 9.095050741111e-04 4.666920080564e-05
-1.279271687311e-05 9.445572690917e-04 4.586458477481e-05
1.987207283127e-03 9.445572690917e-04 4.586458477481e-05
1.799763355752e-03 9.548491735584e-04 2.422546870846e-05
1.694887282660e-03 9.271868614331e-04 2.980219374278e-05
1.799974039436e-04 9.550216418221e-04 4.687368058500e-05
1.428951019146e-03 1.037760580777e-03 4.696059373582e-05
2.865559703287e-04 1.104858626174e-03 5.539913501984e-05
3.408679003959e-04 1.173317364968e-03 3.194468913385e-05
1.910255481490e-03 1.010451100295e-03 5.544415068452e-05
1.147989828293e-03 8.808913485747e-04 3.663661492303e-05
7.533942702239e-05 1.038820500704e-03 8.318127155774e-05
2.075339427022e-03 1.038820500704e-03 8.318127155774e-05
1.545039109034e-03 8.542536666809e-04 2.750283839053e-05
1.769490710493e-03 1.076391704086e-03 1.000000000000e-04
-3.584292374636e-05 1.085122357556e-03 3.664916383446e-05
1.964157076254e-03 1.085122357556e-03 3.664916383446e-05
3.975424326945e-04 1.208333904165e-03 3.467483224428e-05
1.547397422202e-03 9.226326099137e-04 3.945762601538e-05
1.540523523695e-03 1.060131739021e-03 6.683260682512e-05
2.473577515860e-04 1.240862066097e-03 8.340883088691e-05
1.343019086580e-03 1.094216736736e-03 5.585766623289e-05
1.223210025459e-03 1.103737182707e-03 6.432906359870e-05
1.636945600844e-03 1.087659052806e-03 3.302315301881e-05
1.597963959379e-03 1.152603763867e-03 4.202729870143e-05
8.476469377204e-04 9.894699147170e-04 5.085115177755e-05
1.901068721890e-03 1.142285274984e-03 4.715548160833e-05
6.754022413275e-04 1.074512404109e-03 4.411901107271e-05
1.086571821071e-03 1.103737118561e-03 7.230914081678e-05
1.445806326997e-03 1.164624833298e-03 6.873172683042e-05
1.551721787166e-03 1.252969209780e-03 6.847863428126e-05
1.550862775617e-05 1.163394456398e-03 5.501568964348e-05
2.015508627756e-03 1.163394456398e-03 5.501568964348e-05
7.216196959079e-04 9.953591573375e-04 2.459887582997e-05
1.831470991599e-03 1.204400748264e-03 4.222471879769e-05
-5.585437594101e-05 1.301006865730e-03 1.000000000000e-04
1.944145624059e-03 1.301006865730e-03 1.000000000000e-04
1.189579285839e-04 1.257878437055e-03 4.611364371708e-05
1.357451402577e-03 1.172457863035e-03 1.994767833797e-05
9.737608777170e-04 1.127340449393e-03 4.294460606938e-05
1.371913314117e-03 1.204159883151e-03 1.489719165459e-05
1.163977012017e-03 1.172685298658e-03 2.656864030931e-05
1.748723704794e-03 1.218525164372e-03 4.171938524757e-05
1.800807628582e-03 1.285765840969e-03 4.333379638802e-05
1.817927567448e-03 1.375608790729e-03 4.660540772026e-05
5.810856668583e-04 1.192350090037e-03 3.561025842161e-05
1.889868412080e-03 1.425372291851e-03 3.569372837537e-05
3.822896057985e-04 1.313181200751e-03 6.968154280854e-05
7.763717192195e-04 1.005193403752e-03 2.209626744242e-05
1.669562972906e-03 1.274598183743e-03 5.130080682264e-05
4.777938232670e-04 1.278154262988e-03 2.967804944397e-05
4.865137935079e-04 1.345117621874e-03 3.785070933504e-05
1.818330652292e-03 1.473585730573e-03 5.011723954881e-05
1.686442004647e-04 1.328813270673e-03 3.462183257159e-05
7.575197079901e-04 1.062468818354e-03 3.820192030212e-05
4.384650786694e-04 1.429129411071e-03 5.893083620491e-05
-5.101710909775e-05 1.547512545986e-03 1.000000000000e-04
1.948982890902e-03 1.547512545986e-03 1.000000000000e-04
3.406075452262e-04 1.429814660421e-03 3.759382588807e-05
6.539751586443e-05 1.547971985640e-03 1.641558483753e-05
1.388057319478e-03 1.278133585769e-03 5.862283672993e-05
9.775112065778e-05 1.626086988961e-03 6.813451807915e-05
1.195276451424e-06 1.667178977817e-03 2.946543832763e-05
2.001195276451e-03 1.667178977817e-03 2.946543832763e-05
1.921467498444e-03 1.703063372974e-03 5.796584635481e-05
1.797096667929e-03 1.576978898076e-03 5.428728727422e-05
3.671121666940e-04 1.521167332516e-03 5.752615185074e-05
1.114405856902e-03 1.209556548708e-03 3.521152236589e-05
4.665540866655e-04 1.526902047693e-03 4.108768038536e-05
4.061563484533e-05 1.695517592970e-03 1.908400199633e-05
7.370809977824e-04 1.145728188722e-03 4.752942535956e-05
1.293708134770e-03 1.166950010732e-03 3.035853814231e-05
1.306187617997e-03 1.229970819055e-03 3.388599301221e-05
1.610870185565e-03 1.360710214830e-03 5.291111827448e-05
4.259768189372e-04 1.562568914242e-03 1.223182728802e-05
1.186749382786e-03 1.240719648428e-03 4.355843236855e-05
6.650621886756e-04 1.220745356916e-03 5.303706188556e-05
2.331775845563e-04 1.430129939699e-03 6.983660077271e-05
1.302409983213e-03 1.295351735867e-03 2.870961157658e-05
2.669241567918e-04 1.542975851085e-03 4.500798434665e-05
5.272381489395e-04 1.526901678021e-03 1.959638188975e-05
1.117048308832e-03 1.285490348196e-03 3.927043546186e-05
1.334588856637e-03 1.361135719324e-03 4.011029270142e-05
1.199368312179e-03 1.397827653835e-03 1.000000000000e-04
1.708433091512e-03 1.365101344108e-03 4.474785094634e-05
1.702615043004e-03 1.593268487044e-03 4.158398067102e-05
1.472573094412e-03 1.414003160238e-03 9.529894760764e-05
5.496889699946e-04 1.231361415405e-03 1.446600515477e-05
5.832383778465e-04 1.298547094325e-03 5.987106727538e-05
8.258136725504e-04 1.069057747382e-03 3.040915446789e-05
1.747717727867e-03 1.631133981289e-03 1.729075521529e-05
1.080679318726e-03 1.398379865996e-03 1.869027902611e-05
1.611396241237e-03 1.466445129768e-03 5.282510635490e-05
1.543123821232e-03 1.547722849730e-03 5.332192172091e-05
1.863314819850e-04 1.627831987789e-03 2.046305486347e-05
8.743025015454e-05 1.737629237672e-03 4.388430258451e-05
1.352585064733e-03 1.428166269954e-03 2.550537689685e-05
3.309819900914e-04 1.674494011795e-03 1.000000000000e-04
4.498940428195e-04 1.589854201891e-03 2.403060465627e-05
7.450932637069e-04 1.229597096381e-03 2.748204306620e-05
1.630148926763e-03 1.552871427668e-03 3.385535215719e-05
1.813653426931e-03 1.679731148113e-03 4.979045600373e-05
8.739052459534e-04 1.145751169631e-03 5.859406546282e-05
6.865655125766e-04 1.323205028583e-03 4.635750935747e-05
1.368815248865e-03 1.484542276408e-03 3.010469047919e-05
9.526937008652e-04 1.208452293147e-03 4.085847942299e-05
8.208319514833e-04 1.241782913380e-03 4.923068705087e-05
1.715624325118e-03 1.660552199882e-03 2.624564432800e-05
1.413937091921e-03 1.518670851645e-03 2.467399396266e-05
2.027441622502e-04 1.673686695640e-03 2.824048784509e-05
1.844441951579e-03 1.765019853789e-03 4.088556368405e-05
1.018012635535e-03 1.284363268988e-03 5.928661271695e-05
5.309174127489e-04 1.700938202210e-03 1.000000000000e-04
7.889939869832e-04 1.349501830062e-03 5.939273479003e-05
1.357723843331e-03 1.561693772559e-03 4.611372628684e-05
1.449720564031e-03 1.598324536718e-03 5.290754764320e-05
4.100345926865e-04 1.805704739805e-03 5.318486256362e-05
9.042162726756e-04 1.315580326738e-03 5.871386442266e-05
1.544384666927e-03 1.669999119158e-03 6.582973628516e-05
-8.651558097049e-06 1.844731418625e-03 1.000000000000e-04
1.991348441903e-03 1.844731418625e-03 1.000000000000e-04
1.780869731132e-03 1.778678528589e-03 2.354213198376e-05
6.301671067463e-04 1.398968606075e-03 4.809300601721e-05
1.005557722395e-03 1.402149594667e-03 5.652584420259e-05
8.774208342537e-04 1.477836937684e-03 9.229497463902e-05
7.236606178368e-04 1.453562836282e-03 6.017317793646e-05
1.364431868244e-03 1.660353408114e-03 5.255212796944e-05
1.241898739798e-03 1.562124300427e-03 6.971219143186e-05
5.271345612388e-04 1.894945099242e-03 9.404378316217e-05
1.141711417123e-03 1.568529333342e-03 2.989371556119e-05
6.431944276597e-04 1.470843730111e-03 2.212771545587e-05
1.811840235625e-03 1.878442663525e-03 7.713027102718e-05
1.634619193206e-03 1.668617738180e-03 2.441537652150e-05
1.448528470077e-03 1.689434705969e-03 3.145219674312e-05
1.712849415091e-03 1.885858905009e-03 2.213852361683e-05
1.638930763350e-03 1.752694918154e-03 5.977228214294e-05
1.550196536085e-04 1.707365881505e-03 3.017129286517e-05
1.505822403862e-03 1.786301379893e-03 5.669892385702e-05
1.672253843659e-03 1.887959617459e-03 1.851177902223e-05
1.594071533010e-03 1.866515727630e-03 6.255829496417e-05
1.457035197315e-04 1.752969709810e-03 1.637438080152e-05
1.073181168365e-03 1.437196154632e-03 1.957858881769e-05
1.904596963841e-03 -2.270196472175e-05 5.842936362534e-05
1.904596963841e-03 1.977298035278e-03 5.842936362534e-05
1.009659651973e-03 1.505217242705e-03 4.272591535724e-05
6.584485740246e-04 1.563142406579e-03 6.734267552797e-05
1.064412784512e-05 -6.914460637357e-06 4.626162162918e-05
1.064412784512e-05 1.993085539363e-03 4.626162162918e-05
2.010644127845e-03 -6.914460637357e-06 4.626162162918e-05
2.010644127845e-03 1.993085539363e-03 4.626162162918e-05
6.555426975626e-04 1.927429168964e-03 3.821229581111e-05
1.067026259889e-03 1.568653745674e-03 4.280254735582e-05
3.342722730160e-04 1.822720942498e-03 2.446489885043e-05
3.783699683653e-04 1.911854290402e-03 5.245814348924e-05
1.157519027640e-03 1.659624447285e-03 5.923050089524e-05
1.002511428252e-03 1.696052337257e-03 1.000000000000e-04
1.264616534718e-03 1.719358363661e-03 6.339909743405e-05
2.124623861219e-04 1.848291510733e-03 1.000000000000e-04
7.779639263624e-04 1.579140899540e-03 4.967040591071e-05
1.013586968922e-04 1.880467520619e-03 1.566905934408e-05
8.622089897982e-04 1.717177578091e-03 4.024128620507e-05
8.843014238917e-04 1.848410922059e-03 9.283867662055e-05
1.159832033617e-03 1.771099798668e-03 5.015258057438e-05
1.231435904949e-03 1.806252826630e-03 2.961489350462e-05
1.462155650112e-03 1.913539002329e-03 7.618333176235e-05
1.726371892211e-03 1.934662590146e-03 2.517088143064e-05
1.667257930649e-03 1.929875779176e-03 2.330689439392e-05
1.286218414403e-03 -7.627846884078e-05 1.000000000000e-04
1.286218414403e-03 1.923721531159e-03 1.000000000000e-04
1.631273869455e-03 1.958580485501e-03 2.272366963978e-05
1.031416735737e-03 1.846585350907e-03 4.333542363246e-05
1.399061133931e-03 -9.768909364874e-06 2.312726662072e-05
1.399061133931e-03 1.990231090635e-03 2.312726662072e-05
1.010832885028e-03 1.918924623879e-03 3.187543268666e-05
9.786956350340e-04 -2.379606331390e-05 3.380360268727e-05
9.786956350340e-04 1.976203936686e-03 3.380360268727e-05
1.679489190799e-03 -1.753608350120e-05 2.988696210828e-05
1.679489190799e-03 1.982463916499e-03 2.988696210828e-05
1.583098694588e-03 1.951260702872e-03 2.289415979955e-05
9.103231758132e-04 -2.705256716788e-05 3.438749357369e-05
9.103231758132e-04 1.972947432832e-03 3.438749357369e-05
7.246093750000e-04 1.744140625000e-03 6.880682238022e-05
1.367187500000e-05 6.894531250000e-04 6.942005469224e-05
2.013671875000e-03 6.894531250000e-04 6.942005469224e-05
8.007812500000e-05 1.419921875000e-03 8.286407592030e-05
2.080078125000e-03 1.419921875000e-03 8.286407592030e-05
9.628906250000e-04 4.863281250000e-04 5.678495169568e-05
1.115234375000e-03 1.927734375000e-03 2.223046404571e-05
1.494140625000e-03 4.433593750000e-04 3.626621593675e-05
1.380859375000e-03 1.783203125000e-03 2.961001704065e-05
7.324218750000e-04 7.988281250000e-04 6.363435892180e-05
1.169921875000e-03 9.863281250000e-04 6.358914295351e-05
3.144531250000e-04 7.910156250000e-04 3.526565859723e-05
1.080078125000e-03 1.953125000000e-06 3.119851745390e-05
1.080078125000e-03 2.001953125000e-03 3.119851745390e-05
