# 2D packing, generated 2026-09-28T19:13:14.860513+00:00
# generator = preprocess/generate_packing_gravity.py
# periodic axes = xy
# porosity_achieved = 0.274687  (target 0.275000)
# 311 distinct grains; 339 rows including 28 periodic edge images.
# Centres span [-R, L+R]: a grain need only be PARTLY inside.
# Do NOT drop the out-of-box rows -- they carry the conduction
# paths that cross the domain edge, and k_eff depends on them.
# header row is 'Lx Ly'; grain rows are 'x y r', all in metres
2.000000000000e-03 2.000000000000e-03
8.836351486617e-04 6.048113863816e-05 7.236537621687e-05
8.836351486617e-04 2.060481138638e-03 7.236537621687e-05
6.788850667596e-04 5.558864595439e-05 6.659487143668e-05
6.788850667596e-04 2.055588645954e-03 6.659487143668e-05
1.242947564549e-03 5.974418670842e-05 9.094170320933e-05
1.242947564549e-03 2.059744186708e-03 9.094170320933e-05
1.369949895417e-03 4.379603841677e-05 2.451939534521e-05
5.620542067096e-04 5.715121829731e-05 5.022061407359e-05
7.821462127167e-04 1.891121029912e-04 9.148190492681e-05
1.529807198814e-03 5.757494793188e-05 7.143151042500e-05
1.529807198814e-03 2.057574947932e-03 7.143151042500e-05
1.395128554445e-03 1.750669140574e-04 1.000000000000e-04
1.701000245912e-03 8.559461544285e-05 1.000000000000e-04
1.701000245912e-03 2.085594615443e-03 1.000000000000e-04
1.076354179003e-03 1.077315586326e-04 8.242557152030e-05
2.922145967796e-04 1.172476295769e-05 6.695884209388e-05
2.922145967796e-04 2.011724762958e-03 6.695884209388e-05
1.187729543906e-03 1.777292440863e-04 3.932536320654e-05
1.588404879683e-03 2.232791071768e-04 7.786204864354e-05
3.917935514368e-04 6.706019987005e-06 3.274652153767e-05
3.917935514368e-04 2.006706019987e-03 3.274652153767e-05
1.848876086857e-03 7.049477831373e-05 4.864482873062e-05
6.017681567288e-04 1.425137779050e-04 4.392801937514e-05
1.731579257156e-03 2.227853870520e-04 4.055742704119e-05
4.760224496525e-04 8.835572939927e-05 4.129413590579e-05
1.499037802869e-03 2.162682208039e-04 1.178005791741e-05
1.482837537446e-03 2.926879730219e-04 4.672329521713e-05
1.815184899845e-03 1.372995807834e-04 2.534576435307e-05
1.892543993940e-03 1.693868674998e-04 5.840405809973e-05
1.965133399952e-03 1.575290398266e-04 1.514751248105e-05
6.537302098764e-04 2.058879305380e-04 3.802525510093e-05
5.781234745311e-04 2.234148554368e-04 3.958642732334e-05
9.633665971657e-04 2.509544855559e-04 1.000000000000e-04
1.696327254548e-03 3.367552343589e-04 7.873986121073e-05
1.556236064801e-03 3.341398079790e-04 3.757184637880e-05
1.828727878442e-03 3.180340195843e-04 5.388606064523e-05
1.119415496092e-03 2.421096943701e-04 5.454504557686e-05
6.777596675346e-04 3.496387402762e-04 1.000000000000e-04
1.787720098817e-03 3.849151102722e-04 2.456599796950e-05
8.379179974717e-04 3.470873842628e-04 5.804719166827e-05
1.104518275542e-03 3.866361732909e-04 9.074718342203e-05
1.256192897394e-03 2.405494005656e-04 5.359182284230e-05
8.047017445140e-04 4.696001542252e-04 6.888865772016e-05
3.411080005694e-04 9.147539710253e-05 2.658652813435e-05
3.939145458989e-04 6.988151547556e-05 3.046457464438e-05
5.303180340623e-04 1.269274240767e-04 2.511749428221e-05
-3.713134907262e-05 3.200742897525e-04 8.027024444066e-05
1.962868650927e-03 3.200742897525e-04 8.027024444066e-05
1.280457356658e-03 3.843109487882e-04 8.441998221268e-05
1.863866731861e-03 4.522404908537e-04 7.707593996766e-05
4.158123392787e-04 1.258447462343e-04 2.963032576527e-05
1.596731005479e-03 3.984204755503e-04 3.840135175136e-05
5.118509722180e-04 3.323418735807e-04 6.680790383173e-05
1.457156774048e-03 4.371462278157e-04 1.000000000000e-04
1.195586587603e-03 4.825616585036e-04 4.152199968155e-05
8.114688976721e-05 3.201847029670e-04 3.800805350342e-05
5.650465147853e-04 4.576752657978e-04 5.612836167342e-05
1.748749965873e-03 4.384947155691e-04 3.570763245445e-05
1.361805246037e-04 7.060477184587e-05 4.885454628699e-05
5.513835577867e-05 3.958161024197e-04 3.910530342262e-05
1.609380945413e-03 4.975808548650e-04 6.156321524620e-05
2.089956022591e-04 9.469991618989e-05 2.724728534262e-05
1.519454405113e-03 6.020533843813e-04 7.628211078161e-05
2.760238636324e-04 1.051376334088e-04 2.558429516786e-05
2.372775221143e-04 1.488524821076e-04 3.283031753987e-05
1.709616188264e-03 5.011967158708e-04 3.820443281088e-05
1.301083773488e-03 5.632720401946e-04 9.130805061103e-05
9.348727822999e-04 3.858077360186e-04 3.783077830856e-05
1.785827268069e-03 5.591102889652e-04 5.513907338780e-05
4.734243324311e-04 4.462826912667e-04 3.619939717405e-05
9.734384609424e-04 4.980937261791e-04 8.089354807260e-05
1.670755868811e-03 6.127341083552e-04 6.892536493818e-05
1.116941592214e-03 6.058217888160e-04 9.697231627797e-05
1.009416115934e-03 6.058217888160e-04 1.055316000207e-05
8.647482622289e-04 5.744451697945e-04 5.193380144436e-05
9.760103844486e-04 6.666727630840e-04 5.653483792508e-05
3.338156658222e-04 1.782200625059e-04 6.046415076252e-05
1.056111080937e-03 7.514267827485e-04 6.003751564296e-05
-6.931931116017e-06 4.633224920053e-04 5.259985909029e-05
1.993068068884e-03 4.633224920053e-04 5.259985909029e-05
1.593570223017e-03 7.308896637143e-04 7.220720738471e-05
4.312238970934e-04 1.909413243596e-04 3.726571958381e-05
9.358615630046e-04 7.878458319527e-04 6.560600284844e-05
1.244647368285e-03 7.320894012035e-04 8.261686819561e-05
6.813971891458e-04 5.080360334977e-04 5.843905480365e-05
1.429069398599e-03 7.447841490369e-04 9.266035169437e-05
1.781143017301e-03 6.824316269036e-04 6.162410092584e-05
3.861398188812e-04 2.780011312132e-04 5.220386598632e-05
2.486857769538e-04 2.122367868973e-04 3.121047141801e-05
1.702508848128e-03 7.331544765531e-04 3.195015786497e-05
1.130969675412e-03 7.515764068995e-04 1.482117835212e-05
4.079550902547e-04 3.721721697194e-04 4.446097757968e-05
1.139729607459e-03 8.796133919567e-04 9.301105491159e-05
1.941049929207e-03 5.599057205441e-04 5.539711270675e-05
1.533182495228e-03 8.167444336119e-04 3.275819519382e-05
1.877450223473e-03 6.781322799216e-04 3.477928753915e-05
7.417544163515e-04 6.404411166963e-04 8.707417819014e-05
1.329861047800e-03 9.128293772911e-04 1.000000000000e-04
-9.182179838589e-06 6.844976351499e-04 7.876710272996e-05
1.990817820161e-03 6.844976351499e-04 7.876710272996e-05
1.007392945744e-03 8.796092457997e-04 3.932560804544e-05
1.481400306807e-03 8.624024495819e-04 3.607425390598e-05
1.184579101928e-04 6.829423740883e-04 4.888255402096e-05
2.995700777588e-04 2.522707005121e-04 2.112174789691e-05
1.473197298295e-03 9.449645224871e-04 4.689434748444e-05
5.840619252682e-04 5.681332729617e-04 5.595426575569e-05
6.123389558003e-04 6.627521230630e-04 4.279952728696e-05
1.891889409734e-03 7.554507606865e-04 4.209846845100e-05
8.530390329455e-04 6.501077782177e-04 2.462949379394e-05
1.682083466096e-03 8.204839098621e-04 5.373613533091e-05
1.595941646933e-03 8.528845836376e-04 3.782677561555e-05
1.541201641082e-03 8.968133336416e-04 3.236014138100e-05
1.547720323119e-03 9.577668305171e-04 2.869877394696e-05
1.646018083805e-03 8.970383356905e-04 2.893551426556e-05
1.617343385806e-03 9.579037280578e-04 3.834623878383e-05
9.458786496078e-04 8.750822177540e-04 2.220361527117e-05
1.720880590509e-03 9.154266385539e-04 4.815225773569e-05
3.351544589706e-04 3.582127300669e-04 2.966432397746e-05
1.514198331415e-03 1.015930705318e-03 3.506470026631e-05
4.762320710681e-04 6.615718621415e-04 8.672736378111e-05
2.191813209942e-04 6.831267195111e-04 5.184107270387e-05
1.199307835797e-03 1.030617963105e-03 6.931829683624e-05
1.947905580303e-03 7.712144368813e-04 1.609349708012e-05
5.798530575262e-04 7.374843571218e-04 3.868814290987e-05
1.421914119422e-03 9.928070670779e-04 2.193194942406e-05
1.806615984851e-03 7.895767228794e-04 4.850754290153e-05
2.659319479435e-04 2.524193223956e-04 1.251671241373e-05
1.080493552277e-03 1.030615376834e-03 4.949496651552e-05
1.690767329050e-03 1.000600268757e-03 4.218796474436e-05
1.593674718074e-03 1.038336686085e-03 4.549686808323e-05
1.674738985914e-03 1.103525090267e-03 5.852689631842e-05
1.879034511412e-03 8.400922982940e-04 3.978897295262e-05
7.864254113198e-04 8.066209579321e-04 8.500498215860e-05
1.523133439310e-03 1.100032759333e-03 4.821800514350e-05
1.414039024546e-03 1.099969011493e-03 6.086591220906e-05
1.815547736231e-03 8.650310285463e-04 2.747362852011e-05
-2.441407560187e-05 8.389772103361e-04 5.676889880021e-05
1.975585924398e-03 8.389772103361e-04 5.676889880021e-05
5.191901646130e-04 7.705591494587e-04 3.040547409608e-05
1.483684554034e-03 1.244977085287e-03 1.000000000000e-04
5.685882223640e-04 8.023806830414e-04 2.717861372114e-05
1.637282792438e-03 1.209167515373e-03 5.355917958794e-05
1.758130033569e-03 1.103525090267e-03 2.486415133665e-05
1.620402677487e-03 1.316167565214e-03 5.414256668354e-05
4.410851352800e-04 7.951597729159e-04 5.140676307183e-05
6.579006443176e-04 6.878955913005e-04 9.239509522060e-06
1.312600732670e-03 1.100030760967e-03 4.057239889485e-05
1.623008133095e-04 7.947705961484e-04 7.012930401857e-05
1.247662008099e-03 1.113528971372e-03 2.575436540159e-05
1.122535228690e-03 1.103379018535e-03 3.454103832288e-05
2.958941048512e-04 7.932872982578e-04 6.347229179386e-05
5.237621027104e-04 8.931239548046e-04 7.403266219952e-05
1.179211301732e-03 1.126439465273e-03 2.664688090413e-05
1.780056128537e-03 1.217765320506e-03 8.947280198863e-05
8.838227011237e-04 8.814260688248e-04 3.780395751179e-05
7.372906192274e-05 7.520755288190e-04 2.819593839431e-05
1.731333281647e-03 1.368236688605e-03 6.840046119222e-05
9.534334768163e-04 9.281192374793e-04 3.136877385147e-05
7.545338499514e-05 8.741786125255e-04 4.728070289824e-05
4.214892131474e-04 8.915968925576e-04 2.813232409344e-05
9.990004844176e-04 1.156674965385e-03 1.000000000000e-04
6.468425553712e-04 7.351459450571e-04 2.800878032612e-05
1.851059848160e-03 1.368606356692e-03 5.132667757185e-05
1.806378785446e-03 1.449907115956e-03 4.144299971102e-05
4.371191807689e-04 9.488301453531e-04 2.897304438025e-05
1.366326726139e-03 1.245027121908e-03 1.735783932682e-05
-5.865590127418e-05 1.492221210609e-03 1.000000000000e-04
1.941344098726e-03 1.492221210609e-03 1.000000000000e-04
1.541013166769e-03 1.378015849741e-03 4.480364957060e-05
1.674723869244e-04 9.202574800755e-04 5.546413542958e-05
1.691614971005e-03 1.530851478451e-03 9.899464192196e-05
8.319288994916e-05 1.496525744857e-03 4.191409499225e-05
1.535323807013e-03 1.531800932420e-03 5.729941919515e-05
6.374722250856e-04 8.022612841956e-04 3.975752278489e-05
6.404840577264e-04 8.915962106923e-04 4.269929051621e-05
8.008340657835e-04 9.587526410359e-04 6.780751186299e-05
9.125691881140e-04 1.000751081605e-03 5.156001543323e-05
6.586276229232e-04 1.023063111743e-03 8.826461580234e-05
8.736428026098e-04 1.156674965493e-03 2.535768180776e-05
8.827630481378e-04 1.217074157864e-03 3.099314503049e-05
5.121400968011e-04 1.031831380768e-03 5.848509578666e-05
7.937430392420e-04 1.081429806521e-03 5.507442167294e-05
1.819052539093e-03 1.513501011976e-03 2.279284204539e-05
1.134400307662e-03 1.176911832565e-03 3.690377251108e-05
1.276411721244e-03 1.186247109014e-03 5.243905225357e-05
1.581622626396e-03 1.618505784214e-03 4.090464624309e-05
3.323598325629e-04 9.069800173624e-04 5.592530536861e-05
5.572872655991e-04 1.183872425740e-03 1.000000000000e-04
1.360204111738e-03 1.302188293251e-03 3.609019914800e-05
7.192787939005e-04 1.127449330412e-03 3.246254431085e-05
1.295012608226e-03 1.302153334782e-03 2.910131486434e-05
1.819223860996e-03 1.567258834935e-03 3.096527139564e-05
6.761929840394e-04 1.159676615595e-03 2.134251977960e-05
5.291454305403e-05 1.570184370132e-03 3.440559883846e-05
7.061190101844e-04 1.239561453945e-03 5.859252068206e-05
1.405772957897e-03 1.372443384400e-03 4.764926352955e-05
1.787557733892e-03 1.618399884893e-03 2.918582780084e-05
3.830289745747e-04 9.844235269850e-04 3.577754806586e-05
1.866916490426e-03 1.597107152719e-03 2.529759371115e-05
1.487172025106e-03 1.630627355161e-03 5.263356676575e-05
1.738872382830e-03 1.659909387697e-03 3.479315053469e-05
1.836189218582e-03 1.632240208003e-03 2.137677759334e-05
6.254690664048e-04 1.310941466831e-03 4.407927284925e-05
4.226364206654e-04 1.038874457114e-03 3.129526379376e-05
9.231016728931e-04 1.286396303878e-03 4.921137214341e-05
1.014089224515e-03 1.297782213618e-03 4.190228510596e-05
1.192820486622e-03 1.230821169727e-03 4.229394830082e-05
9.670632268336e-04 1.357336533507e-03 3.398028564366e-05
1.110500581334e-03 1.256486469547e-03 4.393408902742e-05
1.569428777253e-04 1.582520222399e-03 7.035158547666e-05
-5.453219010644e-05 1.684056524656e-03 9.187964451025e-05
1.945467809894e-03 1.684056524656e-03 9.187964451025e-05
6.974853977175e-04 1.332299958241e-03 3.103755037340e-05
2.504025563232e-04 9.216471213432e-04 2.730197889609e-05
1.653826860441e-03 1.676990355210e-03 5.195080941092e-05
1.351636806430e-03 1.619933397862e-03 7.602106339948e-05
9.053420259120e-04 1.361546022956e-03 2.687642874788e-05
1.798393059510e-03 1.741082529882e-03 6.586366614410e-05
7.965386816126e-04 1.239561453945e-03 3.182715074610e-05
1.428328954854e-03 1.732027012771e-03 5.979749030204e-05
8.359768005045e-04 1.354562254135e-03 4.110577589615e-05
9.331009132925e-04 1.400021054256e-03 2.056705349520e-05
5.650914859924e-04 1.299914962190e-03 1.630466938870e-05
6.578320665109e-04 1.380179211637e-03 3.113004232152e-05
2.679774621785e-04 1.582520220608e-03 4.068299897659e-05
1.054924959628e-03 1.391434860543e-03 6.026609774619e-05
1.550652582134e-03 1.726842296023e-03 6.263618297612e-05
1.698829656732e-03 1.750373231357e-03 3.413230399489e-05
1.881200408579e-03 1.827967974224e-03 5.416192244823e-05
4.484329698092e-04 1.099554273478e-03 3.431642404210e-05
3.503068587862e-04 1.058570739850e-03 4.366812110415e-05
1.497025181010e-03 1.822924453358e-03 3.124069711707e-05
1.731873226889e-03 1.812746981953e-03 2.870594832074e-05
1.165405919479e-03 1.287023418218e-03 1.889187209479e-05
1.221183467438e-03 1.328036418237e-03 4.913343562610e-05
3.225222123108e-06 1.833099101137e-03 6.796282985410e-05
2.003225222123e-03 1.833099101137e-03 6.796282985410e-05
7.320428173058e-05 1.627153959991e-03 2.453952200076e-05
4.881524902189e-04 1.340560334598e-03 7.071059001360e-05
3.666751231559e-04 1.582520220701e-03 5.801466200080e-05
1.362457371984e-04 1.787626498069e-03 7.261533682224e-05
9.720603333876e-04 1.434278014045e-03 3.025452312570e-05
1.170995620558e-03 1.420760949553e-03 5.630213187605e-05
8.607569812971e-04 1.482212896315e-03 8.892796428214e-05
6.323166155187e-05 -4.172062176802e-05 5.935820365618e-05
6.323166155187e-05 1.958279378232e-03 5.935820365618e-05
1.632968083080e-03 1.821388994218e-03 6.272322610540e-05
1.340668356217e-03 1.730506383956e-03 2.787637670216e-05
7.398041209821e-04 1.490823455846e-03 3.233107620691e-05
1.032342182251e-03 1.532941212543e-03 8.303094748887e-05
5.825136717029e-04 1.369900071030e-03 2.810267518273e-05
1.157369552550e-03 1.518903676987e-03 4.278199876866e-05
-7.917864288953e-05 -4.034198457333e-05 8.305892540793e-05
-7.917864288953e-05 1.959658015427e-03 8.305892540793e-05
1.920821357110e-03 -4.034198457333e-05 8.305892540793e-05
1.920821357110e-03 1.959658015427e-03 8.305892540793e-05
1.881199423864e-04 1.921398104124e-03 7.086212862530e-05
7.153355608130e-04 1.387877688705e-03 2.688649330523e-05
6.052257314738e-04 1.456986871842e-03 6.189703889904e-05
9.190624995524e-04 1.596067113520e-03 3.898759186580e-05
1.788939824734e-03 1.848076320143e-03 3.638829871423e-05
3.020573680564e-04 1.674839268952e-03 5.467189560792e-05
9.950368001708e-04 1.710262386136e-03 9.817203203043e-05
1.546485075302e-03 1.871447342156e-03 3.720249310044e-05
1.253733101895e-03 1.420804093429e-03 2.641750218033e-05
1.377794508656e-03 1.801250278563e-03 2.590905626671e-05
1.431227990817e-03 1.830458384844e-03 3.498647054815e-05
1.289670690197e-03 1.804863828637e-03 6.228905873659e-05
7.341924564631e-04 1.621509109145e-03 9.847501697477e-05
8.828937536502e-04 1.712225491055e-03 1.398839166935e-05
8.207871343268e-04 1.757986461980e-03 6.315639079055e-05
1.792921191444e-03 -2.720954613859e-05 4.551390879847e-05
1.792921191444e-03 1.972790453861e-03 4.551390879847e-05
1.133476061609e-03 1.591595879080e-03 3.118583413641e-05
1.698422819098e-03 1.925424819726e-03 6.019076852934e-05
6.145181937251e-04 1.625736537389e-03 2.127389354003e-05
6.318845539776e-04 1.791585981986e-03 1.000000000000e-04
5.171735612806e-04 1.432976638161e-03 2.615527461306e-05
5.031159415198e-04 1.512784062643e-03 5.446333109767e-05
1.369365624847e-03 -6.632477353621e-05 8.534919548608e-05
1.369365624847e-03 1.933675226464e-03 8.534919548608e-05
1.136588391344e-03 1.842080321715e-03 9.525256949701e-05
9.859695359091e-04 1.865371026169e-03 5.710901118081e-05
7.526904058093e-04 1.803802579511e-03 1.891850718966e-05
9.108760040362e-04 1.880402872618e-03 1.942130425778e-05
1.243211845779e-03 1.927864425089e-03 4.093834249353e-05
1.581808607726e-03 1.949517712268e-03 4.848726508670e-05
7.871649993780e-04 -8.235907897677e-05 1.000000000000e-04
7.871649993780e-04 1.917640921023e-03 1.000000000000e-04
1.165887509023e-03 1.965042027750e-03 3.115225850303e-05
4.070882090151e-04 1.686832565126e-03 5.104147490706e-05
1.047148633776e-03 1.931409708423e-03 2.893988384253e-05
6.712466336766e-04 1.963586108495e-03 2.156623546590e-05
3.506981119218e-04 1.770969126923e-03 5.024427967453e-05
1.491295502983e-03 1.935706548046e-03 3.651996763850e-05
9.676844599415e-04 -2.882007977622e-05 5.026820377470e-05
9.676844599415e-04 1.971179920224e-03 5.026820377470e-05
4.474145232011e-04 1.779827416862e-03 4.687695132775e-05
1.094942521490e-03 -1.566988546979e-05 4.236817416080e-05
1.094942521490e-03 1.984330114530e-03 4.236817416080e-05
6.148567567357e-04 1.963468366366e-03 3.482376439771e-05
4.903589159444e-04 -5.711928371980e-05 8.467921133120e-05
4.903589159444e-04 1.942880716280e-03 8.467921133120e-05
1.113281250000e-04 1.205078125000e-03 1.000000000000e-04
2.753906250000e-04 1.392578125000e-03 3.552709079305e-05
2.167968750000e-04 4.863281250000e-04 2.943331502236e-05
1.931640625000e-03 1.037109375000e-03 4.440941020797e-05
3.339843750000e-04 1.224609375000e-03 4.232666001172e-05
3.496093750000e-04 5.136718750000e-04 7.365854451825e-05
2.089843750000e-04 3.613281250000e-04 3.259428235749e-05
6.445312500000e-05 1.021484375000e-03 4.522032155899e-05
1.113281250000e-04 5.410156250000e-04 5.584969075035e-05
7.617187500000e-05 1.933593750000e-04 4.044270989059e-05
2.207031250000e-04 1.052734375000e-03 8.502377462385e-05
1.542968750000e-04 1.388671875000e-03 3.756669112614e-05
1.205078125000e-03 1.677734375000e-03 5.159626656955e-05
-5.664062500000e-05 1.271484375000e-03 6.130315136646e-05
1.943359375000e-03 1.271484375000e-03 6.130315136646e-05
3.808593750000e-04 1.443359375000e-03 3.844604896688e-05
1.814453125000e-03 1.001953125000e-03 3.132670796140e-05
5.214843750000e-04 1.638671875000e-03 7.339177432834e-05
1.367187500000e-05 8.398437500000e-05 5.649518440027e-05
2.013671875000e-03 8.398437500000e-05 5.649518440027e-05
1.337890625000e-03 1.470703125000e-03 6.260899843311e-05
4.882812500000e-05 1.361328125000e-03 6.565141007764e-05
2.048828125000e-03 1.361328125000e-03 6.565141007764e-05
3.457031250000e-04 1.888671875000e-03 6.821972342411e-05
1.919921875000e-03 1.146484375000e-03 6.652104049190e-05
1.621093750000e-04 2.558593750000e-04 2.379384664318e-05
3.535156250000e-04 1.330078125000e-03 4.950307243027e-05
2.441406250000e-04 1.298828125000e-03 2.105678539562e-05
3.300781250000e-04 6.464843750000e-04 3.672289924630e-05
1.884765625000e-03 9.394531250000e-04 3.581407676206e-05
2.167968750000e-04 1.466796875000e-03 4.607254489605e-05
1.464843750000e-04 4.316406250000e-04 3.379769832336e-05
2.285156250000e-04 5.722656250000e-04 5.041339104796e-05
-1.367187500000e-05 9.511718750000e-04 5.442063468138e-05
1.986328125000e-03 9.511718750000e-04 5.442063468138e-05
2.753906250000e-04 4.121093750000e-04 1.926334832026e-05
