Lx=1.000000e-03
Ly=1.000000e-03
Lz=8.984375e-05
Nx=571
Ny=571
Nz=52
eps=8.756952130264e-07
