# 2D packing, generated 2026-09-16T18:50:13.327196+00:00
# generator = preprocess/generate_packing_gravity.py
# periodic axes = xy
# porosity_achieved = 0.325061  (target 0.325000)
# 272 distinct grains; 294 rows including 22 periodic edge images.
# Centres span [-R, L+R]: a grain need only be PARTLY inside.
# Do NOT drop the out-of-box rows -- they carry the conduction
# paths that cross the domain edge, and k_eff depends on them.
# header row is 'Lx Ly'; grain rows are 'x y r', all in metres
1.000000000000e-04 1.000000000000e-04
2.930238838665e-05 3.250969766101e-06 2.897486083301e-06
7.054582651587e-05 7.626710829623e-07 1.953282698538e-06
7.054582651587e-05 1.007626710830e-04 1.953282698538e-06
6.396147566917e-05 9.310438625604e-07 1.416318303042e-06
6.396147566917e-05 1.009310438626e-04 1.416318303042e-06
3.399727753301e-05 5.502891986044e-06 2.309541646727e-06
7.283106250539e-05 1.762577636710e-06 5.364454382372e-07
6.697703616274e-05 3.481668233362e-06 2.533276721592e-06
8.565095814385e-05 3.449994342776e-06 4.455279577666e-06
8.565095814385e-05 1.034499943428e-04 4.455279577666e-06
7.136983351397e-05 4.619699951040e-06 1.990785345614e-06
9.311518658004e-05 4.372149118160e-06 2.954471801155e-06
6.193511854450e-05 4.252044358373e-06 2.474077710823e-06
1.923882669577e-05 4.367994547133e-06 3.115386174026e-06
7.380603998276e-05 2.933150149092e-06 9.722543419569e-07
8.997854439002e-05 7.338083138306e-06 1.362390530995e-06
8.039800715964e-05 3.402985338351e-06 7.978833223252e-07
7.901247164300e-05 2.712940084395e-06 7.499775860321e-07
7.866931517711e-06 2.921752474782e-06 4.887157506872e-06
7.866931517711e-06 1.029217524748e-04 4.887157506872e-06
2.462370299998e-05 6.425604243353e-06 2.634139873582e-06
1.402810354000e-05 9.945677939920e-06 4.456092243794e-06
-1.848170888510e-07 8.659767073776e-06 5.000000000000e-06
9.981518291115e-05 8.659767073776e-06 5.000000000000e-06
2.155895622128e-05 1.140975604206e-05 3.215788713529e-06
6.866356961319e-05 8.361557642489e-06 2.627161592350e-06
6.466790834701e-05 9.306464755777e-06 1.478710047744e-06
5.512240637225e-05 4.974545829340e-06 4.376839561083e-06
6.648261511082e-05 1.202623302705e-05 1.637394036647e-06
6.072648138354e-05 9.093377752668e-06 2.468474243390e-06
4.718415624214e-05 2.701039638770e-07 1.181449680610e-06
4.718415624214e-05 1.002701039639e-04 1.181449680610e-06
4.877239202797e-05 3.256913352223e-06 2.201378192943e-06
7.651025230767e-05 6.138464011628e-06 3.221411963812e-06
6.628893848882e-06 9.654880135720e-06 1.882711283275e-06
1.771393535795e-05 1.518948490822e-05 1.953501081243e-06
9.151134852014e-05 1.042859525112e-05 2.087361156800e-06
3.847039933803e-05 7.182429760627e-06 2.468498309034e-06
4.765388742720e-05 1.007560803575e-05 4.667474396537e-06
5.337710671665e-05 9.843805044564e-06 7.957571823898e-07
5.679306203533e-05 1.079081328886e-05 1.627402888047e-06
9.419896998196e-05 9.667587637767e-06 7.059417777586e-07
7.355856606397e-05 1.246671205875e-05 3.761366744842e-06
8.101254213629e-05 6.945182328139e-06 1.352583500281e-06
5.376121982647e-05 1.356823789542e-05 2.254523589265e-06
2.967974914420e-05 1.265531213354e-05 5.000000000000e-06
3.765875230131e-05 1.470575412762e-05 3.238278985374e-06
6.028524623609e-05 1.674080640379e-05 5.000000000000e-06
4.427576240889e-05 1.846795798717e-05 4.373510292754e-06
6.843097844429e-05 1.510259295330e-05 2.004050487185e-06
1.184642852474e-05 1.881968274324e-05 4.682182905011e-06
3.812282119215e-05 1.984307776819e-05 1.894052131593e-06
3.331579220445e-05 1.956867237368e-05 2.811232982673e-06
9.433480403776e-05 1.245655911749e-05 1.385410234212e-06
2.139410427291e-05 2.108927502697e-05 5.000000000000e-06
3.625906715271e-05 2.294899481573e-05 1.670892377471e-06
5.080234351369e-05 1.521506941923e-05 1.131772800194e-06
1.458682547543e-05 2.639756589397e-05 3.376002267085e-06
6.734033913240e-05 1.958113637664e-05 2.605380490658e-06
4.968985329135e-06 1.392056080912e-05 2.364621944656e-06
5.343325928274e-05 1.778766591824e-05 1.931496272919e-06
4.834498380435e-06 1.861596581138e-05 2.332709309117e-06
1.956412018627e-05 2.757467724921e-05 1.738592468890e-06
9.661081616079e-05 1.478045373789e-05 1.867391233898e-06
8.889189149826e-07 1.537484317850e-05 1.800385046137e-06
1.008889189150e-04 1.537484317850e-05 1.800385046137e-06
4.067615734459e-05 2.526062523433e-05 3.313980091499e-06
2.582825861971e-05 3.005845900951e-05 5.000000000000e-06
3.484853397910e-05 2.856694466967e-05 3.386240145074e-06
7.237213633602e-05 1.941251908602e-05 2.359941053236e-06
4.095798984959e-05 3.236181440769e-05 3.792089967507e-06
5.053696905808e-05 2.101021649996e-05 2.384153363386e-06
5.468398421092e-05 2.214437053439e-05 1.915164688719e-06
4.803364927943e-05 3.266956829046e-05 3.290259135684e-06
5.975293334354e-05 2.684811231090e-05 5.000000000000e-06
-1.879215134732e-06 2.158633325175e-05 5.000000000000e-06
9.812078486527e-05 2.158633325175e-05 5.000000000000e-06
7.916177425620e-05 1.202732166847e-05 1.821656873018e-06
5.462381088589e-05 3.322721342074e-05 3.185403546441e-06
8.675684873431e-05 1.048639171724e-05 2.667499736362e-06
6.162631238448e-05 3.736638758942e-05 4.948733138272e-06
7.031612258994e-05 2.516554812356e-05 3.722411153035e-06
6.793979876219e-05 3.736638758942e-05 1.364753239430e-06
7.794511624555e-05 1.482043048052e-05 1.216767559316e-06
6.138251469514e-06 2.495076159909e-05 3.694780433046e-06
8.310114893525e-05 1.483628184906e-05 3.014558207601e-06
6.796757056678e-05 4.132208038680e-05 2.525158809153e-06
3.545213675171e-05 3.389317178729e-05 1.922756816044e-06
9.724887193410e-06 3.086933487716e-05 3.225732956661e-06
8.988997447824e-05 1.531138567184e-05 3.057595889250e-06
1.634759674944e-05 3.343206395903e-05 3.875526239316e-06
8.627036140819e-05 1.801760354940e-05 1.461832305890e-06
3.184931522403e-05 3.292185278193e-05 1.667245167466e-06
6.420850655814e-05 4.427156386164e-05 2.252917685569e-06
5.102011818122e-05 3.704532458875e-05 2.007498850804e-06
7.249989550223e-05 4.132208038680e-05 2.007166126292e-06
7.906908246877e-05 1.788328970810e-05 2.039336855675e-06
4.447711117075e-05 3.915996971529e-05 3.862916920757e-06
2.971066800140e-05 3.441003475347e-05 8.317510028391e-07
2.171545744316e-05 3.599119040136e-05 2.071159863299e-06
1.820721879175e-05 3.992456985394e-05 2.878062438120e-06
9.368337968846e-05 1.647968275907e-05 9.116411739286e-07
1.106098287659e-05 3.610998952428e-05 2.048615445895e-06
3.942214458564e-05 3.915996971529e-05 1.192049664361e-06
7.747541710206e-05 4.281256187102e-05 3.186806365479e-06
6.076039698543e-05 4.596146415926e-05 1.587027782009e-06
3.266190084949e-05 3.615093427592e-05 1.662509268164e-06
5.468445422229e-05 3.992171667725e-05 2.448502932798e-06
5.080769189372e-05 4.060323375239e-05 1.487707386271e-06
3.811681645902e-05 4.533232319870e-05 5.000000000000e-06
2.296478064865e-05 4.209558317161e-05 2.351442433847e-06
8.322326970708e-05 2.001181682728e-05 2.162419564970e-06
2.673015726625e-05 4.356735623154e-05 1.691352083309e-06
1.925103626644e-05 4.508870837603e-05 2.390517133449e-06
4.851084052912e-05 4.226098248333e-05 1.225034801112e-06
8.895227793900e-05 2.035878853021e-05 2.076174418291e-06
7.988572521001e-05 2.120611942889e-05 1.382374400777e-06
9.094323499108e-05 2.494694780042e-05 2.925339225409e-06
5.595807753821e-05 4.596148809208e-05 3.215291676620e-06
4.961092288865e-05 4.651675916767e-05 3.153570137292e-06
8.542057526599e-05 2.793108063841e-05 3.351988415429e-06
6.818210100886e-05 4.604395524473e-05 2.098038999307e-06
1.266406668317e-05 4.506761867761e-05 4.196032471311e-06
8.246411015240e-05 4.347978435138e-05 1.846308394664e-06
5.332472814695e-05 5.377543360574e-05 5.000000000000e-06
4.636660342539e-05 5.529102288160e-05 2.106727763678e-06
7.384263971128e-05 4.909064837946e-05 4.066568144257e-06
2.391183575902e-05 4.700560716691e-05 2.649082668522e-06
4.855375085945e-05 5.814419291359e-05 1.469025339340e-06
8.079253600992e-05 4.909064837946e-05 2.883328154392e-06
6.805704489968e-05 5.207560282892e-05 2.443327015694e-06
2.018919935861e-05 4.918868601794e-05 1.662803800143e-06
1.439921650946e-06 2.707992209185e-05 1.411127044941e-06
7.154468280320e-05 5.501544939706e-05 2.118067121754e-06
2.313792448911e-05 5.184844303937e-05 2.255201313386e-06
4.453067245853e-05 4.711477572321e-05 1.656927653542e-06
4.588696100384e-05 5.862562950353e-05 1.240873885034e-06
9.513066475769e-05 2.862725110672e-05 2.649533690686e-06
9.169167064927e-05 2.981597884434e-05 9.449503631679e-07
9.280597101425e-05 3.420450379426e-05 3.392813501253e-06
7.686320770950e-05 5.688886003109e-05 3.520760500667e-06
4.247269765279e-05 5.931557621987e-05 2.242403837318e-06
6.302998095568e-05 4.749280662294e-05 1.150858498215e-06
1.564455520301e-05 5.208433294033e-05 3.427456943755e-06
6.062420382713e-05 5.075265193510e-05 2.900604974023e-06
8.623930754386e-05 4.915552046296e-05 2.563829685264e-06
2.720186864970e-05 5.259646281586e-05 1.874769615427e-06
6.518603708188e-05 4.749300456334e-05 1.005197694651e-06
2.498261011160e-05 5.485019745319e-05 1.268063662293e-06
2.846333183749e-05 5.746568943948e-05 3.085810863054e-06
6.206655490865e-05 5.863140553366e-05 5.000000000000e-06
6.851284476344e-05 5.718062981605e-05 1.607526921277e-06
3.418627643202e-05 5.746462106678e-05 2.637133879862e-06
2.167377500604e-05 5.877700465055e-05 3.828940815304e-06
7.288324117721e-05 5.729102045362e-05 4.781169580504e-07
3.794193858523e-05 5.946997208402e-05 1.620380782525e-06
9.781471148110e-05 3.415168821906e-05 1.594331663247e-06
3.825544782975e-06 3.628895800070e-05 4.785170061636e-06
1.038255447830e-04 3.628895800070e-05 4.785170061636e-06
5.128491515232e-05 6.094421116162e-05 2.442415668503e-06
6.890509341659e-05 6.128747169823e-05 2.336232066528e-06
6.433630780996e-06 4.290047665210e-05 2.322170829363e-06
9.672318055916e-05 3.709240557689e-05 1.473859767757e-06
4.624417726507e-05 6.289377207900e-05 2.944174406187e-06
5.568661544017e-05 6.116490384740e-05 1.864565344921e-06
5.394361825402e-05 6.590642232394e-05 3.187172765395e-06
4.834991701381e-05 6.796771939026e-05 2.549376488775e-06
1.391634412660e-05 5.944276440167e-05 3.957006133884e-06
8.087983528541e-06 6.111592487030e-05 2.106759463068e-06
7.265502372278e-05 6.127136241570e-05 1.413733084987e-06
1.065451787752e-05 6.390358891722e-05 1.569155810693e-06
8.158398681213e-05 5.688838294308e-05 1.200018701051e-06
1.710916363987e-06 4.325633137925e-05 2.411588872727e-06
1.017109163640e-04 4.325633137925e-05 2.411588872727e-06
8.180911465338e-05 6.126053623932e-05 3.080265883030e-06
1.868256997364e-05 6.515599717131e-05 3.216543775967e-06
7.591825702640e-05 6.679289081606e-05 5.000000000000e-06
5.200823858993e-05 7.080620178133e-05 2.080994643460e-06
-1.818250499649e-06 4.019230768152e-05 1.952044033789e-06
9.818174950035e-05 4.019230768152e-05 1.952044033789e-06
7.384833203666e-06 6.514601948075e-05 1.928625138946e-06
6.006522701643e-05 6.633582843772e-05 2.949479806889e-06
6.631496308097e-05 6.675976740293e-05 3.314619534197e-06
3.161505084427e-05 5.982185598195e-05 8.492690512159e-07
2.670745720773e-05 6.378752034684e-05 3.273398521172e-06
8.385115030650e-05 6.692384019392e-05 2.913941378125e-06
2.310794653061e-05 6.756918853443e-05 1.824036570183e-06
3.938607786083e-05 6.540429341670e-05 4.358992415474e-06
9.471987250221e-05 4.143193710897e-05 1.724690630222e-06
2.036378477875e-05 7.029443893275e-05 2.043444968745e-06
4.770091762039e-05 7.330831886761e-05 2.779445799365e-06
3.181334054919e-05 7.001861511561e-05 4.508832324918e-06
6.969710542035e-05 7.279385143258e-05 3.602682898496e-06
2.453753124734e-05 7.457045331986e-05 3.931875827912e-06
3.145341534102e-06 6.587924506502e-05 2.373805496604e-06
6.559792590061e-06 7.034843844899e-05 3.250442499079e-06
8.197253044897e-05 7.433255826136e-05 4.669582359651e-06
5.423696822569e-05 7.752729676656e-05 5.000000000000e-06
1.747248706594e-05 7.486451209337e-05 3.139285310650e-06
2.051729409109e-05 7.882796390565e-05 1.858601691805e-06
3.890521131444e-05 7.306167481259e-05 3.207378481459e-06
2.992593066230e-05 7.615433584949e-05 1.684487063035e-06
7.452400159060e-05 7.823682979970e-05 3.672271710535e-06
4.703201962266e-05 7.880960669341e-05 2.318172485924e-06
6.175883453242e-05 7.864652387033e-05 2.438879978578e-06
5.893890790586e-05 8.172406306596e-05 1.302481769370e-06
9.711904307515e-05 4.472261746085e-05 2.347728382642e-06
3.470374472408e-05 7.548926319191e-05 1.644992778999e-06
3.746847903951e-05 7.898027411943e-05 2.808198563279e-06
6.458357564241e-05 7.386822736363e-05 1.622493945966e-06
1.101525426239e-05 7.514199592438e-05 3.293969772736e-06
6.251185981303e-05 8.393254275923e-05 2.897935991461e-06
7.920294621175e-05 7.946936777833e-05 1.166291475619e-06
1.702042492404e-05 7.990570522307e-05 1.800581413249e-06
1.593979799242e-06 7.106165746052e-05 1.766327181888e-06
1.015939797992e-04 7.106165746052e-05 1.766327181888e-06
4.933113287862e-05 8.284245586784e-05 2.147420455781e-06
5.616436593356e-05 8.605406347865e-05 3.738479328282e-06
2.788317112886e-05 7.915360667945e-05 1.742505277925e-06
3.209454251727e-05 8.309409194532e-05 3.958051315950e-06
-4.077798282692e-06 7.290968085677e-05 4.198926968924e-06
9.592220171731e-05 7.290968085677e-05 4.198926968924e-06
8.969985479137e-05 7.336252991706e-05 2.039876885836e-06
5.109340118174e-05 8.830931739842e-05 1.811372584660e-06
6.759018556757e-05 7.926219388941e-05 3.169066635122e-06
6.748383630508e-05 8.458243918195e-05 2.116351038089e-06
4.471381819627e-05 9.069588705979e-05 5.000000000000e-06
8.806758672090e-05 7.727537779960e-05 2.098718892394e-06
7.782168664291e-05 8.117711769296e-05 7.050394674627e-07
8.043869047185e-05 8.259902027618e-05 2.198497660958e-06
3.670024814556e-05 8.866176893179e-05 3.267704819001e-06
1.344750476044e-05 8.115100064408e-05 1.981520057492e-06
7.116548627516e-05 8.174104485056e-05 1.181507021465e-06
6.213319394829e-05 9.055961055179e-05 3.739947621887e-06
6.562815134815e-05 8.719882392189e-05 1.091301949548e-06
9.237454865204e-05 7.820248449605e-05 2.172855563110e-06
3.844544259845e-05 9.358817576895e-05 1.903467771350e-06
7.163862887252e-05 8.494172890820e-05 2.053963343593e-06
8.833961224948e-06 8.177105068863e-05 2.673503693188e-06
1.646501178921e-06 8.147780000937e-05 4.386233902339e-06
1.016465011789e-04 8.147780000937e-05 4.386233902339e-06
7.691584249025e-05 8.742982996409e-05 3.780402249528e-06
9.426791704089e-05 8.321382418620e-05 3.140205206722e-06
4.101943272954e-05 -1.770637507652e-06 3.390574284921e-06
4.101943272954e-05 9.822936249235e-05 3.390574284921e-06
5.390132940135e-05 9.481430396209e-05 4.956482092981e-06
8.351732998755e-05 8.662533978665e-05 2.869928042728e-06
1.772347955990e-05 8.666984664706e-05 5.000000000000e-06
1.080885909288e-05 8.710130413223e-05 1.928072465258e-06
4.767349807679e-05 9.735850267483e-05 1.770986255825e-06
7.885264773185e-05 9.308580752747e-05 2.198015079649e-06
2.645296999150e-05 9.154795369728e-05 5.000000000000e-06
2.010706085213e-05 9.510940359028e-05 2.247407513340e-06
-1.854693290465e-06 8.808816238215e-05 3.088225030113e-06
9.814530670954e-05 8.808816238215e-05 3.088225030113e-06
1.237869842409e-05 9.077001336506e-05 1.560374707282e-06
4.127732380069e-06 8.832746746589e-05 2.898996541722e-06
8.747666554500e-06 9.010881212245e-05 1.717977275486e-06
9.246572188469e-05 8.982008188722e-05 2.849566989039e-06
9.617761277181e-05 9.396985767641e-05 2.592774344623e-06
7.065648882632e-05 9.022639716867e-05 2.754476027875e-06
6.737087418430e-05 9.350605943381e-05 1.887877701571e-06
1.327402214029e-06 9.401227460507e-05 2.557195009066e-06
1.013274022140e-04 9.401227460507e-05 2.557195009066e-06
3.223162203111e-05 8.866599933768e-05 1.200923333966e-06
6.348266527906e-05 9.684956975538e-05 2.693149095816e-06
8.592646798425e-05 9.405663972372e-05 4.942125954374e-06
6.778591848611e-05 -1.804174743982e-06 1.815775982274e-06
6.778591848611e-05 9.819582525602e-05 1.815775982274e-06
3.321146409218e-05 9.252585923206e-05 1.828876373722e-06
1.034993836127e-05 9.222419594123e-05 9.357251714716e-07
9.267756770982e-05 -1.512918108869e-06 2.946845122687e-06
9.267756770982e-05 9.848708189113e-05 2.946845122687e-06
7.600990781841e-05 -1.465528799821e-06 3.947656394563e-06
7.600990781841e-05 9.853447120018e-05 3.947656394563e-06
6.368971794822e-06 9.167669629439e-05 1.130974592951e-06
1.290171273019e-05 9.597485559738e-05 3.600684400662e-06
9.343510312673e-05 9.520968096205e-05 4.169662818499e-07
2.328397078664e-05 9.789631418968e-05 1.978657727643e-06
3.158675644450e-05 9.539825057811e-05 1.417209191816e-06
6.359408375615e-06 9.549687882349e-05 2.689253010703e-06
3.477161139994e-05 -1.756944003123e-06 2.853180407244e-06
3.477161139994e-05 9.824305599688e-05 2.853180407244e-06
9.580078125000e-05 5.654296875000e-05 3.006145697416e-06
4.785156250000e-06 5.263671875000e-05 1.808184694882e-06
7.685546875000e-05 3.310546875000e-05 3.369048033605e-06
9.169921875000e-05 6.396484375000e-05 1.063161846627e-06
8.466796875000e-05 3.681640625000e-05 3.819078759418e-06
8.798828125000e-05 5.634765625000e-05 3.173020424441e-06
9.306640625000e-05 4.990234375000e-05 1.445969751032e-06
9.697265625000e-05 6.376953125000e-05 1.503384565176e-06
2.636718750000e-06 5.830078125000e-05 3.320243126771e-06
1.026367187500e-04 5.830078125000e-05 3.320243126771e-06
8.916015625000e-05 4.326171875000e-05 1.470987399355e-06
