# 2D packing, generated 2026-10-01T15:39:39.554458+00:00
# generator = preprocess/generate_packing_gravity.py
# periodic axes = xy
# porosity_achieved = 0.425160  (target 0.425000)
# 251 distinct grains; 276 rows including 25 periodic edge images.
# Centres span [-R, L+R]: a grain need only be PARTLY inside.
# Do NOT drop the out-of-box rows -- they carry the conduction
# paths that cross the domain edge, and k_eff depends on them.
# header row is 'Lx Ly'; grain rows are 'x y r', all in metres
2.000000000000e-03 2.000000000000e-03
7.003835089567e-04 1.710997192290e-05 5.807506426464e-05
7.003835089567e-04 2.017109971923e-03 5.807506426464e-05
1.708896002043e-03 5.701654958894e-05 3.982497409809e-05
1.603130731344e-03 2.817168184126e-05 2.438221571044e-05
1.812553899722e-03 7.389809514940e-05 6.519857722124e-05
1.073954998766e-03 1.020793601663e-05 8.970130219097e-05
1.073954998766e-03 2.010207936017e-03 8.970130219097e-05
3.991829433828e-04 2.365035317268e-05 2.115741377063e-05
1.898936062382e-03 8.056563608989e-05 2.013601966192e-05
6.317339165965e-04 7.574163013383e-05 3.220471129884e-05
1.550940262803e-03 9.752733296092e-05 6.241669758234e-05
8.115584553802e-04 6.414341249048e-05 6.240388331675e-05
4.453103976635e-04 7.815875978931e-05 5.024922758932e-05
1.896213842152e-03 1.729818323116e-04 6.448015248205e-05
3.850375776440e-04 1.431444228654e-04 3.837266552217e-05
1.333432638695e-03 2.308626903135e-05 5.958208630434e-05
1.333432638695e-03 2.023086269031e-03 5.958208630434e-05
5.303256886265e-04 1.299616833784e-04 4.930549399576e-05
1.649500734491e-03 1.573158543828e-04 5.286050689952e-05
5.807234588950e-04 1.692705375032e-04 1.460945934579e-05
9.386845594114e-04 8.855663029539e-05 6.623022885705e-05
1.716147021718e-03 2.325174668774e-04 4.762337301610e-05
1.038767416298e-03 1.483149206629e-04 5.033576751500e-05
8.472511503808e-04 1.879673362152e-04 6.646192430906e-05
5.550546141581e-04 2.094418696004e-04 3.306260283526e-05
7.395847662139e-04 2.883389478871e-04 8.073371610451e-05
1.811845509924e-03 3.439926130352e-04 9.929466146513e-05
4.558766060739e-04 2.008139103564e-04 5.297251942086e-05
3.523766069177e-04 2.322643142667e-04 5.520038770483e-05
1.565173057853e-03 2.046913562118e-04 4.386381900010e-05
1.168748820115e-03 1.530879230267e-04 7.973324066847e-05
4.961100097665e-05 4.727548627889e-05 7.614819541619e-05
4.961100097665e-05 2.047275486279e-03 7.614819541619e-05
2.049611000977e-03 4.727548627889e-05 7.614819541619e-05
2.049611000977e-03 2.047275486279e-03 7.614819541619e-05
5.157992383049e-04 2.851397345537e-04 5.047590815751e-05
-4.888657634002e-05 4.058558131131e-04 5.309499474662e-05
1.951113423660e-03 4.058558131131e-04 5.309499474662e-05
2.528698975873e-04 6.259191196663e-05 5.912495189175e-05
8.843348717025e-04 3.608429548814e-04 7.994920832088e-05
7.761625662300e-04 3.963421673050e-04 3.329538944686e-05
8.144298164533e-04 4.381990078994e-04 2.341774597484e-05
1.576964098584e-04 8.828496457302e-05 3.945562132542e-05
1.464238170731e-03 2.166327637141e-04 5.777499568946e-05
1.309576776851e-05 4.905130131282e-04 5.182713111619e-05
2.013095767769e-03 4.905130131282e-04 5.182713111619e-05
1.061355502227e-03 2.869914645684e-04 9.016834436613e-05
5.844973580444e-04 3.019851486958e-04 2.025741128947e-05
1.616053883031e-03 2.475613638978e-04 2.266960064620e-05
2.156993321602e-04 3.057942200496e-04 1.000000000000e-04
1.413036563540e-03 8.455995702873e-05 4.099524298308e-05
3.283328461935e-04 3.512846756049e-04 2.147300310507e-05
1.392814376768e-03 3.135737547501e-04 6.263644100619e-05
9.745276700062e-04 4.609654180076e-04 5.480704752015e-05
1.292965905517e-03 3.219169907425e-04 3.756000003802e-05
4.238722083611e-04 2.762991023907e-04 2.876174227432e-05
8.653256423734e-04 5.094883250291e-04 6.417536841103e-05
3.814126288373e-04 3.199718035469e-04 3.214901801987e-05
1.325969125980e-03 3.939899540017e-04 4.170994757072e-05
1.531612069861e-03 2.638020281728e-04 2.410978951564e-05
3.252392948933e-04 4.621645614512e-04 8.945003896824e-05
6.287550169285e-04 3.541917887438e-04 4.818436524331e-05
6.954896205045e-04 3.822480082521e-04 2.295926548015e-05
1.570019297833e-03 3.042179897843e-04 3.164471804650e-05
1.695365131884e-03 4.031468174318e-04 3.134567827032e-05
1.632169400879e-03 3.347545308811e-04 3.760205553024e-05
1.265056921721e-03 1.839805820505e-04 2.140827808835e-05
1.071304646198e-03 5.438489334157e-04 7.261139795451e-05
5.323040233783e-04 3.884892572660e-04 5.418326940537e-05
1.879267816904e-03 4.674217255389e-04 4.134855128287e-05
9.661994617928e-04 5.555766461246e-04 3.314605584512e-05
4.741388150174e-04 4.888606390762e-04 6.182375583202e-05
1.146731433096e-03 6.152775258394e-04 3.126951462074e-05
1.728093831278e-03 4.509591989857e-04 2.659559884612e-05
9.092268578696e-04 6.169925721577e-04 5.062621622801e-05
1.809806710250e-04 5.028811471009e-04 6.044459325269e-05
1.250708196966e-03 4.404998075606e-04 4.676249963233e-05
1.388003382178e-03 4.302942658622e-04 3.016669677000e-05
1.075978517306e-03 6.792042310288e-04 6.282457091298e-05
9.927827471540e-05 5.626677654281e-04 4.079633124553e-05
6.149900522481e-04 4.466093323832e-04 4.525270935795e-05
5.813865153475e-04 5.459948158804e-04 5.966001129742e-05
1.937095324298e-03 5.406319026089e-04 3.921116022598e-05
4.057194489915e-04 5.428436546623e-04 2.443963278598e-05
2.584407520323e-04 6.062319778557e-04 6.867658512516e-05
1.763323303551e-03 4.954168109652e-04 3.012824957403e-05
1.803884908933e-04 7.191116049913e-04 6.856031112071e-05
3.220044397874e-04 8.105309765924e-04 1.000000000000e-04
1.634440952620e-03 4.265386867867e-04 3.391483943222e-05
6.410985296845e-04 6.199103038284e-04 3.536117521338e-05
1.341923009011e-03 4.588220952085e-04 2.402959312545e-05
4.801318047594e-04 6.086479248153e-04 5.811340606248e-05
1.492963434346e-03 5.072796956319e-04 1.000000000000e-04
6.944987056750e-05 8.086650317534e-04 7.401315669372e-05
2.069449870567e-03 8.086650317534e-04 7.401315669372e-05
9.978291553432e-04 7.947269976751e-04 7.664884013328e-05
1.483020279810e-04 9.089484645089e-04 5.355811598935e-05
1.680012875115e-03 5.510465374776e-04 7.004806478229e-05
7.668190533501e-04 5.493946423354e-04 4.202582613891e-05
1.865022076103e-03 5.535679905872e-04 3.401380462590e-05
1.306820721089e-03 5.804294755443e-04 1.000000000000e-04
1.112911988630e-03 8.638208750461e-04 5.758238725973e-05
1.905976626675e-03 5.966274224940e-04 2.485030704528e-05
3.224718298562e-05 1.009503762426e-03 1.000000000000e-04
2.032247182986e-03 1.009503762426e-03 1.000000000000e-04
1.916310050876e-04 1.037789945268e-03 6.187436760524e-05
3.105162975741e-04 1.037789945375e-03 5.701092488127e-05
1.747625394483e-03 6.048283297273e-04 1.634599724112e-05
1.719738407467e-03 6.558760051036e-04 4.182228626630e-05
7.150949951553e-04 6.034340770029e-04 3.277817572816e-05
1.586519977583e-03 6.046455848200e-04 3.502941590533e-05
1.429374083959e-03 6.167250043393e-04 2.657756942182e-05
1.034395146260e-03 8.889243050285e-04 2.439671595096e-05
1.772650372410e-03 6.950496032608e-04 2.401271070898e-05
1.204228020081e-03 9.269591616816e-04 5.343590330215e-05
1.605810548335e-03 7.403390372268e-04 1.000000000000e-04
1.770018916068e-03 4.493754803195e-04 1.408528680907e-05
1.737249994279e-03 8.634605815983e-04 8.009786961102e-05
7.921500350078e-04 6.648599249717e-04 6.576427180269e-05
8.853589619745e-04 7.159169192487e-04 4.051235183052e-05
1.460081886782e-03 6.902267908772e-04 5.308096294266e-05
1.611086022287e-03 8.897605538411e-04 4.877818079636e-05
1.063898074877e-03 9.220165192456e-04 1.850372675060e-05
5.779802987881e-04 6.537581682052e-04 3.620767676459e-05
4.829230132205e-04 8.229305126962e-04 6.139558783103e-05
7.270665303061e-04 7.378015014431e-04 3.199224287734e-05
1.665291127063e-03 9.557350114594e-04 3.660813216884e-05
1.297678855721e-03 1.036783997918e-03 9.076726357077e-05
1.901779439925e-03 1.045407892546e-03 3.531791654873e-05
1.601864453270e-03 9.668012781032e-04 2.777668906938e-05
1.929856546971e-03 1.145391603059e-03 6.853325729187e-05
1.107973100874e-03 9.939130933014e-04 6.381527336972e-05
9.069925164939e-04 8.200809584948e-04 1.765979301702e-05
7.501326811749e-05 1.231024453762e-03 1.000000000000e-04
2.075013268117e-03 1.231024453762e-03 1.000000000000e-04
8.989269616949e-04 9.303928603925e-04 9.124061818767e-05
7.812246677656e-04 7.542241028120e-04 2.426527851518e-05
1.823950129274e-03 1.205678532428e-03 5.333012179384e-05
1.010018898793e-03 9.868547351305e-04 3.337624177587e-05
2.533728728480e-04 1.125339115533e-03 4.525599899811e-05
3.248168124293e-04 1.229101206018e-03 8.072339584401e-05
1.153490381980e-03 1.139634173118e-03 8.634421120802e-05
1.742784882412e-03 1.205678532428e-03 2.783512506878e-05
1.901373008565e-03 1.256070873977e-03 3.904785352751e-05
9.662201210017e-04 1.028792600276e-03 2.726299856365e-05
-3.747834578703e-05 1.314213100478e-03 3.990966421704e-05
1.962521654213e-03 1.314213100478e-03 3.990966421704e-05
6.168115298327e-04 7.658579441911e-04 8.177650990239e-05
1.427390751362e-03 1.085044170131e-03 4.763150843548e-05
1.697939028784e-03 1.269905851729e-03 5.049940838946e-05
7.271169063232e-04 8.487691801935e-04 5.621460987771e-05
1.789343239873e-03 1.313299474985e-03 5.068229126014e-05
1.621240745952e-03 1.353174990777e-03 6.271002632007e-05
1.363025872955e-03 1.185071874403e-03 7.128065210123e-05
6.278087570787e-04 9.693548171196e-04 1.000000000000e-04
1.269649281357e-03 1.284333604229e-03 6.499876258193e-05
1.544027778115e-03 1.411339893003e-03 3.395950483181e-05
4.374108398606e-04 1.278982446349e-03 4.242510455365e-05
1.047474672790e-03 1.188088157246e-03 3.021958751567e-05
1.455876591275e-03 1.410422509945e-03 5.325342813218e-05
1.734785725109e-03 1.416497755138e-03 6.604991271056e-05
1.085644941603e-03 1.275396558823e-03 6.506801087554e-05
2.699760742806e-05 1.355939447133e-03 3.382548053497e-05
2.026997607428e-03 1.355939447133e-03 3.382548053497e-05
-4.251044539944e-05 1.438532258959e-03 7.412331275697e-05
1.957489554601e-03 1.438532258959e-03 7.412331275697e-05
1.364700098429e-03 1.286696506544e-03 3.008142007091e-05
1.787695661843e-03 1.473669602013e-03 1.184797866232e-05
9.272139095449e-04 1.062774133683e-03 2.446928482844e-05
9.207981141528e-04 1.283938905924e-03 1.000000000000e-04
1.513562868904e-03 1.467160968269e-03 2.765995503014e-05
7.938302874822e-05 1.506685659783e-03 6.552948916158e-05
-9.919534542364e-06 1.532960619608e-03 2.577104526806e-05
1.990080465458e-03 1.532960619608e-03 2.577104526806e-05
1.028582087344e-03 1.426249093574e-03 7.850312660082e-05
9.372192464293e-04 1.483462489003e-03 2.929552634101e-05
5.628414639218e-04 1.289482052298e-03 8.344420535730e-05
1.620222077487e-03 1.537309601232e-03 1.000000000000e-04
8.645573312889e-04 1.507324399347e-03 4.718424682339e-05
7.011688392394e-04 1.356689634389e-03 7.034565728888e-05
1.198366959558e-03 1.362078952433e-03 4.047876378541e-05
1.346187274189e-03 1.350738536351e-03 3.633079557761e-05
1.280985577446e-03 1.431227604978e-03 6.725371787127e-05
7.625828929142e-04 1.440900443263e-03 3.388076124333e-05
4.576849672689e-04 1.371196418569e-03 4.972908942551e-05
1.372095049062e-03 1.497371746838e-03 4.533395161554e-05
1.451584414326e-03 1.586908443429e-03 7.439649241019e-05
2.446091275500e-04 1.336085156581e-03 5.298837772783e-05
3.068822859886e-04 1.391778130806e-03 3.055594368271e-05
1.549742521002e-03 1.674855376680e-03 5.444292127750e-05
1.774010124323e-03 1.633247857148e-03 8.125946690489e-05
1.383595406991e-03 1.686932099693e-03 4.654662203164e-05
7.871009945723e-04 1.524112376619e-03 3.187023603590e-05
1.104777536118e-03 1.531491063441e-03 5.142615802499e-05
1.961754362267e-03 1.558014982875e-03 1.204547547007e-05
1.662539197726e-03 1.745299984688e-03 7.583759561283e-05
1.857624837223e-05 1.593780944898e-03 4.069222815145e-05
2.018576248372e-03 1.593780944898e-03 4.069222815145e-05
1.852846939806e-03 1.711733858611e-03 2.998506620384e-05
8.270266902336e-04 1.639832313813e-03 9.053627822768e-05
9.414647814847e-04 1.641287320586e-03 2.391128875192e-05
1.536594112030e-03 1.785281247001e-03 5.630121756119e-05
1.463722473287e-03 1.699859372737e-03 3.461655398799e-05
2.458022790294e-04 1.507639560606e-03 1.000000000000e-04
7.295759530821e-04 1.684357086112e-03 1.660479672146e-05
1.806648732891e-03 1.734564417536e-03 2.154658398479e-05
6.920821738415e-04 1.736279294269e-03 4.744041391441e-05
1.609790880666e-03 1.853334838816e-03 4.364385393445e-05
8.065443854809e-04 1.829268009551e-03 1.000000000000e-04
5.969993194222e-04 1.419244732566e-03 5.073892429309e-05
1.492241959497e-03 -6.410725480710e-05 1.000000000000e-04
1.492241959497e-03 1.935892745193e-03 1.000000000000e-04
3.791793521903e-04 1.524288200780e-03 3.441213064618e-05
4.416049248302e-04 1.574578179971e-03 4.575041750777e-05
1.034629549610e-03 1.601514096227e-03 4.768975974659e-05
6.320371708322e-04 1.839985511024e-03 7.239524060935e-05
8.963265030785e-04 1.896921162304e-03 1.224275154549e-05
1.931505710526e-03 1.755364743635e-03 5.996431702728e-05
8.888829446594e-04 1.949683376710e-03 4.104210457753e-05
1.693578855090e-03 1.857902335377e-03 4.026852109398e-05
7.003364571652e-04 1.923261725182e-03 3.530765072648e-05
6.461644353215e-04 1.937253011084e-03 2.064229824991e-05
5.188606882827e-04 1.857481048273e-03 4.212638499683e-05
3.477282522249e-04 1.564939517069e-03 1.647705192631e-05
1.845281576284e-03 1.804375725690e-03 3.409436668977e-05
7.551584648605e-04 1.947133037183e-03 2.448724741478e-05
1.120803485002e-03 1.623094482615e-03 4.114480483708e-05
1.063397996740e-03 1.709799950015e-03 6.284186815351e-05
1.652542021007e-04 1.612732406328e-03 3.241034294573e-05
8.131435905504e-04 -3.456583220842e-05 3.631848402231e-05
8.131435905504e-04 1.965434167792e-03 3.631848402231e-05
4.320906915645e-04 1.867562543566e-03 4.522786503830e-05
2.081612925999e-04 1.657346189696e-03 2.776875535259e-05
1.026525512282e-04 1.729409448743e-03 1.000000000000e-04
9.693499917662e-04 1.746916684875e-03 3.826539788779e-05
9.559186240954e-04 1.965621135404e-03 2.786254314131e-05
2.009016796634e-04 1.801689053655e-03 2.139828494959e-05
-4.459690417504e-07 1.888921601375e-03 8.992914870656e-05
1.999554030958e-03 1.888921601375e-03 8.992914870656e-05
3.866753916299e-04 1.920614633136e-03 2.460840485230e-05
1.865271414043e-03 1.937571356228e-03 5.289173601398e-05
2.826236037799e-04 1.875192466028e-03 8.851633878949e-05
1.144317283704e-03 1.764317338808e-03 3.472901215175e-05
1.077063901088e-03 1.838098090852e-03 6.510393253820e-05
1.794600406141e-03 -1.942445158580e-05 2.983523602920e-05
1.794600406141e-03 1.980575548414e-03 2.983523602920e-05
5.560197575839e-04 -4.537196741274e-05 6.161301637111e-05
5.560197575839e-04 1.954628032587e-03 6.161301637111e-05
4.372523593693e-04 -3.747247381887e-05 4.106378258037e-05
4.372523593693e-04 1.962527526181e-03 4.106378258037e-05
4.871942750927e-04 -2.588036926009e-06 1.942655265556e-05
4.871942750927e-04 1.997411963074e-03 1.942655265556e-05
1.756088203161e-03 1.883896878495e-03 2.743033316700e-05
1.143066457827e-04 1.941087542789e-03 3.253034177228e-05
1.156296031143e-03 1.906629226296e-03 3.965410752687e-05
1.599609375000e-03 1.123046875000e-03 1.497993256861e-05
1.353515625000e-03 8.300781250000e-04 2.906470232697e-05
7.324218750000e-04 1.166015625000e-03 4.624345086599e-05
6.074218750000e-04 1.587890625000e-03 2.466139185002e-05
1.298828125000e-03 1.830078125000e-03 3.653374071682e-05
4.667968750000e-04 1.103515625000e-03 6.119406801105e-05
1.900390625000e-03 7.363281250000e-04 4.739517702813e-05
1.458984375000e-03 9.199218750000e-04 4.868823160070e-05
3.417968750000e-04 1.689453125000e-03 5.291730902455e-05
5.097656250000e-04 1.708984375000e-03 3.187655739587e-05
1.759765625000e-03 1.060546875000e-03 4.478795981316e-05
1.263671875000e-03 1.599609375000e-03 2.605297454311e-05
1.533203125000e-03 1.216796875000e-03 2.174853771805e-05
1.236328125000e-03 7.675781250000e-04 2.136578646018e-05
2.148437500000e-05 2.753906250000e-04 4.049437942709e-05
2.021484375000e-03 2.753906250000e-04 4.049437942709e-05
5.859375000000e-06 6.503906250000e-04 2.221385318094e-05
2.005859375000e-03 6.503906250000e-04 2.221385318094e-05
1.904296875000e-03 8.730468750000e-04 3.333638728353e-05
1.251953125000e-03 1.708984375000e-03 8.602623259979e-05
4.316406250000e-04 9.628906250000e-04 3.860226395074e-05
