# 2D packing, generated 2026-09-30T17:09:13.919761+00:00
# generator = preprocess/generate_packing_gravity.py
# periodic axes = xy
# porosity_achieved = 0.324995  (target 0.325000)
# 70 distinct grains; 86 rows including 16 periodic edge images.
# Centres span [-R, L+R]: a grain need only be PARTLY inside.
# Do NOT drop the out-of-box rows -- they carry the conduction
# paths that cross the domain edge, and k_eff depends on them.
# header row is 'Lx Ly'; grain rows are 'x y r', all in metres
1.000000000000e-03 1.000000000000e-03
1.155303324681e-05 6.661690009309e-05 1.000000000000e-04
1.155303324681e-05 1.066616900093e-03 1.000000000000e-04
1.011553033247e-03 6.661690009309e-05 1.000000000000e-04
1.011553033247e-03 1.066616900093e-03 1.000000000000e-04
8.490590311737e-04 3.917398295774e-05 4.512341397619e-05
8.490590311737e-04 1.039173982958e-03 4.512341397619e-05
2.092385291184e-04 1.023455786310e-04 1.000000000000e-04
9.605520170771e-05 1.638268298130e-04 2.880512859457e-05
3.704183482765e-04 1.021011126700e-04 6.118179892586e-05
1.258715540408e-04 2.650813091936e-04 7.674967562900e-05
4.867981474085e-04 1.216707834570e-04 5.683362400912e-05
5.813894551922e-04 1.319462496964e-04 3.831542443549e-05
8.582948881708e-04 1.951150542562e-04 1.000000000000e-04
5.407049388348e-04 2.106180175957e-04 4.717404165550e-05
3.153878706240e-04 1.748604379624e-04 2.736733616281e-05
4.293739161145e-06 2.415031121766e-04 4.326217707547e-05
1.004293739161e-03 2.415031121766e-04 4.326217707547e-05
6.851582670066e-04 1.313949625635e-04 6.545554301777e-05
2.137474060418e-05 3.352512277146e-04 4.912222329907e-05
1.021374740604e-03 3.352512277146e-04 4.912222329907e-05
2.988739300830e-04 3.012803280498e-04 1.000000000000e-04
9.443440565565e-04 3.019845692473e-04 3.462676435030e-05
1.786113439649e-04 3.596103451470e-04 3.149696646176e-05
8.750837677807e-04 3.348592281401e-04 4.074936021721e-05
4.406493358375e-04 2.239214852382e-04 5.326890074793e-05
-6.039935324816e-05 4.599506458206e-04 1.000000000000e-04
9.396006467518e-04 4.599506458206e-04 1.000000000000e-04
7.916091714884e-04 5.064915751669e-04 5.513252403949e-05
6.562561880560e-04 5.447131272278e-04 8.551331380302e-05
5.212857206464e-04 5.449810439117e-04 4.945758876033e-05
5.015347608407e-04 2.790385180898e-04 2.885857509411e-05
7.774806900522e-04 6.162722082580e-04 5.525678958457e-05
5.474619756731e-04 6.949760200806e-04 1.000000000000e-04
2.210705152864e-04 4.229171822811e-04 4.366187238232e-05
3.092614400569e-04 4.520885266535e-04 4.920700214485e-05
7.066184806947e-04 7.042424397527e-04 5.770483588359e-05
4.165453206528e-04 4.520885266535e-04 5.807687845097e-05
9.826034412870e-05 3.725777589168e-04 3.423622277225e-05
8.726961036846e-04 5.876521582619e-04 4.416818130627e-05
2.375096386472e-04 4.994944732102e-04 3.466006747429e-05
3.533936121101e-04 5.138310300360e-04 2.668624745000e-05
4.112930370131e-04 5.462113484780e-04 3.619237460451e-05
6.592870176546e-04 8.386391314120e-04 8.205488386912e-05
3.009584013159e-04 5.300700362871e-04 2.820598018801e-05
4.243775710639e-04 7.019478036055e-04 2.325869627806e-05
5.456844878131e-04 8.387617828478e-04 3.154770313830e-05
4.360304109522e-04 7.518506771305e-04 2.510724867989e-05
1.414419731433e-04 4.996228844721e-04 6.140373198353e-05
5.602936248574e-04 9.155146101021e-04 4.326806229967e-05
7.642428306388e-04 8.609072349944e-04 2.514892323908e-05
4.956434412959e-05 5.620407325521e-04 4.967050657842e-05
1.049564344130e-03 5.620407325521e-04 4.967050657842e-05
7.511112724055e-04 9.392281749842e-04 5.414307312956e-05
-3.949272206946e-05 6.043413128029e-04 4.480843171982e-05
9.605072779305e-04 6.043413128029e-04 4.480843171982e-05
9.011311074889e-04 6.615438459665e-04 3.500734074068e-05
1.444813350221e-04 6.306602779048e-04 6.745283509390e-05
8.386001408124e-04 9.558291189360e-04 3.490700074103e-05
8.994602905458e-06 7.427351832479e-04 1.000000000000e-04
1.008994602905e-03 7.427351832479e-04 1.000000000000e-04
3.421170641693e-04 6.027906289783e-04 5.317501430677e-05
9.321942574453e-04 9.226445078961e-04 6.439606955657e-05
4.730583387518e-04 9.330919883306e-04 4.572047273326e-05
3.109405271904e-04 7.538974376422e-04 1.000000000000e-04
1.559065343647e-04 8.581585345225e-04 8.683216294776e-05
5.131034992652e-05 8.804133880648e-04 2.009818140113e-05
6.647587292337e-04 -2.728608826346e-05 3.847475705482e-05
6.647587292337e-04 9.727139117365e-04 3.847475705482e-05
2.676864335518e-04 8.760582389740e-04 2.629231723760e-05
2.544189302146e-04 -4.333018780478e-05 5.243490397913e-05
2.544189302146e-04 9.566698121952e-04 5.243490397913e-05
5.347010798470e-04 -7.584696180504e-06 3.777942238316e-05
5.347010798470e-04 9.924153038195e-04 3.777942238316e-05
1.718268752255e-04 -2.416001032300e-05 3.192280378827e-05
1.718268752255e-04 9.758399896770e-04 3.192280378827e-05
4.639129107058e-05 9.357338552529e-04 3.544085252629e-05
3.359783888922e-04 -2.049489734140e-05 3.226099787170e-05
3.359783888922e-04 9.795051026586e-04 3.226099787170e-05
3.972609938096e-04 -2.998677674147e-06 3.147027677514e-05
3.972609938096e-04 9.970013223259e-04 3.147027677514e-05
6.708984375000e-04 3.291015625000e-04 4.151656285284e-05
5.556640625000e-04 3.955078125000e-04 3.223596756673e-05
8.291015625000e-04 7.744140625000e-04 1.555103410788e-05
7.724609375000e-04 3.798828125000e-04 5.036626132763e-05
3.759765625000e-04 8.974609375000e-04 4.000220476845e-05
4.501953125000e-04 8.330078125000e-04 1.424863426891e-05
