# 2D packing, generated 2026-09-28T19:12:43.058780+00:00
# generator = preprocess/generate_packing_gravity.py
# periodic axes = xy
# porosity_achieved = 0.474998  (target 0.475000)
# 218 distinct grains; 240 rows including 22 periodic edge images.
# Centres span [-R, L+R]: a grain need only be PARTLY inside.
# Do NOT drop the out-of-box rows -- they carry the conduction
# paths that cross the domain edge, and k_eff depends on them.
# header row is 'Lx Ly'; grain rows are 'x y r', all in metres
2.000000000000e-03 2.000000000000e-03
1.293807457014e-03 2.049643522898e-05 3.410060025990e-05
1.293807457014e-03 2.020496435229e-03 3.410060025990e-05
1.550919838270e-03 7.782460683011e-05 6.900633548209e-05
3.007193096722e-04 2.935197011238e-05 3.700915818124e-05
3.007193096722e-04 2.029351970112e-03 3.700915818124e-05
1.085735711616e-03 1.508175414864e-05 4.652108496202e-05
1.085735711616e-03 2.015081754149e-03 4.652108496202e-05
1.832719399428e-04 3.521979091147e-05 2.648749133166e-05
1.922430462752e-03 4.920164186640e-05 5.093478486114e-05
1.922430462752e-03 2.049201641866e-03 5.093478486114e-05
1.779651047781e-03 9.323240064861e-05 8.570223320318e-05
1.192141934341e-03 8.795384125728e-05 7.337680375911e-05
1.102074778433e-03 1.809745566229e-04 5.610277680220e-05
1.492894678431e-03 1.615737930173e-04 3.288009816529e-05
1.885141469353e-03 1.110459812628e-04 2.128170760817e-05
1.380700915775e-03 6.948255004646e-05 5.842735763429e-05
6.218781360575e-04 5.948545464340e-05 5.015711399183e-05
-1.191786460032e-05 9.130442551091e-05 2.705787752948e-05
1.988082135400e-03 9.130442551091e-05 2.705787752948e-05
1.162716388841e-03 2.626879960678e-04 4.565426603399e-05
2.376043705062e-04 7.943590424029e-05 4.356319242325e-05
1.412269550479e-03 2.155115622780e-04 6.412348017094e-05
1.656153382088e-03 2.048745243806e-04 8.077792557606e-05
2.818483307280e-04 1.700204592955e-04 5.724917986468e-05
1.012176127066e-03 2.246689561498e-04 4.385212907637e-05
1.815904317134e-03 2.685135058088e-04 9.117937294643e-05
9.359950856675e-04 2.319903137357e-04 3.267997907020e-05
8.090099417477e-04 4.630606063725e-05 8.899551392993e-05
8.090099417477e-04 2.046306060637e-03 8.899551392993e-05
-1.430370502065e-05 3.029287555675e-04 8.206532439372e-05
1.985696294979e-03 3.029287555675e-04 8.206532439372e-05
1.196077479836e-03 3.385739079948e-04 3.724106766970e-05
7.134328837518e-04 1.469009413032e-04 4.976437577501e-05
1.692010123421e-03 3.288065441447e-04 4.660677188541e-05
3.478066941922e-04 2.735158644813e-04 6.547759168421e-05
1.613176023698e-03 3.391233754688e-04 3.289953156064e-05
6.587194569185e-04 2.342100498930e-04 5.327173896523e-05
7.996837459026e-05 4.101850970070e-04 6.073225182226e-05
-2.345402713325e-05 4.891885154804e-04 6.941278930216e-05
1.976545972867e-03 4.891885154804e-04 6.941278930216e-05
1.634807408918e-03 3.944815253768e-04 2.653481530852e-05
1.893637192935e-03 6.002821217734e-04 6.920775449225e-05
1.045893077329e-03 2.952412039342e-04 3.436089496582e-05
1.555888323395e-03 3.751956530896e-04 3.479898998057e-05
8.877613511182e-04 3.059444647196e-04 5.561339046051e-05
1.584647133927e-03 4.722182228062e-04 6.598030407437e-05
9.650335888864e-05 5.498435304674e-04 6.500746749750e-05
4.241810797001e-04 3.091788828113e-04 1.881302596121e-05
1.642979292687e-03 6.015311703632e-04 7.588046975515e-05
1.522168008069e-03 6.816287785866e-04 6.907122335056e-05
1.133479758486e-03 3.857505414026e-04 4.114330507692e-05
9.793026147159e-04 3.247067121194e-04 3.768650542114e-05
1.299250310264e-03 2.426896146626e-04 5.211762783447e-05
8.089859166951e-04 3.465930919541e-04 3.303134044040e-05
7.437818863980e-04 4.539404394964e-04 9.256733288845e-05
5.521768729529e-04 4.731677501520e-04 1.000000000000e-04
9.359504610360e-04 3.702822988505e-04 2.477037527467e-05
1.466539977155e-03 7.541214237554e-04 2.230525845364e-05
1.755241218616e-03 6.119617159398e-04 3.686497935193e-05
1.730274297944e-03 7.004143732004e-04 5.504377814323e-05
1.399678464543e-03 7.780134616532e-04 4.869679323231e-05
1.628022223412e-03 7.539885098267e-04 5.915141743936e-05
1.339128393271e-03 8.720320954267e-04 6.313260642527e-05
2.431408659410e-04 6.255066361087e-04 1.000000000000e-04
1.304604298531e-03 9.539625857820e-04 2.577475191745e-05
4.882915583002e-04 6.110425449298e-04 5.195655362631e-05
-9.569817387966e-06 6.549248417256e-04 4.194398707524e-05
1.990430182612e-03 6.549248417256e-04 4.194398707524e-05
3.997521552778e-04 3.595974978068e-04 3.506294588679e-05
1.921210172963e-03 7.195664405890e-04 5.276581199265e-05
3.471186312102e-04 7.786105251386e-04 8.507343678141e-05
1.857835188019e-03 7.922048424077e-04 4.363297500923e-05
6.541819969631e-04 5.554804460761e-04 3.092359987048e-05
8.882735731410e-04 5.812366526888e-04 1.000000000000e-04
1.217434182917e-03 4.262242110961e-04 5.204520399722e-05
3.166664535983e-06 8.069231602227e-04 6.701758826043e-05
2.003166664536e-03 8.069231602227e-04 6.701758826043e-05
1.907322796016e-03 8.683558796958e-04 4.682452237818e-05
1.351613073584e-04 7.303103574510e-04 5.047723627069e-05
8.244040729297e-05 8.925774211221e-04 4.969136041498e-05
1.260539706981e-03 5.092999929614e-04 4.154791400524e-05
1.804814083879e-03 8.829521524271e-04 5.671816080962e-05
1.060265377271e-03 3.964479235569e-04 3.284845000942e-05
1.540185285119e-03 8.333729908798e-04 5.924293868004e-05
2.593947249158e-04 8.550180564708e-04 3.126054011904e-05
1.090563182553e-03 4.362530882734e-04 1.714613467597e-05
7.046857745667e-04 6.552063203685e-04 8.086137924400e-05
1.159739987744e-03 5.224448721387e-04 6.010527702678e-05
1.487836879820e-03 9.077643889062e-04 3.172098624439e-05
1.876988360903e-03 9.582890985559e-04 4.761199646045e-05
1.915883429349e-03 1.023477854363e-03 2.829847866046e-05
1.612205273105e-04 9.475340946731e-04 4.636353679366e-05
1.068961199807e-03 6.391975820495e-04 8.778651994220e-05
3.079196968230e-04 8.785681231727e-04 2.229543413646e-05
1.767156960250e-03 1.007899260817e-03 7.290399736999e-05
2.420311220596e-04 9.589211514022e-04 3.524539215812e-05
1.865092000913e-03 1.101987675575e-03 6.290433072946e-05
6.511200927305e-04 7.594862123091e-04 3.637162862374e-05
1.787918323264e-03 1.216773124594e-03 7.541224755460e-05
1.696717636811e-03 1.274149654204e-03 3.233575177546e-05
1.439012532902e-03 9.223404392374e-04 1.923269954208e-05
1.578353221280e-03 9.605527783290e-04 7.306366019436e-05
5.278575851569e-04 7.594862123091e-04 8.689087894986e-05
1.509285298433e-03 1.048748226442e-03 3.895783343234e-05
7.925538362345e-04 7.501274613366e-04 4.848628893730e-05
7.617957505933e-04 8.279959935520e-04 3.523687477327e-05
4.230655886302e-04 8.852589677221e-04 4.585337896556e-05
1.389658631447e-03 9.878320893223e-04 6.277317719634e-05
6.047356112971e-04 8.704159594597e-04 4.807444884256e-05
5.153332680454e-04 9.653600571891e-04 7.633299354241e-05
6.626621100997e-04 1.003470274417e-03 7.584511591771e-05
9.800046461443e-04 7.638517810539e-04 6.535373527837e-05
1.747067304933e-03 1.323868000965e-03 3.842442830224e-05
8.208773541311e-05 9.927430800720e-04 4.477290550179e-05
1.414471552591e-03 1.144427544562e-03 9.574249439355e-05
5.684866547789e-04 1.065621754595e-03 3.699025972790e-05
1.434909052791e-04 1.098063839258e-03 7.714022580506e-05
1.511959564752e-03 1.234019883682e-03 3.666105444147e-05
1.134043442447e-03 7.230488464525e-04 1.835834733362e-05
8.558277627659e-04 7.988812457774e-04 3.139187626441e-05
8.299793151483e-04 1.057567012162e-03 1.000000000000e-04
4.997533199353e-04 1.122187005025e-03 5.202602459660e-05
2.099754589315e-04 1.201321751941e-03 4.567016628812e-05
3.941198563433e-04 9.725568076825e-04 4.509387537785e-05
1.776288637498e-04 1.260907409877e-03 2.212919102106e-05
-2.517096937807e-05 1.135681610276e-03 5.188894836396e-05
1.974829030622e-03 1.135681610276e-03 5.188894836396e-05
1.101690828589e-03 7.822176240336e-04 4.907781406311e-05
4.354891444690e-04 1.153426243664e-03 1.942867629235e-05
-5.172342381104e-05 1.287869448767e-03 1.000000000000e-04
1.948276576189e-03 1.287869448767e-03 1.000000000000e-04
1.062728135407e-03 8.732656112559e-04 4.995666193990e-05
7.033509135084e-04 1.137104618589e-03 4.953572824652e-05
9.125736971815e-04 1.162070382378e-03 3.320205227985e-05
1.126656528098e-03 9.063653181362e-04 2.203243437053e-05
2.485101067506e-04 1.253025400648e-03 1.881383461275e-05
1.820259969449e-03 1.321066618828e-03 3.225091191104e-05
1.438036826026e-03 1.305253620593e-03 6.599768398386e-05
2.922859933120e-04 1.325826893638e-03 6.613547748479e-05
1.359008480135e-03 1.376102376027e-03 4.013914092155e-05
6.295606965743e-04 1.197958807975e-03 4.611064377625e-05
9.985316426761e-04 1.229593792846e-03 7.610567671981e-05
6.514087423099e-04 1.251521320696e-03 1.173639479418e-05
9.336686725698e-05 1.415179970071e-03 9.302632306735e-05
1.959341533896e-04 1.443124013036e-03 1.327945157278e-05
2.478114591023e-04 1.419587182246e-03 3.763819891223e-05
1.236786184632e-03 5.934420565233e-04 4.466454995353e-05
6.758162821215e-04 1.294038947032e-03 3.728886959981e-05
1.198811571781e-03 6.595702149842e-04 3.159162725610e-05
6.286101394645e-04 1.329365320166e-03 2.167190162455e-05
1.175255971302e-03 9.494263276096e-04 4.289950242934e-05
9.107214936136e-04 1.311587713557e-03 4.403434705015e-05
6.099848335547e-04 1.365036476977e-03 1.856904081530e-05
2.153874106680e-05 1.510322558494e-03 2.618521934259e-05
2.021538741067e-03 1.510322558494e-03 2.618521934259e-05
1.543108197802e-03 1.309029101384e-03 3.914149720983e-05
1.844847580179e-04 1.525324347395e-03 4.992210774900e-05
1.114372999272e-03 1.302061147071e-03 6.053523047773e-05
1.279825169161e-04 1.587002402354e-03 3.366987712175e-05
1.495454439842e-03 1.370753503135e-03 2.110580038629e-05
1.252931324891e-03 9.990719181312e-04 4.281787210087e-05
2.137390427175e-04 1.637784298915e-03 6.599447609710e-05
5.843894320925e-04 1.402304008306e-03 2.664150516045e-05
4.625709503660e-04 1.200381994708e-03 3.455910702757e-05
1.018520653232e-03 1.349411340384e-03 4.536764051634e-05
1.605376255022e-03 1.315185209596e-03 2.343013069162e-05
1.089040288969e-03 1.401490046364e-03 4.207009234166e-05
1.686792962132e-03 1.385557352387e-03 4.782273094870e-05
1.626159327917e-03 1.459776044411e-03 4.801490176324e-05
8.557585552195e-04 1.181304859505e-03 2.639444468969e-05
1.524903815081e-03 1.533410291126e-03 7.714674520226e-05
1.267019946751e-03 1.098597154422e-03 5.769959864299e-05
1.848692226134e-03 1.401652955522e-03 5.120756986753e-05
1.027216367121e-03 1.513085321448e-03 8.550617024977e-05
1.661559227614e-03 1.600858504046e-03 7.524751253419e-05
1.796041401978e-03 1.490186214244e-03 5.179848424675e-05
1.818674383895e-03 1.647278013602e-03 8.798451370985e-05
3.486566236168e-04 1.692794298722e-03 7.955115876024e-05
1.426408911448e-04 1.683911958296e-03 1.822620376796e-05
2.262340003010e-04 1.765015012011e-03 6.184831941440e-05
6.292117808344e-04 1.427015152326e-03 2.454133948002e-05
-7.889135728578e-05 1.779566693082e-03 7.932681201255e-05
1.921108642714e-03 1.779566693082e-03 7.932681201255e-05
3.016890794498e-04 1.891336900763e-03 8.529342288272e-05
1.583319873444e-03 1.670543903900e-03 2.911136954184e-05
1.162408321044e-03 1.630204066117e-03 9.336155986721e-05
1.042108088240e-03 1.621749940675e-03 2.413703566855e-05
5.250208481195e-04 1.487853051834e-03 7.748950660594e-05
1.901328524837e-04 -3.780850631022e-05 4.686244427500e-05
1.901328524837e-04 1.962191493690e-03 4.686244427500e-05
1.258296478550e-03 1.689462656747e-03 1.935986519369e-05
1.700311838104e-03 1.722117810831e-03 5.205397413432e-05
1.414508161964e-03 1.414498005180e-03 2.734744308764e-05
1.012628232920e-03 1.752493131860e-03 1.000000000000e-04
1.370175625101e-03 1.619666502979e-03 1.000000000000e-04
1.209868987303e-03 1.750369951828e-03 3.361628338194e-05
8.214669639577e-04 1.764517225177e-03 9.014583187614e-05
6.390844618203e-04 1.830093259613e-03 1.000000000000e-04
9.460048574161e-04 1.877126353569e-03 4.132274020684e-05
1.780360167561e-03 1.775335225184e-03 4.407008166319e-05
1.099012012242e-03 1.843511511301e-03 2.283537078770e-05
1.152999465287e-03 1.750437751648e-03 2.325327904998e-05
1.112640845220e-03 1.883404106818e-03 1.932105798931e-05
1.648891632550e-03 1.818648103091e-03 5.731832549876e-05
7.699843732181e-04 1.893215312434e-03 3.083367940145e-05
5.949517253062e-04 1.963385683814e-03 3.104846645385e-05
1.492989273756e-03 1.839700022156e-03 1.000000000000e-04
4.097150003375e-04 1.928226981655e-03 2.885771215067e-05
1.304466132085e-03 1.765556764048e-03 6.000535966458e-05
1.062306570492e-03 1.869213825238e-03 2.144969814072e-05
1.766673115047e-03 -8.838272915357e-05 9.273524938845e-05
1.766673115047e-03 1.911617270846e-03 9.273524938845e-05
1.212112161361e-03 -7.333979731043e-05 8.914844902192e-05
1.212112161361e-03 1.926660202690e-03 8.914844902192e-05
1.349968547564e-03 -3.123139829956e-05 4.225276805754e-05
1.349968547564e-03 1.968768601700e-03 4.225276805754e-05
8.648791909430e-04 1.888931804118e-03 4.065739716494e-05
5.547684911481e-05 1.822303123634e-03 6.167396964029e-05
2.055476849115e-03 1.822303123634e-03 6.167396964029e-05
7.195661450881e-04 1.948738213584e-03 4.336640894831e-05
9.455767904433e-04 -1.911804966516e-05 6.243374784649e-05
9.455767904433e-04 1.980881950335e-03 6.243374784649e-05
1.377745697850e-03 1.858777726646e-03 1.681258539006e-05
1.875078031577e-03 -2.185626550907e-05 3.445621658150e-05
1.875078031577e-03 1.978143734491e-03 3.445621658150e-05
9.309587979306e-05 -5.376852525614e-06 5.545073639201e-05
9.309587979306e-05 1.994623147474e-03 5.545073639201e-05
7.832031250000e-04 1.521484375000e-03 6.664784322301e-05
1.396484375000e-03 4.082031250000e-04 2.708150183712e-05
4.511718750000e-04 9.960937500000e-05 1.877617686444e-05
1.044921875000e-03 1.041015625000e-03 6.526735783931e-05
1.408203125000e-03 5.449218750000e-04 3.627436006879e-05
1.775390625000e-03 4.667968750000e-04 5.766544615252e-05
2.480468750000e-04 4.160156250000e-04 1.000000000000e-04
1.074218750000e-04 1.582031250000e-04 7.680144402433e-05
1.623046875000e-03 1.138671875000e-03 2.770017705447e-05
6.464843750000e-04 1.626953125000e-03 3.453529000937e-05
1.228515625000e-03 1.443359375000e-03 2.421899289056e-05
3.222656250000e-04 1.103515625000e-03 2.744298954692e-05
5.019531250000e-04 2.089843750000e-04 2.420241771436e-05
