# 2D packing, generated 2026-10-01T15:39:31.630763+00:00
# generator = preprocess/generate_packing_gravity.py
# periodic axes = xy
# porosity_achieved = 0.274980  (target 0.275000)
# 321 distinct grains; 355 rows including 34 periodic edge images.
# Centres span [-R, L+R]: a grain need only be PARTLY inside.
# Do NOT drop the out-of-box rows -- they carry the conduction
# paths that cross the domain edge, and k_eff depends on them.
# header row is 'Lx Ly'; grain rows are 'x y r', all in metres
2.000000000000e-03 2.000000000000e-03
5.221879142636e-04 5.816748660958e-05 4.464565663608e-05
5.533064966891e-05 4.068597924970e-05 1.000000000000e-04
5.533064966891e-05 2.040685979250e-03 1.000000000000e-04
2.055330649669e-03 4.068597924970e-05 1.000000000000e-04
2.055330649669e-03 2.040685979250e-03 1.000000000000e-04
4.057583505474e-04 1.104059028306e-04 8.296658016020e-05
2.260638993280e-04 1.448499723518e-04 1.000000000000e-04
1.878439687421e-03 1.824459601975e-05 5.157521730763e-05
1.878439687421e-03 2.018244596020e-03 5.157521730763e-05
1.934243728332e-03 7.011242930960e-05 2.461125589065e-05
1.956399816417e-03 1.092664361881e-04 2.037693385053e-05
6.041696472676e-04 1.773363278247e-04 1.000000000000e-04
1.694814842214e-03 1.713699710683e-05 4.949443535185e-05
1.694814842214e-03 2.017136997107e-03 4.949443535185e-05
9.299738508158e-05 1.710420726586e-04 3.562046225942e-05
1.191251824376e-04 2.602323977645e-04 5.731817848961e-05
1.777370796240e-03 2.054404449251e-05 3.313188754804e-05
1.777370796240e-03 2.020544044493e-03 3.313188754804e-05
3.409926779269e-04 1.873571701969e-04 1.760536246407e-05
2.225891975916e-04 2.868600873220e-04 4.205261776976e-05
4.319154100603e-04 2.511659969460e-04 6.020336126069e-05
1.442297873873e-04 3.999600538121e-04 8.464693663027e-05
3.087926838071e-04 4.090173374800e-04 7.755008858417e-05
1.062487478315e-03 1.131026092332e-05 2.508099271778e-05
1.062487478315e-03 2.011310260923e-03 2.508099271778e-05
1.615758326303e-03 7.549247026119e-05 4.876708701108e-05
1.098001096052e-03 4.581927348857e-05 2.314737085298e-05
1.176883775817e-03 4.949787581884e-05 4.608552905829e-05
5.222789434364e-04 3.001720526018e-04 4.259335762383e-05
1.815178241336e-03 7.665661281279e-05 3.452925982483e-05
2.206450157573e-04 5.547325919362e-04 8.796207792805e-05
1.731322092086e-03 1.165969279291e-04 5.239468104707e-05
4.302672577664e-04 4.091252652006e-04 4.392455919417e-05
6.169650402169e-04 3.290419985753e-04 5.224474116081e-05
4.021976814054e-04 4.951083076816e-04 4.652425166978e-05
1.805603683740e-03 1.343841209558e-04 2.398695039061e-05
1.912173809841e-03 1.136430615938e-04 2.406244744252e-05
1.363418583325e-03 8.842493727425e-05 9.277268411279e-05
1.363418583325e-03 2.088424937274e-03 9.277268411279e-05
8.582822867265e-04 5.740595037595e-05 5.556670477121e-05
1.515841018799e-03 1.307740141011e-04 6.542384107596e-05
1.015490811427e-03 5.958360993785e-06 1.509429471879e-05
1.015490811427e-03 2.005958360994e-03 1.509429471879e-05
9.595414041066e-04 7.058290345870e-05 4.654618379107e-05
1.950045984537e-03 1.680548222620e-04 3.875394365876e-05
1.641035177629e-03 1.779575063468e-04 5.676966791403e-05
1.544785484827e-03 2.557758076076e-04 6.288547696582e-05
1.655199807770e-03 2.833162323216e-04 4.953697531401e-05
1.442493084380e-03 2.430264282187e-04 3.935853217260e-05
3.481962127134e-04 5.624876990325e-04 3.982471476233e-05
4.634056121445e-04 3.239173170644e-04 1.907082324762e-05
1.230092325466e-03 1.222946382886e-04 4.396969271525e-05
7.233228567288e-04 1.574495074080e-04 2.080146985217e-05
1.596248771057e-03 3.219532017488e-04 2.094737010200e-05
7.560961440989e-04 8.018212136071e-05 4.912696102185e-05
5.331018466972e-04 4.023368768013e-04 5.913390091774e-05
7.250146217676e-04 2.175457032477e-04 2.735903225475e-05
1.862574007165e-03 1.810953379415e-04 4.968518020401e-05
1.780959883865e-03 1.852220471127e-04 3.203335367947e-05
6.749149384736e-04 4.588604580516e-04 8.992108035296e-05
8.207460816282e-04 1.521823209539e-04 4.637217895608e-05
1.755677086722e-03 2.658334905251e-04 5.244996135767e-05
4.764811360256e-04 4.664272187328e-04 2.638500394951e-05
1.846825804627e-03 2.680933295399e-04 3.872677884265e-05
1.109931679359e-03 1.477554081630e-04 7.281413269206e-05
1.209988672559e-03 2.005748362947e-04 3.685076422531e-05
4.352938545497e-04 5.904132421835e-04 5.164026290869e-05
1.300275345937e-03 2.207546417277e-04 5.385082378860e-05
1.150311103287e-03 2.619780908072e-04 4.833589744575e-05
8.171165785480e-04 4.600259766861e-04 4.918966511588e-05
5.530311796955e-04 4.972744069510e-04 3.787288725606e-05
1.810641985242e-03 3.448745196365e-04 4.382374657741e-05
2.292842737149e-05 1.777078372895e-04 3.476549923812e-05
2.022928427371e-03 1.777078372895e-04 3.476549923812e-05
1.629240331459e-03 3.556982378542e-04 2.624568639632e-05
5.451489109293e-04 6.008316867003e-04 5.870773749910e-05
1.229107576461e-03 2.661672890248e-04 3.057210551916e-05
1.296799142869e-03 3.165941000655e-04 4.205210376683e-05
1.712351481452e-03 4.108781931046e-04 7.351561164078e-05
1.388964886217e-03 3.075910594768e-04 4.333569961628e-05
9.797741574378e-04 1.754529167535e-04 6.025778001730e-05
-1.607622905305e-05 2.378402153191e-04 3.690931985154e-05
1.983923770947e-03 2.378402153191e-04 3.690931985154e-05
3.680815258802e-04 6.189981712014e-04 1.948467086067e-05
9.072963924751e-04 1.123761977097e-04 1.808188742344e-05
3.433984293521e-05 2.822556356578e-04 3.028079548984e-05
1.344504602733e-03 3.590119893697e-04 2.178439188235e-05
1.286519663811e-03 3.780291895017e-04 2.023737207740e-05
1.037431496094e-03 2.899819203627e-04 6.796572592120e-05
1.206331154320e-03 3.293921430166e-04 3.663042438675e-05
1.124389264304e-03 3.288608164315e-04 2.330728209939e-05
9.545229345146e-04 2.914552274689e-04 1.495596955998e-05
1.848497626997e-03 4.551606502097e-04 6.965121603868e-05
1.154135292078e-03 3.813946054538e-04 3.704917743620e-05
1.386995298990e-03 3.807259884697e-04 2.593312146181e-05
1.737871629983e-03 5.847534089546e-04 1.000000000000e-04
1.958037646167e-03 4.545377512379e-04 3.989062054843e-05
1.233090492644e-03 3.976419547896e-04 3.667793839899e-05
1.470061508548e-03 3.157189814358e-04 3.291047751628e-05
1.326806747644e-03 4.338429953478e-04 4.859766863765e-05
4.573303527027e-04 7.404437632142e-04 1.000000000000e-04
3.111779288971e-04 6.587131527391e-04 4.990768540534e-05
2.127129790123e-04 6.945920927918e-04 5.212230247893e-05
1.429569157658e-03 4.500713045060e-04 5.543829646640e-05
1.568300814359e-03 3.652947549272e-04 3.062375321936e-05
7.706231113233e-04 5.496999104978e-04 4.203326445862e-05
1.698360856039e-05 4.632127628547e-04 1.969029183054e-05
2.016983608560e-03 4.632127628547e-04 1.969029183054e-05
2.873855983390e-04 8.063284773621e-04 8.226912186378e-05
1.074371369227e-03 3.985128459621e-04 4.453099993098e-05
1.144100198882e-03 4.650717049229e-04 4.722756875169e-05
1.922540010248e-03 5.130379296754e-04 2.432784063169e-05
4.750656684263e-05 5.668310549864e-04 8.504290441174e-05
2.047506566843e-03 5.668310549864e-04 8.504290441174e-05
1.832658581781e-03 5.311981012901e-04 8.018400582979e-06
6.162480945649e-04 7.394025956828e-04 5.892120655092e-05
9.497321000661e-04 3.435178157807e-04 3.478299905838e-05
1.945302173671e-03 5.494651721735e-04 1.862635044537e-05
1.366152453718e-03 4.881192978063e-04 1.843975530292e-05
1.042543544747e-03 4.983479249052e-04 5.964185513770e-05
7.454716612096e-05 7.519415358153e-04 9.747305944449e-05
2.074547166121e-03 7.519415358153e-04 9.747305944449e-05
1.892676200278e-03 6.020482079237e-04 5.576766781543e-05
8.733305771576e-04 3.440898277701e-04 4.162070768922e-05
4.126945310172e-04 9.386903489464e-04 1.000000000000e-04
9.228276013395e-04 3.976661072817e-04 2.568099490402e-05
1.230862833846e-03 4.743133593194e-04 4.002592364995e-05
1.515778954622e-03 4.478058601010e-04 3.080129052039e-05
1.394026190073e-03 5.409127201395e-04 4.126030941557e-05
1.122071112785e-03 5.396635401410e-04 2.997742155247e-05
9.421181363185e-04 4.925983650578e-04 4.094805777995e-05
8.693447714756e-04 5.582420781412e-04 5.705740780121e-05
1.615086648747e-03 5.862559682912e-04 2.279417739809e-05
1.175807719627e-03 5.392673944023e-04 2.376064712289e-05
1.833919250461e-03 6.850657421196e-04 3.883541403021e-05
1.328516302138e-03 5.020736560064e-04 1.965446346469e-05
1.282378444390e-03 5.235574957621e-04 3.124014545589e-05
1.905083701819e-03 7.743748629636e-04 7.346885735317e-05
1.538924267499e-03 5.862548242599e-04 5.336820532755e-05
-1.567453347028e-05 8.587518213815e-04 4.149268666753e-05
1.984325466530e-03 8.587518213815e-04 4.149268666753e-05
1.071868202116e-03 6.239007015215e-04 6.808496504074e-05
1.600360039762e-03 6.285736982822e-04 2.119365137494e-05
1.731989511724e-03 7.857693136126e-04 1.000000000000e-04
5.947012638663e-05 8.875661576947e-04 3.898703943228e-05
1.845435475938e-04 7.514324545612e-04 1.131540670581e-05
5.649677121995e-04 7.988143204282e-04 1.910967228462e-05
9.617067305881e-04 5.810542063755e-04 3.808003468760e-05
1.846400393634e-03 8.657462236450e-04 3.512422681865e-05
1.799415543144e-04 9.487369936739e-04 9.612490818738e-05
9.039514775829e-04 6.619166564588e-04 5.224057175457e-05
1.911825918829e-03 9.556027524665e-04 7.602745084108e-05
3.764972137454e-05 9.780557047122e-04 4.915604550193e-05
2.037649721375e-03 9.780557047122e-04 4.915604550193e-05
7.987687792263e-04 6.209309961293e-04 3.455707229951e-05
6.136124631630e-04 8.552749417089e-04 5.541627027378e-05
1.557958182791e-03 6.823947662922e-04 4.462869243019e-05
-1.552262479217e-05 1.042093685582e-03 3.407953628933e-05
1.984477375208e-03 1.042093685582e-03 3.407953628933e-05
8.033893193874e-04 7.121091589812e-04 5.673827950810e-05
1.233111845100e-03 6.003176837129e-04 5.997021696969e-05
1.917162858810e-03 1.074411343771e-03 4.048820593707e-05
9.447485727774e-05 1.035906291978e-03 2.595312094503e-05
1.466793719164e-03 6.823947662922e-04 4.653577119689e-05
1.437262704620e-04 1.075763690243e-03 3.596346280123e-05
5.995300122914e-04 1.010051835014e-03 1.000000000000e-04
9.211857355487e-04 8.122604902705e-04 9.787844062264e-05
8.612017524707e-05 1.085611835935e-03 2.247840611243e-05
2.960228805710e-04 1.004102018462e-03 3.247716893686e-05
1.345165531267e-03 6.187147560310e-04 5.061201278910e-05
1.159774076707e-03 6.328740741912e-04 2.026910639564e-05
7.184050176686e-04 7.760362667497e-04 4.960563807845e-05
-2.034409472152e-05 1.109327744305e-03 3.109767620432e-05
1.979655905278e-03 1.109327744305e-03 3.109767620432e-05
2.521845113740e-04 1.032967186081e-03 1.484252302494e-05
2.423433034724e-04 1.123222247528e-03 7.347897417424e-05
1.279057595636e-03 7.316562195526e-04 7.917296828740e-05
4.960293118400e-05 1.148204845007e-03 4.892745260851e-05
7.841737403337e-04 8.479869561991e-04 4.261181679989e-05
1.398492662374e-03 6.823947663579e-04 2.176528559378e-05
1.371601816052e-04 1.169645322677e-03 4.121674242758e-05
1.906003651623e-04 1.222980656651e-03 3.428506780243e-05
4.694631825488e-04 1.069673306423e-03 4.275580383517e-05
1.922699240517e-03 1.166569223521e-03 4.965285949755e-05
1.741687082420e-03 9.843055102589e-04 9.647251615607e-05
1.411724521429e-03 7.266049112898e-04 2.408400974213e-05
1.065526278118e-03 8.118275927704e-04 4.646276445548e-05
7.087039424563e-04 8.579826514231e-04 3.291301506761e-05
4.028621721909e-04 1.068816748076e-03 2.318809761376e-05
1.360180399894e-04 1.236981620899e-03 2.206438916188e-05
7.994819909307e-04 1.005667182013e-03 1.000000000000e-04
1.607678892974e-03 7.856270408591e-04 2.431071840231e-05
-5.569030477243e-06 1.219603241834e-03 3.927709986460e-05
1.994430969523e-03 1.219603241834e-03 3.927709986460e-05
6.989627109592e-04 1.138076860692e-03 6.210279853552e-05
2.972248772261e-04 1.268187274312e-03 8.152709673710e-05
1.924560136324e-03 1.258953064587e-03 4.091231979959e-05
5.699550518200e-04 1.180586113911e-03 7.307471150166e-05
1.809746935031e-03 1.131903925857e-03 6.606189812118e-05
1.661060162855e-03 1.146076078605e-03 8.329875979685e-05
1.756454270411e-03 1.233070401423e-03 4.578745784891e-05
7.996893202498e-04 1.144495210710e-03 3.882819749510e-05
1.827262639476e-04 1.292723503217e-03 3.409863770721e-05
6.795408038358e-04 1.262282477806e-03 6.361228462810e-05
1.032186221759e-03 9.128369587560e-04 5.191063687235e-05
9.471831422767e-04 9.416468981484e-04 3.409394538968e-05
1.678119791066e-03 1.272214770693e-03 4.178292746017e-05
2.031724070490e-04 1.425351284329e-03 1.000000000000e-04
9.211612715103e-04 1.153984478095e-03 8.301393288383e-05
1.607074143620e-03 1.272933590890e-03 2.926636031747e-05
4.126089859061e-04 1.152548224831e-03 5.774619957187e-05
1.753856912445e-03 1.338545299260e-03 5.889404112027e-05
1.459950993736e-03 7.691077579324e-04 4.019883870002e-05
1.858886318554e-03 1.258518289933e-03 2.432803044212e-05
1.128353519394e-03 9.135083183374e-04 4.425902693772e-05
5.774082774559e-04 1.291252028717e-03 3.784146033078e-05
1.179208286999e-03 7.360884797882e-04 2.077460794519e-05
1.351221596953e-05 1.335979052357e-03 7.649647236716e-05
2.013512215970e-03 1.335979052357e-03 7.649647236716e-05
8.330812595561e-04 1.201579830729e-03 1.656497839997e-05
7.759793556332e-04 1.217848796892e-03 3.826210831924e-05
1.868804236331e-03 1.338285683405e-03 5.605359052249e-05
-7.959035650312e-05 1.482358871726e-03 9.698306026912e-05
1.920409643497e-03 1.482358871726e-03 9.698306026912e-05
6.263679021547e-04 1.346412968173e-03 3.591323092917e-05
5.440360204371e-05 1.484988874554e-03 3.556252431485e-05
3.541132242058e-05 1.559927165054e-03 4.173329364832e-05
2.035411322421e-03 1.559927165054e-03 4.173329364832e-05
1.966298639380e-03 1.595698515078e-03 2.515549378464e-05
4.673671648769e-04 1.230880334296e-03 3.782773879115e-05
1.727614369142e-03 1.496796291724e-03 9.597927231991e-05
8.179040330180e-04 1.349601282813e-03 1.000000000000e-04
1.910039371916e-03 1.612483690780e-03 3.355441557186e-05
1.375231242125e-04 1.572694961192e-03 6.117364382314e-05
4.051853862759e-04 1.414120512949e-03 1.000000000000e-04
1.814383267819e-03 1.631070720713e-03 6.389092368694e-05
3.056019953089e-04 1.502364717882e-03 2.220352825046e-05
1.085909063075e-03 1.003472815003e-03 5.345073387039e-05
2.595994351204e-04 1.575406612211e-03 6.031412976479e-05
1.378425830028e-03 7.634777413449e-04 2.516617086270e-05
1.359714134986e-03 8.399219380889e-04 5.353479982802e-05
1.267707894442e-03 9.628356735755e-04 1.000000000000e-04
5.471733063810e-04 1.373330420653e-03 4.773101427647e-05
6.662574095688e-04 1.421053816673e-03 4.871800512612e-05
4.152315408142e-04 1.613867716046e-03 1.000000000000e-04
1.496004979361e-05 1.639155982592e-03 4.008626011231e-05
2.014960049794e-03 1.639155982592e-03 4.008626011231e-05
1.081437009194e-03 1.135205812254e-03 7.835821423415e-05
5.942787583716e-04 1.426742091464e-03 2.348507962567e-05
1.178466568307e-03 1.068131676717e-03 3.802631146178e-05
2.748508307868e-04 1.696436211156e-03 6.167266433433e-05
1.537198623982e-03 1.272930380718e-03 4.060916146266e-05
1.215241457097e-03 1.154480490953e-03 5.582735284022e-05
1.585491114628e-03 1.350405055978e-03 5.052613846738e-05
1.477682325389e-03 1.356764457824e-03 5.747005141452e-05
1.853520046462e-04 1.657295261463e-03 3.601079622061e-05
1.575111561477e-03 1.498158805628e-03 5.652965109369e-05
5.768262235150e-04 1.620170406110e-03 5.454480532960e-05
7.489670107757e-04 1.500809161496e-03 6.618115597728e-05
5.347147564738e-04 1.699563101490e-03 3.532496565142e-05
1.437160138677e-03 1.495624375557e-03 8.144508545846e-05
8.665332316769e-05 1.661506548094e-03 3.430559519738e-05
1.523823360982e-03 1.580789732363e-03 3.996801767410e-05
1.603361897456e-03 1.587446470661e-03 3.712060771987e-05
4.548992328062e-04 1.799388524543e-03 8.971461291725e-05
1.011779064968e-03 1.209388498915e-03 2.319903362172e-05
1.560115455861e-03 1.663815378952e-03 5.064311230850e-05
1.342965742868e-03 1.505277296192e-03 1.324263960774e-05
1.328222121737e-03 1.563705591490e-03 4.701716703507e-05
1.017143223530e-03 1.367028350820e-03 1.000000000000e-04
9.093531811369e-04 1.502958046920e-03 6.826011937334e-05
1.693039314824e-03 1.741233431155e-03 1.000000000000e-04
1.154196506576e-03 1.244211070773e-03 5.269943394292e-05
1.839339771626e-03 1.739610086330e-03 4.630963647860e-05
1.264904982191e-03 1.263944078083e-03 5.975394970040e-05
1.412414461850e-03 1.633780375487e-03 5.815540563968e-05
1.132802545551e-03 1.319108361270e-03 2.519351693106e-05
1.936926094610e-03 1.674551820595e-03 3.408699815429e-05
1.378630332650e-04 1.710817274803e-03 3.554205656567e-05
1.521493891764e-03 1.785701439701e-03 7.721561277602e-05
8.309666498098e-04 1.567738404243e-03 3.343039501634e-05
1.621002934769e-03 1.876888122666e-03 5.359503918072e-05
7.416074273519e-04 1.666827067221e-03 1.000000000000e-04
1.915523200988e-04 1.775058263918e-03 4.818037013087e-05
1.410421946127e-03 1.780416645624e-03 3.398219810019e-05
2.083311830489e-05 1.779040800404e-03 9.992179937897e-05
2.020833118305e-03 1.779040800404e-03 9.992179937897e-05
1.721393624377e-03 1.885603633058e-03 4.522388084129e-05
1.901597294353e-03 1.744170960849e-03 1.611480959256e-05
3.134215187524e-04 1.803166953135e-03 5.181374545391e-05
1.309751121575e-03 1.648309299718e-03 3.957948274351e-05
1.209316296948e-03 1.422431418853e-03 1.000000000000e-04
1.077730841450e-03 1.486631779333e-03 3.407403219264e-05
9.001213066907e-04 1.688451116802e-03 5.998208582714e-05
2.349508495360e-04 1.853587873340e-03 4.145968569030e-05
6.119488350176e-04 1.775453678548e-03 6.914848580278e-05
1.864138390743e-03 1.859700453086e-03 7.631447597512e-05
1.355263926881e-03 1.697278521308e-03 2.727415530914e-05
2.028165936458e-04 -3.783515264884e-05 6.708585083942e-05
2.028165936458e-04 1.962164847351e-03 6.708585083942e-05
7.321348073742e-04 1.844194272932e-03 4.061298929207e-05
5.781276846181e-04 -6.675320286897e-05 9.222889387985e-05
5.781276846181e-04 1.933246797131e-03 9.222889387985e-05
1.783257740040e-03 1.932567386964e-03 3.244700812033e-05
1.050195720538e-04 1.900993435401e-03 4.826668801826e-05
1.543859140820e-03 1.884318531897e-03 2.390578379666e-05
2.975682980710e-04 1.939548662039e-03 3.032762580495e-05
1.128952442306e-03 1.555501549109e-03 5.175544826570e-05
1.537822492017e-03 -1.857317319595e-05 7.338996286384e-05
1.537822492017e-03 1.981426826804e-03 7.338996286384e-05
7.397623276706e-04 -3.951989003878e-05 7.168437673450e-05
7.397623276706e-04 1.960480109961e-03 7.168437673450e-05
1.287023813362e-03 1.725512929876e-03 4.089997088245e-05
1.423979366402e-03 1.856475065387e-03 4.327528725658e-05
4.007506901611e-04 -4.630120365424e-05 7.382052750688e-05
4.007506901611e-04 1.953698796346e-03 7.382052750688e-05
1.414981432499e-03 -4.779340007181e-05 5.287869488778e-05
1.414981432499e-03 1.952206599928e-03 5.287869488778e-05
1.351808627593e-03 1.754538344373e-03 3.009000446443e-05
9.994144517739e-04 1.490536570273e-03 2.265375492118e-05
1.834963236189e-03 1.956023742479e-03 2.433031691817e-05
1.672503929910e-03 1.941691577096e-03 2.918083710404e-05
1.956999306514e-03 1.938087269248e-03 4.211104687858e-05
8.165768878344e-04 1.769814492589e-03 2.738467144251e-05
8.769838381660e-04 1.779294746979e-03 3.376175777273e-05
1.206090916950e-03 1.729136819795e-03 4.011420072770e-05
1.091231861990e-03 1.727929465867e-03 7.475134013271e-05
1.634041976633e-03 1.976869547551e-03 2.293743023447e-05
9.739724293931e-04 1.808527682811e-03 6.753667617361e-05
1.068176007286e-03 1.837418315844e-03 3.099649816510e-05
1.127900654142e-03 1.841952864156e-03 2.890004559817e-05
1.093811078415e-03 1.928466814482e-03 6.348655995808e-05
8.742290188712e-04 1.856455264971e-03 4.312408074559e-05
1.257970766084e-03 1.793274655265e-03 3.253544632092e-05
9.348378485538e-04 1.906305257788e-03 3.319433926904e-05
1.000620463728e-03 1.905053923899e-03 3.260049063030e-05
1.014770065994e-03 1.965960955874e-03 2.399655612379e-05
9.527855403299e-04 -2.033189164813e-05 3.948547800313e-05
9.527855403299e-04 1.979668108352e-03 3.948547800313e-05
1.371631361099e-03 1.825512352973e-03 1.754428596278e-05
1.186881542500e-03 1.806714085721e-03 3.980597847386e-05
1.322655737980e-03 1.811070241456e-03 3.351641000224e-05
8.625376792586e-04 -4.957876864662e-05 5.150271996359e-05
8.625376792586e-04 1.950421231353e-03 5.150271996359e-05
1.257294383843e-03 -7.250619763516e-05 1.000000000000e-04
1.257294383843e-03 1.927493802365e-03 1.000000000000e-04
1.505859375000e-03 9.667968750000e-04 6.448611139837e-05
1.416015625000e-03 1.142578125000e-03 3.881054723593e-05
7.597656250000e-04 3.144531250000e-04 5.203497463025e-05
-6.054687500000e-05 3.417968750000e-04 6.214373884698e-05
1.939453125000e-03 3.417968750000e-04 6.214373884698e-05
6.816406250000e-04 6.230468750000e-04 2.425694925134e-05
1.009765625000e-03 1.603515625000e-03 7.132416298097e-05
1.396484375000e-03 1.251953125000e-03 3.294639836139e-05
1.513671875000e-03 1.099609375000e-03 5.245014832489e-05
