# 2D packing, generated 2026-10-01T15:39:44.348776+00:00
# generator = preprocess/generate_packing_gravity.py
# periodic axes = xy
# porosity_achieved = 0.425204  (target 0.425000)
# 248 distinct grains; 271 rows including 23 periodic edge images.
# Centres span [-R, L+R]: a grain need only be PARTLY inside.
# Do NOT drop the out-of-box rows -- they carry the conduction
# paths that cross the domain edge, and k_eff depends on them.
# header row is 'Lx Ly'; grain rows are 'x y r', all in metres
2.000000000000e-03 2.000000000000e-03
1.516267934053e-03 4.522766123378e-05 5.179396182183e-05
1.516267934053e-03 2.045227661234e-03 5.179396182183e-05
5.772245298200e-04 6.088673827402e-05 7.725377488908e-05
5.772245298200e-04 2.060886738274e-03 7.725377488908e-05
-4.338856091998e-05 8.604158550119e-05 6.970677872507e-05
1.956611439080e-03 8.604158550119e-05 6.970677872507e-05
6.862972424017e-04 1.398281071251e-04 5.738982226662e-05
4.387188534218e-04 9.671117972465e-05 6.581006053617e-05
9.991865649806e-04 1.927445989064e-05 1.000000000000e-04
9.991865649806e-04 2.019274459891e-03 1.000000000000e-04
3.400944425408e-04 1.621204313265e-04 5.253335666341e-05
1.098276962226e-03 1.319125537323e-04 5.002066558728e-05
8.726565738862e-04 1.142303187676e-04 5.095402159255e-05
1.855358729844e-03 1.692396044488e-04 6.132873585167e-05
4.284663654232e-04 2.205243731685e-04 5.339376263524e-05
1.225054619777e-03 4.077848493462e-06 4.328625500293e-05
1.225054619777e-03 2.004077848493e-03 4.328625500293e-05
1.952553431077e-03 1.967336645273e-04 3.967984550908e-05
3.363905523662e-04 2.632716616181e-04 4.812135417381e-05
4.014986814356e-04 3.500715746256e-04 5.899509347386e-05
2.244026692602e-04 9.213068344059e-05 5.902781882016e-05
5.328353743342e-04 1.868269598923e-04 5.628050454205e-05
1.341976756847e-04 9.837874104760e-05 3.139333524433e-05
1.090336756712e-05 2.048315615738e-04 1.921052220104e-05
2.010903367567e-03 2.048315615738e-04 1.921052220104e-05
7.709528083057e-04 1.661320838526e-04 3.125925422214e-05
1.053171327551e-04 1.359949897625e-04 1.603101542464e-05
1.935123444588e-04 1.735747651723e-04 2.807762598185e-05
-5.499112769025e-06 2.592032384730e-04 3.556666374954e-05
1.994500887231e-03 2.592032384730e-04 3.556666374954e-05
5.911020045619e-04 2.823859027429e-04 5.564150180041e-05
9.844985506753e-04 1.606677877301e-04 4.215420237982e-05
1.455989722021e-03 1.124429379131e-04 3.849089994831e-05
8.029186259713e-05 2.777210179394e-04 5.220007631070e-05
1.718927419127e-03 6.664835089336e-05 8.437875687026e-05
1.718927419127e-03 2.066648350893e-03 8.437875687026e-05
1.503762534762e-03 1.976478959304e-04 5.919290888348e-05
1.562358443721e-03 2.621396842750e-04 2.794302693287e-05
1.902223286195e-03 2.561332459078e-04 3.737979698642e-05
5.190105057607e-04 3.863679781415e-04 6.399457180096e-05
1.726276424854e-03 2.322165919450e-04 8.135250251765e-05
1.651778143731e-03 3.369026736230e-04 4.713551090473e-05
5.852944598057e-04 4.494193851991e-04 2.748789917454e-05
1.483239936896e-04 3.327817959083e-04 3.532170365668e-05
2.511801074200e-04 3.420935151179e-04 6.795506942138e-05
8.418480738718e-04 2.162367492476e-04 5.555550436983e-05
1.651179263173e-04 4.097656523790e-04 4.152660618518e-05
9.589116847670e-04 2.120234555197e-04 1.522258407727e-05
5.554608101383e-05 4.443725334308e-04 7.338047804080e-05
2.055546081014e-03 4.443725334308e-04 7.338047804080e-05
1.049774184148e-03 2.016318070906e-04 3.491044663900e-05
9.205344037097e-04 2.024658470769e-04 2.432708235813e-05
1.521606430830e-03 3.133443730439e-04 3.749890692235e-05
1.561231922306e-03 4.180423794890e-04 7.444684837472e-05
1.681279585088e-03 4.906389134687e-04 6.342943259075e-05
1.297019749264e-03 4.732468535832e-05 4.017807292517e-05
5.366180959448e-04 4.761958222664e-04 2.754268188418e-05
4.322397665247e-04 5.494917979382e-04 1.000000000000e-04
7.066643911947e-04 4.884386649279e-04 1.000000000000e-04
-1.489236236474e-05 5.537322582351e-04 5.670076377124e-05
1.985107637635e-03 5.537322582351e-04 5.670076377124e-05
3.422186831858e-04 6.398693049921e-04 2.756131555760e-05
1.394469848210e-03 2.252534398185e-05 2.428622313074e-05
1.394469848210e-03 2.022525343982e-03 2.428622313074e-05
8.931910563899e-04 3.042356513000e-04 4.632716820140e-05
1.517150468330e-03 5.080311035570e-04 2.575866568459e-05
1.190440793922e-04 5.336004685319e-04 3.563776140191e-05
1.388682226738e-03 1.299650198855e-04 3.105996113867e-05
9.531412486198e-04 3.587312110733e-04 3.469081812514e-05
3.091385846527e-04 6.849063872845e-04 2.831919714918e-05
3.609693060992e-04 7.171669183346e-04 3.273131922295e-05
1.109661159338e-03 2.501695931365e-04 4.217630410856e-05
1.461876679237e-03 5.669796215765e-04 5.505048936011e-05
1.833032637954e-03 3.343105384281e-04 6.636365417403e-05
1.531618359762e-03 6.044089972134e-04 2.352668411611e-05
8.127046454602e-04 6.421512521413e-04 8.673936514428e-05
8.063993844326e-05 6.177002237744e-04 5.681572352279e-05
1.179114946559e-03 3.168229727522e-04 5.408636785068e-05
4.526581094424e-06 7.200549786957e-04 7.073716364223e-05
2.004526581094e-03 7.200549786957e-04 7.073716364223e-05
1.564758445129e-03 6.713655927674e-04 5.118242474162e-05
1.454250007942e-03 7.538296753459e-04 8.670317858606e-05
7.038708631232e-04 6.689984501056e-04 2.535686288228e-05
1.893248518160e-04 5.541490581321e-04 3.758540096561e-05
1.065663776036e-03 4.327590543621e-04 1.000000000000e-04
1.368178834373e-03 8.561799529075e-04 4.702724516466e-05
6.445291247004e-04 7.480915264677e-04 7.352264413379e-05
4.236330453341e-05 7.987152878398e-04 1.655007411906e-05
1.775980160292e-03 5.611200327586e-04 5.462050226863e-05
7.157163940166e-04 8.425967313862e-04 4.479414597047e-05
1.696310293984e-03 5.787206924738e-04 2.592560085784e-05
1.897931741261e-03 3.807023599374e-04 1.341162215934e-05
1.602042745197e-03 7.425437357807e-04 2.916959498620e-05
1.657219376907e-03 7.638438355837e-04 2.997560717314e-05
7.616467597554e-04 7.557317753248e-04 3.778716719532e-05
1.878916208725e-03 5.794689024346e-04 4.993814675331e-05
9.139738525322e-04 3.872216150156e-04 1.374255819235e-05
3.351221134723e-04 7.703652190967e-04 2.641372765900e-05
1.577547774318e-03 8.267788430178e-04 5.655854085475e-05
1.930181034770e-03 7.553199140612e-04 1.154816874576e-05
4.517409703781e-04 7.588668911470e-04 6.716053614328e-05
2.922996484409e-04 7.970279823178e-04 2.403095941455e-05
1.226675810754e-03 4.755319955775e-04 6.659674039794e-05
1.723171607039e-03 6.386841660030e-04 3.921412919882e-05
6.514256379002e-04 8.394742569313e-04 1.807665577887e-05
1.141210432291e-03 6.035824119194e-04 8.678338914054e-05
3.341728063754e-04 8.672012572404e-04 5.768592910168e-05
1.990610732561e-04 6.610615275074e-04 6.929441814744e-05
9.856511087480e-04 6.901085300222e-04 9.113974228155e-05
1.705336352380e-03 8.040315020479e-04 3.271643270820e-05
1.835059424555e-03 8.060662757077e-04 9.626330537724e-05
4.279696462182e-04 8.593652288910e-04 3.611091074118e-05
7.072579213261e-05 8.319726867723e-04 2.715902432626e-05
1.757325158002e-03 9.775752077370e-04 9.203945606452e-05
1.477219845200e-03 9.225807483277e-04 8.064032187790e-05
1.275862738305e-04 8.606238300075e-04 3.651202394510e-05
7.695395172666e-04 9.167156141200e-04 4.680574408251e-05
1.546735941990e-03 1.021066778750e-03 3.990836497216e-05
5.878931952333e-04 8.893181690801e-04 6.261555295336e-05
8.407926109531e-04 9.369960942605e-04 2.727734791898e-05
6.768368481803e-04 9.872621505855e-04 6.968719773074e-05
4.702024100900e-04 9.624770427461e-04 7.531463615332e-05
3.891375340401e-04 1.054013168492e-03 4.695709584352e-05
6.203553213684e-04 1.078641258846e-03 3.773866933583e-05
1.344990014227e-03 9.580425211568e-04 5.626207229895e-05
2.167882624954e-04 9.133420197790e-04 6.710362311116e-05
1.819350170323e-03 1.082386713566e-03 2.974951678644e-05
1.297615026847e-03 1.030614676855e-03 3.040457187252e-05
1.456042478810e-03 1.096459158557e-03 7.802939486951e-05
9.029383014821e-04 7.908742096924e-04 3.922563151546e-05
5.727651953055e-04 1.108237785835e-03 1.830396758755e-05
4.856508993188e-04 1.095527057913e-03 5.810589808052e-05
1.637506231216e-03 1.127650447085e-03 1.000000000000e-04
1.249949025706e-03 1.060803634390e-03 2.601723970564e-05
-1.161050561529e-05 9.244815205670e-04 9.668422440802e-05
1.988389494385e-03 9.244815205670e-04 9.668422440802e-05
9.781893206331e-04 8.269510643726e-04 4.422646806496e-05
1.504825590308e-03 1.248191016972e-03 7.926009445620e-05
-7.229129094778e-05 1.142696529401e-03 9.426196172224e-05
1.927708709052e-03 1.142696529401e-03 9.426196172224e-05
1.806338535789e-03 1.280177815354e-03 8.912784430818e-05
1.042744103639e-03 8.619873759464e-04 2.922326398098e-05
1.404767309996e-03 1.303025392195e-03 3.483840757919e-05
1.594426976554e-03 1.395572021863e-03 9.322053929815e-05
9.632892451841e-04 9.715517662106e-04 1.000000000000e-04
4.310106069622e-04 1.185260577742e-03 4.695439950954e-05
2.539975861587e-04 1.065905378310e-03 8.870509552812e-05
4.118570162938e-05 1.259287306892e-03 6.843541760699e-05
2.041185701629e-03 1.259287306892e-03 6.843541760699e-05
1.674910999660e-03 1.497972824375e-03 3.701555636014e-05
7.655287712184e-04 1.072453826528e-03 5.329211321277e-05
8.393517732030e-04 9.893792433538e-04 2.511669971210e-05
1.456686026608e-03 1.364179525145e-03 4.538241958969e-05
6.830615725276e-04 1.194560882189e-03 9.405461107263e-05
1.884656154111e-03 1.354868669527e-03 1.909587322557e-05
5.865738074074e-04 1.343564784324e-03 8.346229687934e-05
3.412024004191e-04 1.185260577818e-03 4.285380703356e-05
6.491472295245e-04 1.441849936014e-03 3.158046397511e-05
8.774947396353e-04 1.114026073747e-03 6.614265850618e-05
1.475432441208e-03 1.440778733591e-03 3.347737241448e-05
1.943665887287e-03 1.322813882737e-03 4.795074806705e-05
8.337889818796e-04 1.187431617131e-03 1.880891549270e-05
1.741617589503e-03 1.397561032687e-03 4.491550912436e-05
1.018015352179e-03 1.083620874514e-03 2.471741263265e-05
1.202288605058e-03 7.355634289304e-04 5.864554000383e-05
9.920589158512e-04 1.163557051868e-03 5.867034018954e-05
1.312946825722e-03 1.121869280674e-03 6.171950267094e-05
1.773528686236e-03 1.454708414289e-03 2.053784311029e-05
1.521619122846e-03 1.511740272820e-03 4.387813353480e-05
3.829509923142e-04 1.251180934609e-03 3.462513229592e-05
1.569499354639e-03 1.581648585556e-03 4.085491070857e-05
1.486135634576e-03 1.692570028857e-03 9.790054470830e-05
2.396655320082e-05 1.374381997861e-03 4.748230408878e-05
2.023966553201e-03 1.374381997861e-03 4.748230408878e-05
-2.294704648974e-05 1.443866189631e-03 3.635646225363e-05
1.977052953510e-03 1.443866189631e-03 3.635646225363e-05
1.637126423404e-03 1.614261594439e-03 3.422523832565e-05
8.147294847164e-04 1.258904803723e-03 5.249439671226e-05
1.752497509404e-03 1.514085759307e-03 4.222643482064e-05
2.696182006427e-04 1.217265596977e-03 3.555932266432e-05
1.709066398848e-03 1.630246240530e-03 3.946919143927e-05
1.944857235768e-03 1.507451084982e-03 3.491487250131e-05
1.336297656574e-03 1.306185146504e-03 3.370411562683e-05
1.368284131408e-03 1.804543645520e-03 6.292507041622e-05
1.261371774166e-03 1.808865728095e-03 4.407461430287e-05
1.457209333967e-03 1.813510490575e-03 2.645107831548e-05
1.100709163366e-03 7.075048616871e-04 2.475244764523e-05
1.519803096067e-03 1.853814316783e-03 4.799606711386e-05
3.146862659114e-04 1.276490335712e-03 3.818035276553e-05
4.966107575565e-04 1.474936494522e-03 7.576112741785e-05
1.321296808083e-03 1.913303816026e-03 5.555101679879e-05
1.682038405828e-04 1.405149431099e-03 1.000000000000e-04
1.663038141058e-03 1.680428663967e-03 2.854961817783e-05
9.157894280900e-04 1.193461619286e-03 2.204177476102e-05
1.580834705563e-03 -5.166744648472e-05 6.451417435348e-05
1.580834705563e-03 1.948332553515e-03 6.451417435348e-05
1.437121843708e-03 1.862861130344e-03 2.523346084488e-05
1.852985074037e-03 1.514245393117e-03 5.720817957620e-05
9.236962044987e-04 1.294720607677e-03 6.220753884908e-05
6.111094860612e-04 1.505760745130e-03 4.183813606781e-05
6.738553555161e-04 1.578015768845e-03 5.385842910388e-05
7.636287170248e-04 1.354006007906e-03 5.546637641153e-05
3.243523363402e-04 1.456988320655e-03 6.452848749582e-05
1.927688359314e-03 1.586221356182e-03 4.570476495483e-05
2.466583097032e-04 1.508524525707e-03 2.870424391473e-05
8.581766103108e-04 1.391585374805e-03 4.625940711819e-05
1.856803825458e-04 1.550104252173e-03 4.510077795657e-05
9.676518011317e-04 1.362967584032e-03 1.896973005784e-05
7.296752253645e-04 1.654497154726e-03 4.073520341643e-05
1.869423226979e-03 1.645983508811e-03 3.775984151322e-05
1.364016293359e-03 1.974672601341e-03 1.922252286207e-05
6.532110716737e-04 1.698258884514e-03 4.736638217959e-05
7.120953603004e-04 1.763265633558e-03 4.034477059090e-05
7.960283648139e-04 1.427795779504e-03 2.512312552916e-05
4.166697349450e-04 1.631464899870e-03 1.000000000000e-04
1.077134387832e-03 1.413629994326e-03 1.000000000000e-04
5.150041092993e-05 1.452950843889e-03 2.611370091082e-05
1.762616217408e-03 1.650940659608e-03 1.794023330467e-05
1.667545586924e-03 1.970191895384e-03 2.490957962425e-05
3.044350397499e-04 1.765878542557e-03 7.511109298548e-05
1.805013174581e-03 1.650876272113e-03 2.445677276300e-05
3.698540476006e-04 1.868294202928e-03 2.229205609297e-05
1.972939099700e-03 1.630764724923e-03 1.779122865357e-05
1.184749753473e-04 1.593164544276e-03 3.471623472033e-05
8.709925354128e-05 1.651072723455e-03 3.114569005166e-05
9.302868339291e-04 1.428520543979e-03 3.475967132754e-05
1.770426434659e-03 1.739008078582e-03 7.018831981670e-05
1.797762350484e-04 1.849868218108e-03 7.520259548675e-05
3.260104950588e-04 1.860761432415e-03 2.219420134416e-05
1.292363486187e-06 1.728899755995e-03 8.435764256318e-05
2.001292363486e-03 1.728899755995e-03 8.435764256318e-05
1.901513767994e-03 1.804381788213e-03 4.075552743139e-05
5.442182022781e-04 1.746745252418e-03 7.192512105378e-05
9.665982517219e-04 1.539907207733e-03 6.782184797305e-05
3.232837914583e-04 -2.376130673399e-05 9.331541814868e-05
3.232837914583e-04 1.976238693266e-03 9.331541814868e-05
-2.388449480366e-05 1.872264218621e-03 6.010796225514e-05
1.976115505196e-03 1.872264218621e-03 6.010796225514e-05
7.423241621673e-04 1.832536452765e-03 3.523453219589e-05
7.837974752980e-05 -5.108176785361e-05 6.654440791244e-05
7.837974752980e-05 1.948918232146e-03 6.654440791244e-05
1.026694111353e-03 1.608628195299e-03 2.161352688844e-05
6.414593735833e-04 1.807177504593e-03 4.256462832195e-05
8.690751383815e-04 1.661055912165e-03 8.770232170791e-05
4.206137745934e-04 1.780931735151e-03 2.784093107289e-05
8.355669275006e-04 1.806518789710e-03 6.157008228716e-05
9.319720445369e-04 1.876665836992e-03 5.765473586333e-05
5.873315069923e-04 1.859341902844e-03 3.244974764687e-05
6.466951670396e-04 1.911071832397e-03 4.626082568934e-05
1.937559127618e-03 1.947868100995e-03 2.475982481416e-05
4.678346820192e-04 1.873203392200e-03 7.581198308980e-05
1.171078116494e-03 1.532445466066e-03 5.018550527848e-05
5.198136396781e-04 1.967793452550e-03 3.211998041723e-05
5.815342261789e-04 1.952606054165e-03 3.101167777585e-05
8.065916168767e-04 1.889389921279e-03 2.292435839494e-05
7.539592992547e-04 -2.188010058693e-05 8.023438113876e-05
7.539592992547e-04 1.978119899413e-03 8.023438113876e-05
1.087890625000e-03 1.755859375000e-03 3.365779583240e-05
1.361328125000e-03 3.378906250000e-04 6.255447200266e-05
1.345703125000e-03 1.525390625000e-03 8.119836781274e-05
1.177734375000e-03 9.160156250000e-04 4.079240046413e-05
1.162109375000e-03 1.212890625000e-03 3.230700332205e-05
1.263671875000e-03 1.855468750000e-04 5.211494714957e-05
1.228515625000e-03 1.669921875000e-03 9.959022487486e-05
1.806640625000e-03 1.904296875000e-03 4.163448791929e-05
1.138671875000e-03 1.876953125000e-03 2.366551754508e-05
1.322265625000e-03 6.269531250000e-04 3.415315723482e-05
1.134765625000e-03 1.087890625000e-03 4.491028843434e-05
7.324218750000e-04 3.027343750000e-04 2.487602052045e-05
8.925781250000e-04 4.902343750000e-04 7.118432010068e-05
1.255859375000e-03 1.388671875000e-03 7.884789131314e-06
