# 2D packing, generated 2026-09-28T18:44:51.687599+00:00
# generator = preprocess/generate_packing_gravity.py
# periodic axes = xy
# porosity_achieved = 0.249675  (target 0.250000)
# 343 distinct grains; 373 rows including 30 periodic edge images.
# Centres span [-R, L+R]: a grain need only be PARTLY inside.
# Do NOT drop the out-of-box rows -- they carry the conduction
# paths that cross the domain edge, and k_eff depends on them.
# header row is 'Lx Ly'; grain rows are 'x y r', all in metres
2.000000000000e-03 2.000000000000e-03
1.019895844476e-04 5.320145668381e-05 1.000000000000e-04
1.019895844476e-04 2.053201456684e-03 1.000000000000e-04
1.848911841027e-03 5.163516741629e-05 4.399689070334e-05
3.026656120457e-04 6.252293725430e-05 1.000000000000e-04
3.026656120457e-04 2.062522937254e-03 1.000000000000e-04
1.762828346517e-04 2.275614559257e-04 8.952818000883e-05
3.265466464460e-04 2.215905362206e-04 6.085122802209e-05
2.732918154434e-04 2.899781989518e-04 2.582604763204e-05
1.659993518192e-03 7.025321054421e-05 4.091893815856e-05
1.565296658265e-03 8.848614553463e-05 5.551723347179e-05
1.729953381877e-03 7.838420579952e-05 2.951184779932e-05
6.045658108165e-04 1.083046492751e-05 6.055948487982e-05
6.045658108165e-04 2.010830464928e-03 6.055948487982e-05
1.917489630458e-03 5.875295894411e-05 2.494929236355e-05
4.741564807932e-04 3.968802223272e-05 7.300469809664e-05
4.741564807932e-04 2.039688022233e-03 7.300469809664e-05
4.290395301736e-04 1.558268382641e-04 5.050695125530e-05
5.979189948196e-04 1.614515144350e-04 9.020817242377e-05
4.619117262434e-04 3.084778204734e-04 1.000000000000e-04
5.585232265537e-04 2.543803017983e-04 1.072644208493e-05
6.054155257297e-04 3.026731127954e-04 4.362121113592e-05
9.380958459227e-04 3.726892819496e-05 9.732025783884e-05
9.380958459227e-04 2.037268928195e-03 9.732025783884e-05
1.071867411217e-03 3.860737893097e-05 3.645800359505e-05
8.257853647033e-04 3.942617568650e-05 1.501094122275e-05
1.903259310838e-03 1.486145173065e-04 6.603203356550e-05
1.748255699237e-03 2.082748770979e-04 1.000000000000e-04
6.842023794216e-04 4.726699952515e-05 2.701684919602e-05
1.426595118118e-03 5.841623594795e-05 8.640639635098e-05
1.426595118118e-03 2.058416235948e-03 8.640639635098e-05
5.738490524659e-04 3.926919045874e-04 4.007854318061e-05
1.615893971519e-03 1.659157573565e-04 3.697834964157e-05
1.173906487726e-03 3.444497249275e-05 4.956049790784e-05
1.173906487726e-03 2.034444972493e-03 4.956049790784e-05
7.474909344255e-04 1.508469418400e-04 5.973923611094e-05
1.605589269791e-03 2.590885259040e-04 5.144549231183e-05
3.343377300833e-04 3.096768337149e-04 2.757986508810e-05
-8.409295726815e-05 3.173300301604e-04 1.000000000000e-04
1.915907042732e-03 3.173300301604e-04 1.000000000000e-04
1.671475965774e-03 3.402424948219e-04 5.262167770587e-05
6.652287565828e-04 3.839940227804e-04 5.171421611862e-05
1.792568898146e-03 3.294565493186e-04 2.393284771274e-05
3.126458764352e-04 4.009009028077e-04 6.618861497090e-05
1.567329231715e-03 3.580766250969e-04 5.304098560494e-05
6.768891183841e-05 3.179842825110e-04 5.178328443043e-05
1.292957291527e-03 4.953765214419e-05 2.723189390899e-05
1.303630576650e-03 1.152444657345e-04 3.833825920424e-05
2.347831437410e-04 3.369764911305e-04 3.454414876089e-05
8.169425302065e-04 3.843520480862e-04 1.000000000000e-04
4.061405743898e-04 4.259895903014e-04 2.958204965021e-05
1.540039288706e-04 3.317989396920e-04 1.706359755793e-05
1.639535122801e-03 4.930131011414e-04 1.000000000000e-04
3.741218404989e-04 5.165655036896e-04 6.479868087898e-05
1.060399333390e-03 1.509060262191e-04 6.962743864224e-05
1.804667035194e-03 3.824160975303e-04 2.888186751680e-05
1.841414899167e-04 3.484879396758e-04 1.738630107587e-05
4.966821010449e-04 4.641864188106e-04 5.954358426621e-05
1.189995529160e-03 1.457648595712e-04 6.007069408867e-05
1.365929395181e-04 4.291583192209e-04 7.625436990175e-05
7.061503482892e-04 4.735233194561e-04 4.059087017590e-05
6.096694172239e-04 5.329822674734e-04 7.274022423927e-05
1.776339310158e-03 4.930131012486e-04 3.680418735679e-05
2.193210901330e-05 4.091153418031e-04 4.014506133114e-05
2.021932109013e-03 4.091153418031e-04 4.014506133114e-05
2.453465987837e-04 4.948421643109e-04 4.937211824304e-05
9.312564331752e-04 2.013662242179e-04 6.659074337616e-05
1.774254224953e-03 6.292218158112e-04 9.157779212752e-05
1.372646354994e-03 2.076988591681e-04 7.232536051883e-05
1.443520691814e-03 4.930131011414e-04 9.601443098766e-05
7.237115596976e-04 5.582453857965e-04 4.406660942135e-05
1.667243367432e-03 6.050713260318e-04 1.543306539329e-05
3.941948723751e-05 4.891567357535e-04 3.794868363478e-05
1.881580866428e-03 6.292218158112e-04 1.574884934772e-05
1.879435041097e-03 6.711752303441e-04 2.166130481271e-05
1.273044968585e-03 1.801851531043e-04 2.982906131753e-05
1.538502327582e-03 6.030201194569e-04 4.932329712134e-05
8.044058918078e-04 5.233885558136e-04 3.932934998627e-05
1.015496444209e-03 2.315414927932e-04 2.266745811655e-05
6.683100311147e-04 6.428147576869e-04 5.176639724258e-05
1.863595868970e-03 7.429221400426e-04 5.181316983638e-05
1.271496258577e-03 2.457895294886e-04 3.575905636057e-05
1.969645183581e-03 4.174882006576e-04 1.280800707603e-05
1.132637300251e-03 2.085497755577e-04 2.279077246125e-05
1.978790782200e-03 4.491695910071e-04 1.872358054628e-05
9.982986496463e-05 5.317172434427e-04 3.269273765995e-05
-2.105483031573e-05 7.429221400426e-04 6.353613087781e-05
1.978945169684e-03 7.429221400426e-04 6.353613087781e-05
1.620491094544e-03 6.330343100038e-04 3.798655078933e-05
2.897492914452e-04 5.620066332148e-04 3.103259943946e-05
1.560634541028e-03 7.175558726467e-04 6.558323993382e-05
5.950721538746e-04 6.399732323811e-04 2.089233481213e-05
1.171919155278e-03 3.021370063277e-04 7.865526813804e-05
1.701635750961e-04 5.372853093390e-04 3.696415759416e-05
9.908629529055e-04 2.825469660927e-04 3.397499252299e-05
1.469653485921e-03 7.175558726467e-04 2.539781517362e-05
4.658686252812e-04 5.520581719703e-04 3.357417444437e-05
8.137603103531e-04 6.690488725919e-04 9.603080504356e-05
1.277942794737e-04 5.827323645294e-04 2.516963424724e-05
1.305557093820e-03 4.930131011414e-04 4.194916700647e-05
1.907376366515e-03 8.216624369968e-04 3.827992828840e-05
1.055604016074e-03 3.147759858069e-04 3.834454132469e-05
6.634823773813e-04 7.959974374377e-04 1.000000000000e-04
9.408305460146e-04 2.835235991530e-04 1.606694544509e-05
1.078103633884e-03 4.541776372114e-04 1.000000000000e-04
1.777434091524e-03 7.567553982985e-04 3.545200607418e-05
1.673816372989e-03 7.904099939158e-04 6.901932345922e-05
1.806523179175e-03 8.593011447110e-04 6.936782001646e-05
1.551278404253e-03 8.569010378634e-04 7.039592931888e-05
1.333137706076e-03 5.644877364059e-04 3.466227899620e-05
8.101381922140e-04 8.189657464070e-04 4.844349511229e-05
1.272651301038e-03 3.074162281435e-04 2.140642122492e-05
1.274225563423e-03 5.644877364059e-04 2.424986365643e-05
9.221418703062e-04 5.190066903262e-04 6.889901664714e-05
1.699341510221e-03 9.089332825006e-04 4.874762885108e-05
4.229257265012e-04 5.911337217549e-04 2.432067524905e-05
1.387349693518e-03 6.330583896842e-04 5.274981440896e-05
1.065331055543e-04 7.429221400426e-04 6.405180499226e-05
1.610160661292e-03 9.778191635063e-04 6.393994108326e-05
-8.639658071240e-06 8.651952286420e-04 5.631611853556e-05
1.991360341929e-03 8.651952286420e-04 5.631611853556e-05
1.007196631164e-03 5.434011214856e-04 1.396768480931e-05
1.444971386245e-03 8.569010379392e-04 3.591108868890e-05
7.630627011036e-04 8.820643391876e-04 3.028092469613e-05
1.726494685492e-03 1.011266159893e-03 5.710677202315e-05
2.409708605982e-04 5.618175140637e-04 1.774624899738e-05
1.297570375114e-03 6.330583896842e-04 3.702950399538e-05
1.468313081573e-03 9.183258990540e-04 2.979924766511e-05
1.489697696014e-03 1.000237122856e-03 5.485741373553e-05
1.331407843972e-03 6.867989931388e-04 2.482300937820e-05
2.054756066792e-04 6.232357078116e-04 5.319122671036e-05
1.417480863832e-04 6.217042563303e-04 1.055472336580e-05
1.361591286253e-03 1.000237122856e-03 7.324899602599e-05
7.046996447423e-04 9.507892890712e-04 5.988206707070e-05
8.762666753627e-04 8.189657464070e-04 1.768498803637e-05
3.110801155176e-04 6.476771589038e-04 5.512493663643e-05
5.528810400810e-04 9.602055801397e-04 9.222827202167e-05
1.559921765947e-03 1.098557655819e-03 6.596620647172e-05
8.147261273908e-04 8.916531743091e-04 2.226482084732e-05
1.436435529224e-03 1.048760931933e-03 1.594865390520e-05
2.384037134169e-04 7.188654755220e-04 4.660822337167e-05
1.901228064259e-03 8.866869059800e-04 2.703456617617e-05
1.670397437076e-03 1.091741065480e-03 4.099068823480e-05
7.559729660449e-05 8.651952286420e-04 2.792083614017e-05
1.000463973394e-03 6.130274906843e-04 5.338073038726e-05
1.753251347928e-03 1.108985665777e-03 4.361599925413e-05
3.175446583411e-04 7.384364650972e-04 3.491669794967e-05
1.202972289730e-03 6.330583896842e-04 5.756858138845e-05
1.265298442627e-03 6.812394028140e-04 2.096090601064e-05
8.176372448038e-04 9.695193888393e-04 5.459814145887e-05
1.868943136045e-03 9.383928640040e-04 3.138807845289e-05
6.507561332564e-04 1.025490703169e-03 2.542240223497e-05
3.920134504382e-04 8.509394178995e-04 1.000000000000e-04
6.144660405896e-04 1.093351991831e-03 5.153294406827e-05
4.265869104278e-04 9.826359435508e-04 3.604225611173e-05
1.459804249780e-03 1.092709696679e-03 3.382675190088e-05
1.812560391996e-03 9.597572006003e-04 2.890660377280e-05
5.502117587251e-05 9.135460394763e-04 2.362450121904e-05
1.636714086941e-03 1.143263146698e-03 2.056492019677e-05
1.224606069132e-03 7.180071677218e-04 3.009164506175e-05
9.504867749498e-04 8.189657464070e-04 5.653511155076e-05
1.475553942706e-03 1.172029575001e-03 4.590895836235e-05
1.203946551837e-03 4.535895731716e-04 2.575763103289e-05
1.097003174717e-03 6.521063831734e-04 5.009886676804e-05
1.706594854192e-03 1.244811751282e-03 1.000000000000e-04
1.963968667050e-04 7.870764423978e-04 3.349989839386e-05
1.862601090842e-03 1.021550386273e-03 5.060735309418e-05
3.195732352780e-04 1.010693431677e-03 7.458843270936e-05
1.216787759802e-03 1.000237122856e-03 7.155453042507e-05
1.348297462817e-03 1.172029575001e-03 8.134752152666e-05
1.838069219734e-03 1.245089390780e-03 3.123397273330e-05
4.194700975107e-04 1.054415825845e-03 3.445757059049e-05
1.293001931390e-04 9.268238922815e-04 5.183193509491e-05
7.045068416517e-04 1.041310445240e-03 3.060797249338e-05
8.834352044513e-04 9.695193888393e-04 1.119981818861e-05
3.736960734649e-04 1.112802338867e-03 3.973303649835e-05
2.133149801884e-04 9.268238922815e-04 3.218285195440e-05
3.015010675739e-05 1.016353039695e-03 8.175776460556e-05
2.030150106757e-03 1.016353039695e-03 8.175776460556e-05
1.565124700227e-03 1.244981762278e-03 4.147026444995e-05
1.055340934353e-03 1.000237122856e-03 8.989229502382e-05
1.855109506919e-03 1.376102149609e-03 9.822658063704e-05
7.966717893245e-04 1.106785711870e-03 8.244682890734e-05
4.677370296841e-04 1.137243107713e-03 5.743204276578e-05
1.682017258398e-03 1.426763719021e-03 8.212730672925e-05
-1.372628924394e-05 1.377093044148e-03 3.294139882857e-05
1.986273710756e-03 1.377093044148e-03 3.294139882857e-05
3.833442940408e-04 1.200557157373e-03 4.807057669794e-05
-2.881361640866e-05 1.447424062974e-03 3.767818309075e-05
1.971186383591e-03 1.447424062974e-03 3.767818309075e-05
1.775917828289e-03 1.466021331890e-03 1.955898996137e-05
1.437748707811e-03 1.246859824910e-03 3.527352874412e-05
1.363604254983e-03 1.331145325086e-03 7.698263360415e-05
2.755864139584e-04 1.200557157480e-03 5.968730338447e-05
1.146351467538e-03 1.123724618399e-03 6.350939566471e-05
1.880396532387e-04 9.882254799732e-04 3.314146747236e-05
1.446879417044e-04 1.042045311696e-03 3.557727331096e-05
1.500113506943e-03 1.322386681841e-03 5.961374801951e-05
2.170748622227e-04 1.086016833300e-03 4.911842309679e-05
1.258072392850e-03 1.331264623301e-03 2.851724501128e-05
1.453600437927e-03 1.401119149629e-03 3.183168608608e-05
1.269105182122e-03 1.402004504041e-03 4.113213533491e-05
5.641494612516e-04 1.180600086957e-03 4.828070296501e-05
6.838513361615e-04 1.168517343085e-03 4.615818244287e-05
1.082702661248e-04 1.097776908827e-03 3.099793785919e-05
6.356523525562e-04 1.269689013969e-03 6.588206143938e-05
7.413286206746e-04 1.269977371289e-03 3.979463824364e-05
1.353849811934e-03 1.484231731954e-03 7.641423075714e-05
1.510768669567e-04 1.184590957459e-03 6.579611237698e-05
1.912538990952e-03 1.500818430745e-03 3.887628060574e-05
4.883314244190e-04 1.288504371487e-03 8.263558339488e-05
3.526858955485e-04 1.297725852574e-03 5.332309874493e-05
2.459069416146e-04 1.313115731491e-03 5.455928856881e-05
1.524753951620e-03 1.504635530270e-03 9.334578561459e-05
1.416084353462e-03 1.580731779869e-03 3.841345849829e-05
5.882876382660e-04 1.371283696687e-03 4.587457041766e-05
9.404298300441e-04 1.106785711870e-03 6.131121181222e-05
4.858922628319e-04 1.462143586630e-03 9.102080765593e-05
8.600172854195e-05 1.318242432681e-03 8.285619613279e-05
7.081925466778e-04 1.341858216438e-03 3.644327488365e-05
1.179728984635e-03 1.510887345506e-03 9.973510416612e-05
1.664127455093e-03 1.570246395651e-03 6.069888331013e-05
6.711362566587e-04 1.494943523529e-03 9.710471431245e-05
1.298078751156e-03 1.582690816550e-03 3.645972056227e-05
5.601386485898e-04 1.579553787229e-03 4.078040139719e-05
1.247269028432e-03 1.620199855702e-03 2.669529460971e-05
1.896075071827e-04 1.377055371056e-03 3.063414730530e-05
1.457269326892e-04 1.401462358621e-03 1.957761284487e-05
1.028785440165e-03 1.510517211760e-03 5.120891765844e-05
8.838934124550e-04 1.202142956243e-03 4.678403271638e-05
8.256051398083e-04 1.274153879024e-03 4.458532503693e-05
1.189457348672e-03 1.647935016662e-03 3.742513481965e-05
9.524673679456e-04 1.510638598654e-03 2.510928351026e-05
7.826398827958e-04 1.342094098090e-03 3.555416637152e-05
1.064453982979e-03 1.596340523688e-03 4.173131145610e-05
9.149632619579e-04 1.509245543077e-03 1.242072410756e-05
3.051807969364e-04 1.340330726780e-03 9.801784576022e-06
1.475657889624e-03 1.613216086231e-03 2.581820086465e-05
3.271886327183e-04 1.397556599945e-03 4.937977237993e-05
1.579121118933e-03 1.628905849943e-03 4.207698388594e-05
2.380711462564e-04 1.440498091911e-03 4.920134966806e-05
8.357682526589e-04 1.548872203001e-03 7.613507918374e-05
1.377933450780e-04 1.478183957061e-03 5.755339272726e-05
1.515208191811e-03 1.642242711112e-03 2.321263335310e-05
1.835211740399e-03 1.512159677758e-03 3.927823493237e-05
1.354712688016e-03 1.629262035346e-03 3.686340828773e-05
6.387290531930e-04 1.639235537183e-03 5.057622300676e-05
1.124088043635e-03 1.625231610362e-03 2.453267711539e-05
1.406147198445e-03 1.634907431104e-03 1.487999086976e-05
1.441386319283e-03 1.647106056378e-03 2.238004194738e-05
1.283064409468e-03 1.719659284372e-03 7.848027142397e-05
1.646545678143e-03 1.664008986116e-03 3.381787711159e-05
9.562668683631e-04 1.585442182990e-03 4.979063699934e-05
1.593490144866e-03 1.699674202702e-03 3.011096837688e-05
7.421768032737e-04 1.607272790715e-03 3.316957182422e-05
1.400783492194e-03 1.696432801889e-03 4.150827772327e-05
8.078852480811e-04 1.695997160949e-03 7.360878240945e-05
3.256550642802e-04 1.560273931724e-03 9.687701853598e-05
5.326474353460e-04 1.679846070632e-03 6.301305937510e-05
1.160831771901e-03 1.725960312894e-03 4.391466575498e-05
1.768243759274e-03 1.561323912635e-03 4.379904425376e-05
1.490281535769e-03 1.711168151191e-03 4.874121583669e-05
1.436912496235e-04 1.635626520538e-03 1.000000000000e-04
1.415055073261e-03 1.807377194045e-03 7.035027660748e-05
1.313823507095e-03 1.829693101239e-03 3.331181724791e-05
1.204888397232e-03 1.853929429795e-03 7.689012743375e-05
4.593089455251e-04 1.591062417785e-03 3.931915814960e-05
2.768504014458e-04 1.684829504654e-03 3.689912457728e-05
4.214334353805e-04 1.665663323486e-03 4.434594458496e-05
1.652892425965e-03 1.738260498142e-03 4.048573608721e-05
1.311280392779e-03 1.903403567792e-03 4.044250676077e-05
1.569119707539e-03 1.777573171739e-03 5.151113397554e-05
7.090357409548e-04 1.649447178512e-03 2.046818537762e-05
-6.268291351686e-07 1.539344887738e-03 5.612089345831e-05
1.999373170865e-03 1.539344887738e-03 5.612089345831e-05
6.913161504022e-04 1.697359289503e-03 2.779731461572e-05
1.059927464405e-03 1.843146226304e-03 6.713754314846e-05
1.117795977497e-03 -5.060660436307e-05 5.233238743673e-05
1.117795977497e-03 1.949393395637e-03 5.233238743673e-05
9.502992405014e-04 1.704119523238e-03 6.903665262882e-05
2.330753614550e-04 1.814540782230e-03 1.000000000000e-04
1.884228779329e-03 1.563938397977e-03 3.025429041808e-05
6.160503309051e-04 1.715253022390e-03 2.603579322014e-05
8.816525175676e-04 1.792989158323e-03 4.325842952131e-05
1.834558586612e-03 1.587496050877e-03 2.471926030136e-05
1.030954529873e-03 1.706012853753e-03 1.164086099168e-05
1.789038253365e-03 1.703611475341e-03 1.000000000000e-04
-5.330993656853e-05 1.703189527311e-03 5.519365226787e-05
1.946690063431e-03 1.703189527311e-03 5.519365226787e-05
1.699222402776e-03 1.809055971657e-03 3.849088379050e-05
7.235609309272e-04 1.724752160914e-03 1.349248745735e-05
4.973692769905e-05 1.784622717880e-03 7.614573937355e-05
2.049736927699e-03 1.784622717880e-03 7.614573937355e-05
1.072503566541e-04 1.897672623541e-03 5.069317546380e-05
1.512473772198e-03 1.848979084464e-03 3.557951235204e-05
1.245763035555e-03 -3.538638691357e-05 4.058808254157e-05
1.245763035555e-03 1.964613613086e-03 4.058808254157e-05
1.624897623182e-03 1.875582498181e-03 6.125856028283e-05
5.786095173370e-04 1.754150648142e-03 2.418077228809e-05
1.901195867098e-03 1.785856737342e-03 3.491042551958e-05
1.397137535339e-03 1.924276352637e-03 4.791405191565e-05
1.832672559894e-03 1.828932295677e-03 3.269991347184e-05
1.754214958257e-03 1.822545130814e-03 1.811930939555e-05
3.510861541961e-04 1.714632310166e-03 3.958924797527e-05
4.189821259771e-04 1.743567159476e-03 3.359644831254e-05
-3.562520934982e-05 1.889131341968e-03 5.879409662968e-05
1.964374790650e-03 1.889131341968e-03 5.879409662968e-05
1.775775597782e-03 1.891924672773e-03 5.218416194806e-05
3.787482788216e-05 1.939655925023e-03 3.039673148855e-05
1.700703790108e-03 1.944998233473e-03 3.927168580391e-05
1.620797018589e-03 -1.254533743178e-05 5.068873143371e-05
1.620797018589e-03 1.987454662568e-03 5.068873143371e-05
3.776411533268e-04 1.809975774656e-03 4.462874098078e-05
1.889711815683e-03 1.846751809812e-03 2.705806774254e-05
3.867765180734e-04 1.915967033190e-03 6.175547727070e-05
1.867875076343e-03 1.925565912770e-03 4.435472755632e-05
1.324586922030e-03 -1.687701510781e-05 4.037982421031e-05
1.324586922030e-03 1.983122984892e-03 4.037982421031e-05
7.276871690575e-04 1.782553364134e-03 4.439000561201e-05
1.493817746303e-03 1.931512966398e-03 4.903661477030e-05
4.884711244782e-04 1.776590812673e-03 4.334042576166e-05
1.809532116763e-03 -2.134232605533e-05 3.452897571946e-05
1.809532116763e-03 1.978657673945e-03 3.452897571946e-05
1.546418191372e-03 -1.797742442335e-05 2.388819198880e-05
1.546418191372e-03 1.982022575577e-03 2.388819198880e-05
9.354317207228e-04 1.879420129307e-03 5.853801286380e-05
1.807156333032e-04 1.942852750084e-03 3.555312746905e-05
1.012153407734e-03 1.930612980163e-03 3.252585827908e-05
8.028706079907e-04 1.823540089870e-03 4.123979294427e-05
6.328093782366e-04 1.811678118290e-03 5.485741732582e-05
5.262908593278e-04 1.893626129272e-03 7.953631706761e-05
2.468661772947e-04 1.944426288736e-03 3.061640759347e-05
7.041567136615e-04 1.848084593139e-03 2.513312234841e-05
3.023342401194e-04 1.937206433024e-03 2.531697738996e-05
7.634894439273e-04 -4.844127096651e-05 9.269918209074e-05
7.634894439273e-04 1.951558729033e-03 9.269918209074e-05
6.386237696518e-04 1.920510168040e-03 3.596880513515e-05
1.044921875000e-03 1.306640625000e-03 1.840999370173e-05
1.119140625000e-03 8.105468750000e-04 7.141180190872e-05
9.394531250000e-04 1.376953125000e-03 4.194743151378e-05
1.302734375000e-03 8.300781250000e-04 2.756981032461e-05
-4.101562500000e-05 1.185546875000e-03 4.837350496946e-05
1.958984375000e-03 1.185546875000e-03 4.837350496946e-05
4.902343750000e-04 6.855468750000e-04 2.098970364397e-05
1.150390625000e-03 1.279296875000e-03 8.654176023013e-05
-2.148437500000e-05 5.957031250000e-04 7.406013506031e-05
1.978515625000e-03 5.957031250000e-04 7.406013506031e-05
1.384765625000e-03 7.675781250000e-04 4.077850948779e-05
1.884765625000e-03 4.863281250000e-04 7.181553246426e-05
1.001953125000e-03 1.224609375000e-03 2.724976112717e-05
1.357421875000e-03 3.496093750000e-04 2.381726386242e-05
1.447265625000e-03 3.261718750000e-04 4.637235014024e-05
1.044921875000e-03 1.392578125000e-03 6.652104049190e-05
1.509765625000e-03 1.933593750000e-04 5.238225317293e-05
1.857421875000e-03 1.138671875000e-03 4.616363851914e-05
2.539062500000e-05 1.972656250000e-04 1.799557901747e-05
1.279296875000e-03 3.925781250000e-04 6.310740008361e-05
7.050781250000e-04 2.675781250000e-04 6.076698900822e-05
8.457031250000e-04 1.412109375000e-03 2.089045446787e-05
1.017578125000e-03 7.246093750000e-04 5.807058104421e-05
1.232421875000e-03 8.730468750000e-04 2.381677542667e-05
4.121093750000e-04 6.933593750000e-04 5.592898852842e-05
9.433593750000e-04 1.283203125000e-03 3.205096106289e-05
5.136718750000e-04 7.558593750000e-04 5.440776670775e-05
9.316406250000e-04 9.277343750000e-04 2.884552922715e-05
5.214843750000e-04 6.191406250000e-04 3.452663897220e-05
8.183593750000e-04 2.363281250000e-04 5.078125000000e-05
-3.710937500000e-05 -1.953125000000e-06 4.211997369255e-05
-3.710937500000e-05 1.998046875000e-03 4.211997369255e-05
1.962890625000e-03 -1.953125000000e-06 4.211997369255e-05
1.962890625000e-03 1.998046875000e-03 4.211997369255e-05
1.361328125000e-03 8.769531250000e-04 4.621824990141e-05
1.294921875000e-03 7.519531250000e-04 4.256814134487e-05
2.441406250000e-04 8.535156250000e-04 4.893375666168e-05
