# 2D packing, generated 2026-09-28T18:45:10.521300+00:00
# generator = preprocess/generate_packing_gravity.py
# periodic axes = xy
# porosity_achieved = 0.399745  (target 0.400000)
# 285 distinct grains; 305 rows including 20 periodic edge images.
# Centres span [-R, L+R]: a grain need only be PARTLY inside.
# Do NOT drop the out-of-box rows -- they carry the conduction
# paths that cross the domain edge, and k_eff depends on them.
# header row is 'Lx Ly'; grain rows are 'x y r', all in metres
2.000000000000e-03 2.000000000000e-03
1.841701154013e-04 2.551628165197e-05 5.315517664320e-05
1.841701154013e-04 2.025516281652e-03 5.315517664320e-05
7.808701146591e-04 2.310969821401e-05 1.849836670405e-05
1.466716064987e-03 3.765176135271e-05 8.466024982075e-05
1.466716064987e-03 2.037651761353e-03 8.466024982075e-05
1.747633556957e-03 1.011524462456e-04 9.348164886736e-05
3.517354207191e-05 8.813985708830e-05 1.000000000000e-04
3.517354207191e-05 2.088139857088e-03 1.000000000000e-04
2.035173542072e-03 8.813985708830e-05 1.000000000000e-04
2.035173542072e-03 2.088139857088e-03 1.000000000000e-04
1.648294817447e-03 1.990085533089e-04 4.596018216706e-05
1.346962078471e-03 3.729334350423e-05 3.308398404781e-05
7.487835169706e-04 6.308190170135e-05 3.275908936683e-05
1.567863613800e-03 1.278107159951e-04 5.083722050282e-05
1.358816270385e-03 1.561101869482e-04 7.557378577138e-05
1.245845259977e-03 1.502483047695e-04 3.754930191516e-05
1.565486232394e-03 2.175054924695e-04 3.888920523546e-05
1.723932673491e-03 2.589957968648e-04 5.057769451199e-05
8.387628408663e-04 8.762554177998e-05 5.758003556085e-05
1.265313918215e-03 2.525551370759e-04 5.875563955398e-05
7.392268843349e-04 1.750727296701e-04 7.491308047810e-05
3.611406082298e-04 6.264905661548e-05 2.553171875856e-05
9.957579653251e-04 5.087251134778e-05 4.775756797015e-05
1.891740324469e-03 1.879926317779e-04 7.476827099442e-05
9.353136208915e-04 1.152165067200e-04 4.052212650014e-05
6.084665382599e-04 1.763191325720e-04 5.585321153040e-05
4.242360691540e-04 7.528551695844e-05 2.344730537313e-05
3.858211072336e-04 1.122184652930e-04 2.984205958010e-05
1.461627840933e-03 1.464700423000e-04 2.312562416973e-05
1.040807795317e-03 1.589073547904e-04 6.929376512785e-05
1.468634947325e-03 2.476283634905e-04 6.253855920794e-05
1.820051819751e-03 2.895042811350e-04 4.950564597287e-05
1.751525090387e-03 3.424875872536e-04 3.711539148460e-05
6.600235576871e-04 2.842216687565e-04 5.994486616737e-05
8.981578122683e-04 2.515307691423e-04 1.000000000000e-04
1.808718993477e-03 3.728846051044e-04 2.613287138711e-05
2.495251544512e-04 6.320812327664e-05 2.228987656948e-05
1.399918001766e-03 3.028438930762e-04 2.561356220673e-05
4.932073862759e-04 1.765395980021e-04 5.940615457356e-05
1.017762934908e-03 2.449544354677e-04 1.978578181972e-05
1.772294010371e-04 1.253514904571e-04 4.684898662151e-05
1.333370928850e-03 3.752892278587e-04 7.275745248448e-05
3.377388227275e-04 1.661548093835e-04 4.241471199891e-05
2.598037907536e-04 2.370572154497e-04 6.294669027078e-05
1.761473115165e-03 4.172997207698e-04 3.835536795192e-05
1.001473619675e-05 2.306812493286e-04 4.474484443644e-05
2.010014736197e-03 2.306812493286e-04 4.474484443644e-05
6.007636675140e-04 3.546358778412e-04 3.208719211364e-05
3.819636095404e-04 2.904332305962e-04 6.927201796994e-05
1.035688957524e-03 3.408891771885e-04 6.387215144526e-05
9.493075113593e-04 3.830868726091e-04 3.226524887512e-05
7.724918071527e-04 2.705172197070e-04 2.608826460680e-05
1.882666266630e-03 3.009477904496e-04 1.294580264065e-05
7.811891583710e-05 2.391300900407e-04 2.382126172253e-05
1.473900731908e-03 3.799806677565e-04 6.771198063452e-05
8.713954749081e-04 3.958779541544e-04 4.668978384013e-05
4.948121067210e-04 2.914643100857e-04 4.358118952037e-05
3.055263432055e-04 3.836289787833e-04 5.126056337176e-05
1.406121630779e-03 4.642577613543e-04 4.043900204813e-05
1.353162205842e-03 5.092856940080e-04 2.907513614445e-05
9.900657663928e-04 4.047284583948e-04 1.388227097915e-05
7.170668692902e-04 3.430337111426e-04 2.198678816631e-05
1.888335300887e-03 4.725100586195e-04 1.000000000000e-04
5.315349859555e-04 3.982694661312e-04 4.974496822067e-05
6.733468160617e-04 4.079197038022e-04 5.625409070260e-05
3.897677493475e-04 4.109779225066e-04 3.730906591249e-05
1.406996241102e-03 5.600700561966e-04 4.493266611493e-05
1.133906823814e-03 3.731992698701e-04 3.952364802309e-05
1.222599287795e-03 3.825501601622e-04 3.825194076680e-05
1.794470543686e-03 5.676746429025e-04 3.358705217871e-05
1.847999647815e-03 6.332071140143e-04 5.102896142950e-05
1.577594272114e-03 4.105452603954e-04 4.039234214512e-05
9.387173389502e-04 4.609011277663e-04 4.626633749190e-05
1.687937978752e-03 4.387808464783e-04 3.825311325037e-05
4.573255680199e-04 5.167882809257e-04 8.822933782338e-05
8.649311418213e-04 4.711934542924e-04 2.823423211707e-05
1.619389941899e-03 4.803184951496e-04 4.094142882880e-05
1.778685991773e-03 6.834060678864e-04 3.455326735542e-05
1.298918358081e-03 5.887132177992e-04 6.687636529536e-05
1.197201278196e-03 6.273278480227e-04 4.192369907793e-05
7.779733445736e-04 5.205335974767e-04 7.174630714745e-05
1.573183777665e-04 4.138640083345e-04 1.000000000000e-04
1.051382726266e-03 5.300296905075e-04 8.591629255380e-05
1.113603592611e-03 6.387643757348e-04 3.936206942528e-05
1.471623479843e-03 6.157956932576e-04 4.040212522552e-05
1.019143275228e-03 6.772777468195e-04 6.264788750310e-05
1.110186998191e-03 7.158128821850e-04 3.621523073977e-05
1.939317788734e-03 6.470905391077e-04 4.133852393792e-05
6.645905896173e-04 5.205335974767e-04 4.163644780878e-05
9.196329922543e-04 7.291773055220e-04 4.958339428122e-05
3.782111889301e-04 6.057584565039e-04 3.082853516779e-05
1.059600865752e-03 7.612318743075e-04 3.054606162095e-05
5.910307139696e-04 6.262674369533e-04 8.457908690745e-05
1.566048364618e-03 5.356782461235e-04 3.593526396415e-05
4.444039104229e-04 6.587926739666e-04 5.398953248586e-05
3.450599086186e-05 4.961793425725e-04 4.784686884718e-05
2.034505990862e-03 4.961793425725e-04 4.784686884718e-05
7.047196455419e-04 6.628283820172e-04 3.484400912516e-05
1.712727441636e-03 7.277346836180e-04 4.491720835022e-05
1.835895865282e-03 7.158553343226e-04 3.121849344774e-05
5.149413464813e-04 7.495291993229e-04 6.027619917916e-05
1.389824588475e-03 7.231323029639e-04 9.455048279782e-05
1.113647077947e-03 7.784695294522e-04 2.618250091639e-05
3.072415262816e-04 7.074265711758e-04 9.153976209460e-05
4.163306912402e-04 8.123096219912e-04 5.662308566673e-05
1.532022551301e-03 7.942749714768e-04 6.445121503871e-05
3.499692936950e-04 8.845511498159e-04 4.147214065247e-05
-5.760546605437e-05 7.844266485177e-04 9.544638549508e-05
1.942394533946e-03 7.844266485177e-04 9.544638549508e-05
1.642988589854e-03 7.718870952231e-04 3.762334470305e-05
1.812730424734e-03 8.806167191640e-04 6.600116298001e-05
5.950002814013e-04 8.068293087837e-04 3.817549255204e-05
1.307182552884e-03 8.088782691962e-04 2.453804213942e-05
5.021662451691e-04 8.453625488823e-04 3.535646800879e-05
9.844311270913e-04 8.300869901320e-04 7.033975913983e-05
1.272833237105e-03 8.414027735601e-04 2.276649124418e-05
1.177078238851e-03 7.842871784145e-04 3.751488688763e-05
1.628486987983e-03 8.577484202045e-04 4.945399784022e-05
5.533191949064e-04 8.714068954333e-04 2.204503244278e-05
1.066307017539e-03 9.123668841178e-04 4.573626073866e-05
7.923306497936e-04 7.149694498173e-04 6.710881828701e-05
1.898079548884e-03 9.238767021067e-04 2.968529958050e-05
9.798149148407e-04 9.913361355007e-04 7.138344935772e-05
6.770736816527e-04 8.542147279499e-04 5.659486662421e-05
4.273737435228e-04 9.105070871441e-04 4.016828766420e-05
1.117095818672e-03 9.608406565790e-04 2.447206453139e-05
1.130406164162e-04 5.540200347227e-04 4.698378102061e-05
5.229253933340e-04 8.921576536491e-04 1.475683083270e-05
8.593396186737e-04 8.084698385490e-04 4.792389272753e-05
1.224134525283e-03 8.287377281150e-04 2.721644603075e-05
5.099758308735e-04 9.600465403615e-04 5.435606309430e-05
1.430246806171e-03 8.811828591913e-04 6.858729335252e-05
8.945343846704e-04 8.783436082666e-04 3.031302469716e-05
-3.759050634665e-05 9.575245170566e-04 4.291302853365e-05
1.962409493653e-03 9.575245170566e-04 4.291302853365e-05
1.690985411223e-03 9.802623151142e-04 8.808038823595e-05
1.174995465949e-03 8.589582445795e-04 3.047173965398e-05
9.039317039932e-04 1.020895707331e-03 1.005382696794e-05
1.214819424613e-03 1.004359484431e-03 8.250359408192e-05
1.891918805264e-03 9.889000897731e-04 3.424501520083e-05
4.176933436802e-05 5.752210760126e-04 2.737400133314e-05
1.342243214733e-03 8.905817024213e-04 1.991677638466e-05
5.838717315343e-04 1.047082060953e-03 5.981830346482e-05
2.785612437377e-04 8.845511498159e-04 2.993590930479e-05
1.320047261726e-03 1.004359484431e-03 2.272424303084e-05
1.826492118051e-03 1.110693004921e-03 1.000000000000e-04
1.574789050218e-03 9.955512762320e-04 2.911750697873e-05
3.012442036442e-04 9.544166086645e-04 4.351951262061e-05
1.115180571362e-03 1.034190126176e-03 2.150490684088e-05
4.770381777871e-04 1.098893337536e-03 5.891592322402e-05
3.860414338656e-04 9.929537958425e-04 4.962384489254e-05
4.497862905967e-05 1.015306420909e-03 5.786598979151e-05
2.044978629060e-03 1.015306420909e-03 5.786598979151e-05
1.915936700575e-03 1.220153275251e-03 4.135729243157e-05
1.911182234929e-04 5.989328159765e-04 4.308991462232e-05
1.305625720354e-03 1.040299912654e-03 1.515651920350e-05
6.537412502347e-04 1.116580962238e-03 3.873039984057e-05
1.135060262890e-03 1.079210066025e-03 2.687708722800e-05
1.066316798192e-03 1.016380399225e-03 1.867092848639e-05
3.858465138026e-04 1.130834878865e-03 3.770799536105e-05
1.583769818030e-03 1.087757667404e-03 6.352520867421e-05
7.822015077283e-04 8.477762485713e-04 3.865140414792e-05
-2.958652429895e-05 1.073542196049e-03 3.674567757333e-05
1.970413475701e-03 1.073542196049e-03 3.674567757333e-05
1.861461687327e-03 1.275294779792e-03 3.615472335566e-05
2.339202277987e-04 9.753419729484e-04 2.698147030908e-05
4.344145554704e-04 1.170693752118e-03 2.458301517396e-05
1.934138815274e-03 1.331803985538e-03 5.590642621650e-05
1.442815302006e-03 1.170657114232e-03 1.000000000000e-04
1.863123888762e-03 1.419640611510e-03 5.704662885317e-05
1.056866846150e-03 1.081380821701e-03 4.701283294426e-05
1.668634137943e-03 1.233497150275e-03 1.000000000000e-04
1.120828938947e-03 1.156215216934e-03 5.143175057731e-05
8.381927092949e-04 8.804061899960e-04 2.606639200360e-05
1.283013855885e-03 1.079844715934e-03 1.922398640471e-05
1.783340968994e-03 1.216973931832e-03 1.470683105188e-05
1.238646159568e-03 1.144146036285e-03 5.889868812244e-05
1.543701441806e-03 1.243750375621e-03 2.458185286979e-05
6.095810372927e-04 1.153593798576e-03 1.888968746341e-05
1.306881878270e-03 1.223186514631e-03 4.552118797358e-05
2.746689993720e-05 1.096859391639e-03 2.488860531568e-05
4.888869437379e-04 1.192635656719e-03 3.414251812338e-05
9.777520891664e-04 1.205820591310e-03 1.000000000000e-04
1.073070077193e-03 1.273085887487e-03 1.666250002300e-05
1.668787776105e-04 1.042243813818e-03 6.697498646798e-05
7.451333585878e-04 8.942952431386e-04 2.083022777531e-05
1.567774475783e-03 1.311207002997e-03 2.732436004495e-05
1.052437027856e-03 1.331419611987e-03 4.521274656582e-05
7.119815779627e-05 1.145974692793e-03 4.087411757063e-05
3.649574860243e-04 1.244416170163e-03 7.670508589623e-05
5.675541100110e-04 1.200787078782e-03 4.430420712539e-05
1.234369849259e-03 1.276763031917e-03 4.462355947573e-05
9.700359811829e-04 1.351547556913e-03 3.960938376683e-05
1.494717792343e-04 1.186743771283e-03 4.738050029125e-05
1.027598031104e-03 1.430119523513e-03 5.656469837523e-05
6.487697148339e-04 1.207011487966e-03 3.714956956081e-05
6.106587961550e-04 1.275224789646e-03 4.098810796199e-05
3.208103635006e-05 1.385458857000e-03 5.576955106152e-05
2.032081036350e-03 1.385458857000e-03 5.576955106152e-05
8.739913956877e-04 1.460409890318e-03 1.000000000000e-04
1.960239782945e-03 1.433835976612e-03 3.083939181348e-05
1.789524061588e-03 1.301285307721e-03 3.859872989648e-05
1.505772580036e-03 1.289406054475e-03 3.440583940407e-05
1.329590362590e-03 1.333012501557e-03 6.597006615655e-05
1.136205927547e-04 1.456248313405e-03 5.221121758175e-05
1.732493016729e-03 1.422062902800e-03 7.360669955150e-05
7.043737246747e-04 1.299303463044e-03 5.577071768226e-05
7.573297665330e-04 1.460430868291e-03 1.663919827808e-05
1.257702753332e-03 1.384909813744e-03 2.265527334217e-05
7.279133827138e-04 1.536113697816e-03 6.452918392325e-05
2.629791587378e-04 1.303663019227e-03 4.123459512806e-05
3.238579323297e-04 1.361951726642e-03 4.304943945850e-05
6.144715851982e-04 1.655280853196e-03 1.000000000000e-04
1.814628106271e-03 1.529229859518e-03 6.141525994488e-05
4.357061452957e-04 1.372429084380e-03 6.928843380270e-05
3.435551444272e-04 1.463420051478e-03 6.021509145649e-05
7.619047712520e-04 1.654796855571e-03 4.736390929342e-05
8.154004514541e-04 1.699787497571e-03 2.231109635613e-05
7.389524821213e-04 1.763610685725e-03 6.384429646322e-05
6.500630859562e-04 1.817203542298e-03 3.995135748874e-05
1.306937695525e-05 1.505171008189e-03 5.792803808450e-05
2.013069376955e-03 1.505171008189e-03 5.792803808450e-05
1.825292873077e-04 1.500168203792e-03 2.950392762764e-05
1.916196529427e-03 1.520359251653e-03 3.995108595747e-05
1.430869272408e-03 1.365213663467e-03 4.028453879663e-05
1.524317302200e-03 1.378729706682e-03 5.297409229919e-05
1.463620753096e-03 1.413607165192e-03 1.702953750110e-05
1.110650275881e-04 1.574931653497e-03 6.236202100364e-05
7.236877152929e-04 1.906252116393e-03 7.559191400916e-05
2.500337269524e-04 1.463420051571e-03 3.330632601824e-05
1.374720133635e-03 1.459465378393e-03 6.829470657416e-05
2.913453803639e-05 1.628046482521e-03 3.515270937563e-05
2.029134538036e-03 1.628046482521e-03 3.515270937563e-05
8.223502023694e-05 1.660474629423e-03 2.706666066705e-05
8.618499223363e-04 -4.040118854253e-05 7.251171946596e-05
8.618499223363e-04 1.959598811457e-03 7.251171946596e-05
4.734983331331e-04 1.727402708605e-03 5.835093885281e-05
4.028616815508e-04 1.768559431151e-03 2.333954074287e-05
1.285416367106e-03 1.551032053454e-03 5.961004161815e-05
1.482227495783e-03 1.473620916324e-03 4.014059390532e-05
4.418020244123e-04 1.833516112415e-03 5.239502352872e-05
1.440794068287e-03 1.525002460382e-03 2.476911079609e-05
1.345395260393e-03 1.607348695720e-03 2.266416853236e-05
1.959824664270e-03 1.586870242022e-03 3.959005783656e-05
1.417596249791e-03 1.606652530705e-03 4.954023832767e-05
5.538650039532e-04 1.845413235683e-03 6.029776898414e-05
2.623247570314e-04 1.590391536395e-03 8.968572041334e-05
1.192898149270e-03 1.564947951012e-03 3.394892520073e-05
3.531734641441e-04 1.830313210920e-03 3.604246092122e-05
1.228103020985e-03 1.623255743501e-03 3.235074770394e-05
1.323408404915e-04 1.697938876945e-03 3.549667134627e-05
1.744716457096e-03 1.581466579808e-03 2.585623389476e-05
6.091186143839e-04 1.937991897098e-03 4.329247157381e-05
2.230437897191e-04 1.742283379887e-03 6.546601671822e-05
1.907786320362e-03 1.640570310565e-03 3.518765315073e-05
2.998852623530e-04 1.833187046323e-03 1.732337193161e-05
1.833833481962e-03 1.665522101593e-03 4.286131684171e-05
1.978688107267e-03 1.638901569849e-03 1.562464247865e-05
1.500845987868e-03 1.633940085923e-03 3.533362584366e-05
1.730512955823e-03 1.667673268406e-03 6.048184162553e-05
3.808680094726e-04 1.894262211068e-03 3.364594061403e-05
4.838461148293e-04 1.914316036858e-03 3.793798099977e-05
1.102659269059e-03 1.665452728233e-03 1.000000000000e-04
1.348764435953e-03 1.671587495212e-03 4.166303434380e-05
4.118973705979e-04 -1.220011676167e-05 6.490421792959e-05
4.118973705979e-04 1.987799883238e-03 6.490421792959e-05
9.241355781861e-05 1.806000680694e-03 7.970569127985e-05
1.445463299781e-03 1.718665278513e-03 6.588714409510e-05
1.798144629483e-03 1.734745928852e-03 3.469260176053e-05
1.203291712158e-03 1.747254904874e-03 2.968610067148e-05
1.148043938955e-03 1.817377950868e-03 5.855926820739e-05
1.288131904292e-03 1.685308699165e-03 2.050279332878e-05
9.850136246284e-04 -4.716798100706e-05 5.083779043247e-05
9.850136246284e-04 1.952832018993e-03 5.083779043247e-05
1.227978850703e-03 1.867361355205e-03 3.571655491335e-05
1.063172141459e-03 1.964876037332e-03 2.824329033083e-05
1.637965537195e-03 1.678092885305e-03 3.265050363142e-05
1.171043952800e-03 1.907398527481e-03 3.388630252088e-05
1.885326209874e-04 1.885375332835e-03 4.272817470201e-05
1.893575475729e-03 1.702947845757e-03 2.763548636216e-05
1.580172082311e-03 1.759942654396e-03 6.754686463695e-05
1.721709097668e-03 1.837708709021e-03 9.354048532714e-05
1.880187805638e-03 1.872737654158e-03 6.875951201837e-05
1.051737537989e-04 -5.528404317275e-05 5.959560052851e-05
1.051737537989e-04 1.944715956827e-03 5.959560052851e-05
6.874748185113e-06 1.950917524848e-03 3.889889581557e-05
2.006874748185e-03 1.950917524848e-03 3.889889581557e-05
1.798658087244e-03 1.954000157453e-03 4.590429935576e-05
1.360449612716e-03 1.780123172528e-03 3.428787083295e-05
2.602398907645e-04 1.863120626929e-03 3.235371988981e-05
1.471609551715e-03 1.867668963330e-03 8.539383633687e-05
7.792968750000e-04 1.025390625000e-03 5.669580470850e-05
9.238281250000e-04 1.783203125000e-03 2.071630363568e-05
1.386718750000e-04 8.574218750000e-04 4.650020888772e-05
6.035156250000e-04 1.423828125000e-03 3.639498181189e-05
1.607421875000e-03 1.544921875000e-03 6.256765660589e-05
1.166015625000e-03 4.101562500000e-05 9.858929268847e-05
1.166015625000e-03 2.041015625000e-03 9.858929268847e-05
1.191406250000e-04 7.167968750000e-04 7.401733714492e-05
7.871093750000e-04 1.173828125000e-03 3.454761494734e-05
1.673828125000e-03 5.996093750000e-04 3.134400462372e-05
4.394531250000e-04 1.580078125000e-03 5.407031811038e-05
9.160156250000e-04 1.646484375000e-03 1.987163473717e-05
1.169921875000e-03 1.447265625000e-03 8.673282543428e-05
5.527343750000e-04 4.882812500000e-05 3.345232717786e-05
