# 2D packing, generated 2026-09-28T19:12:05.878203+00:00
# generator = preprocess/generate_packing_gravity.py
# periodic axes = xy
# porosity_achieved = 0.374996  (target 0.375000)
# 257 distinct grains; 284 rows including 27 periodic edge images.
# Centres span [-R, L+R]: a grain need only be PARTLY inside.
# Do NOT drop the out-of-box rows -- they carry the conduction
# paths that cross the domain edge, and k_eff depends on them.
# header row is 'Lx Ly'; grain rows are 'x y r', all in metres
2.000000000000e-03 2.000000000000e-03
9.452711104265e-04 4.923543287159e-06 7.623007098785e-05
9.452711104265e-04 2.004923543287e-03 7.623007098785e-05
1.277121734099e-03 3.564592086534e-06 1.000000000000e-04
1.277121734099e-03 2.003564592087e-03 1.000000000000e-04
1.057288391927e-03 6.787074593407e-05 5.226242980740e-05
1.859831773065e-03 7.698854925582e-06 1.402721881562e-05
1.859831773065e-03 2.007698854926e-03 1.402721881562e-05
1.224278319725e-03 1.295112522723e-04 3.658442969940e-05
1.408229626449e-03 9.560098503333e-05 3.291694971952e-05
1.695640155619e-03 2.540664837039e-05 6.056538401927e-05
1.695640155619e-03 2.025406648370e-03 6.056538401927e-05
1.841269675176e-03 3.540429792453e-05 1.932159000570e-05
1.534636186309e-03 1.376072185879e-04 1.000000000000e-04
1.305143450293e-03 1.918935934301e-04 6.554710381974e-05
1.278569506427e-04 1.222702509555e-05 2.987957017706e-05
1.278569506427e-04 2.012227025096e-03 2.987957017706e-05
5.614920394570e-04 3.338824956082e-05 2.233202990986e-05
2.878615838710e-04 7.186962750230e-05 7.629936008005e-05
2.878615838710e-04 2.071869627502e-03 7.629936008005e-05
1.415754278874e-03 2.331171684904e-04 5.249618391730e-05
1.777874940337e-03 3.620004876289e-05 2.237491641173e-05
5.538083300084e-05 1.493820085144e-05 4.264723936547e-05
5.538083300084e-05 2.014938200851e-03 4.264723936547e-05
1.088459174067e-04 8.358548701612e-05 4.396420366007e-05
5.197942605513e-04 8.587583149048e-05 4.470267022744e-05
1.730764914906e-03 1.751163647509e-04 9.320988945499e-05
1.611098510559e-03 3.205761328575e-04 9.514788974412e-05
-3.359603789999e-05 4.762356227154e-05 5.214314203721e-05
-3.359603789999e-05 2.047623562272e-03 5.214314203721e-05
1.966403962100e-03 4.762356227154e-05 5.214314203721e-05
1.966403962100e-03 2.047623562272e-03 5.214314203721e-05
4.196893881795e-04 1.899050722928e-04 9.553874081733e-05
1.873031877193e-03 1.130793823574e-04 6.188672520343e-05
1.856410278597e-04 1.760335965943e-04 6.964300706629e-05
1.213989428302e-03 2.120764932495e-04 2.029834471072e-05
1.732735867195e-03 3.901766922602e-04 4.498809114797e-05
5.296892538076e-04 2.515937088486e-04 3.057810930110e-05
1.122529743648e-03 1.789031802232e-04 7.651993297311e-05
2.902587287249e-04 1.763142120823e-04 2.817272974083e-05
1.792386146262e-03 4.611266825338e-04 4.770525765626e-05
8.368464996868e-04 7.305219886763e-05 3.619751758397e-05
5.878890593778e-04 2.943622871490e-04 4.164633485895e-05
1.709453542225e-03 4.959670616981e-04 4.224458837568e-05
7.225002097402e-05 1.718713417454e-04 4.382436625300e-05
4.892607538511e-04 2.828303976154e-04 2.031748001967e-05
9.091436748324e-04 1.414303594140e-04 6.331380407133e-05
1.000924992968e-03 2.036726718111e-04 4.758247209176e-05
1.514017631858e-03 4.109958141715e-04 3.751877576786e-05
1.058672038595e-03 2.793116379250e-04 4.247453032477e-05
1.771936320670e-03 5.450390848431e-04 3.720452148617e-05
3.255744814540e-04 3.014018978442e-04 5.036930598755e-05
5.157168985822e-06 2.128985774671e-04 3.481840111233e-05
2.005157168986e-03 2.128985774671e-04 3.481840111233e-05
7.737094582315e-05 2.880384323033e-04 6.901728591942e-05
2.091954260562e-04 3.926230696168e-04 9.750018727954e-05
1.431287544409e-03 4.246537170998e-04 4.633115687298e-05
3.762217305070e-05 4.306267172464e-04 7.823159260617e-05
2.037622173051e-03 4.306267172464e-04 7.823159260617e-05
1.150978251332e-03 2.962563748500e-04 4.423347696317e-05
1.251899015902e-03 3.015791005757e-04 5.637869517563e-05
1.486730919605e-03 4.600064666057e-04 1.857590784087e-05
1.340386245963e-03 3.617174515248e-04 5.061014765631e-05
1.300383544627e-04 4.997472520946e-04 3.569678208763e-05
7.277731894960e-05 5.376697400636e-04 3.298321029532e-05
1.180873532609e-03 4.067425047476e-04 7.022687931325e-05
4.523403693077e-04 3.038123996959e-04 2.214849702247e-05
2.581079772735e-05 5.931769589217e-04 3.972789958306e-05
2.025810797727e-03 5.931769589217e-04 3.972789958306e-05
8.129973670745e-04 2.427179277638e-04 7.634040056250e-05
1.913141801317e-03 2.262237193293e-04 5.815679607960e-05
1.833549081864e-03 3.066811955984e-04 5.501743454547e-05
2.171511989957e-04 5.662823454471e-04 7.391875679499e-05
6.931049971908e-04 3.211443789559e-04 6.692473729823e-05
3.941714195676e-04 4.246092926364e-04 9.021524289935e-05
1.886601013478e-03 6.203855442134e-04 1.000000000000e-04
1.285658954225e-03 4.325640134861e-04 3.769317906695e-05
8.936908698289e-04 3.135976576605e-04 3.106247982039e-05
2.117542601981e-06 6.476751347232e-04 1.869620992741e-05
2.002117542602e-03 6.476751347232e-04 1.869620992741e-05
3.267560475203e-04 5.345483680862e-04 3.874766920733e-05
5.061300462462e-04 4.246092927122e-04 2.174338377919e-05
1.242583597430e-03 5.059240027202e-04 4.658638347457e-05
2.267772873978e-05 7.669567821861e-04 1.000000000000e-04
2.022677728740e-03 7.669567821861e-04 1.000000000000e-04
1.729889546905e-03 5.786488072926e-04 1.662432419332e-05
3.364324949589e-04 6.433204983974e-04 6.807738614268e-05
1.801843404171e-03 7.277878305048e-04 3.681777456129e-05
2.455335792668e-04 6.851736837112e-04 3.199368278704e-05
5.339489421140e-04 4.458344097435e-04 1.324799459174e-05
1.453468311690e-03 5.066629609314e-04 3.852860397535e-05
9.328445590222e-04 2.365743652456e-04 2.803171786477e-05
2.899392041849e-04 7.460302732047e-04 4.334146179472e-05
1.576697860314e-03 4.441668519115e-04 3.314115158711e-05
5.128035217107e-04 5.121546054544e-04 5.636161080262e-05
7.813036873161e-04 3.776607138967e-04 3.782690221184e-05
1.876211485154e-03 7.664828146046e-04 4.646622380100e-05
9.583277143087e-04 3.210030813304e-04 3.399720286031e-05
6.112554155940e-04 3.663507813736e-04 2.657914076032e-05
4.214826161478e-04 6.857303266498e-04 2.696006257144e-05
7.204192723888e-04 4.216586222935e-04 3.723468212145e-05
6.322449664482e-04 6.102280543063e-04 9.818501675906e-05
1.042208675174e-03 4.149179163662e-04 6.867899258534e-05
1.152773709716e-03 5.280285799606e-04 4.525061063269e-05
9.490293767946e-04 4.152686268975e-04 2.450104828336e-05
1.339600332094e-03 5.176387527612e-04 5.113530519522e-05
7.595215531696e-04 6.218926130639e-04 2.962496508294e-05
8.469668936931e-04 3.551486088187e-04 3.146440687183e-05
5.443124559165e-04 7.165218440521e-04 3.976604756064e-05
1.264581104203e-03 6.324573950301e-04 8.184552298799e-05
7.440359887517e-04 6.933358883249e-04 4.111374397813e-05
1.911720087671e-03 8.402619172034e-04 3.298586742283e-05
1.999981486251e-04 7.729707755384e-04 5.054775026505e-05
1.361104707688e-03 6.947029804035e-04 3.300814671665e-05
9.534584272918e-04 4.902505025489e-04 4.773245150329e-05
4.437561214094e-04 8.135938361055e-04 1.000000000000e-04
1.314707143417e-03 7.211462669988e-04 2.002881858359e-05
-3.426564001078e-05 9.290886170184e-04 7.097433803906e-05
1.965734359989e-03 9.290886170184e-04 7.097433803906e-05
8.806605528767e-04 5.194141665170e-04 3.068984848530e-05
8.585784163066e-04 6.149311341357e-04 6.734644752544e-05
1.416325035231e-03 7.613021980041e-04 5.350640214278e-05
1.111546442199e-03 5.779551102291e-04 1.949771762014e-05
1.640438085099e-03 5.011509481184e-04 2.696528086799e-05
1.809619955330e-03 7.889910531375e-04 2.382639776188e-05
1.351293579832e-03 8.185536377728e-04 3.313551862948e-05
1.767228129687e-03 7.921522407237e-04 1.868313044473e-05
5.517711210358e-04 8.822757351451e-04 2.800173201950e-05
9.685621976156e-04 6.743139018182e-04 5.763762202164e-05
1.501089415195e-04 8.949962870820e-04 8.064558894451e-05
1.517874885656e-03 5.066629609314e-04 2.587796999067e-05
2.521893811190e-04 1.008880304322e-03 7.229225964708e-05
8.868517905221e-04 7.079845159482e-04 2.990743224388e-05
6.841877294858e-04 7.424200983841e-04 3.628828321944e-05
1.782375443344e-03 8.739738569814e-04 6.452875571385e-05
1.718738262548e-03 9.397464006123e-04 2.699019464782e-05
8.238545800344e-04 7.092993949918e-04 3.308641034384e-05
7.609311996258e-04 7.847560186308e-04 5.135811061541e-05
5.103230459665e-04 9.375576034289e-04 4.070597376804e-05
1.036774314211e-03 7.125469933694e-04 2.055868313367e-05
5.745574003256e-04 9.727415735014e-04 3.253305651163e-05
1.857774963657e-03 1.002110681820e-03 5.936160623066e-05
1.487918089289e-03 7.987058316899e-04 2.726868544427e-05
8.582536395744e-04 8.532204299239e-04 6.763362410286e-05
9.901828362431e-04 9.566405391687e-04 1.000000000000e-04
5.079729192251e-04 1.044222501032e-03 6.515530576355e-05
3.188821222099e-04 8.338654880441e-04 2.650871728220e-05
1.550152908193e-03 8.551519634797e-04 5.675123950852e-05
1.753814464661e-03 9.837463469017e-04 2.928000375354e-05
3.803437635123e-04 1.008880303294e-03 5.586212274676e-05
1.334523279290e-04 1.024188399135e-03 4.742751887206e-05
5.726249274502e-04 1.102022757595e-03 2.156696257819e-05
8.032137424282e-04 1.013426215919e-03 9.540229048271e-05
1.670566130293e-03 9.628239950266e-04 2.642450080148e-05
3.131996397800e-05 1.035568046614e-03 5.408196085206e-05
2.031319963978e-03 1.035568046614e-03 5.408196085206e-05
1.699240993636e-03 1.042971992834e-03 5.125533554419e-05
1.615345635376e-03 1.090636866648e-03 4.523492994048e-05
1.116711253264e-03 1.042792506476e-03 5.307384422115e-05
1.295846205447e-03 8.184661221175e-04 2.231193805500e-05
4.075481086536e-04 1.134291796270e-03 6.974325065242e-05
1.845562787067e-04 1.103680921845e-03 4.416113714654e-05
5.037075361895e-04 1.147237258850e-03 2.728153590339e-05
1.533381983452e-03 1.090636866648e-03 3.672872198282e-05
1.566115983499e-03 1.173623325284e-03 5.125502259809e-05
4.810727054838e-04 1.200678812283e-03 2.931785288555e-05
1.235875182427e-03 8.700089964075e-04 5.676519091800e-05
2.709362698474e-04 1.197806399062e-03 8.091165059485e-05
1.807230882206e-03 1.151326570487e-03 9.818235709748e-05
9.230582422351e-04 1.080318747952e-03 4.071961643110e-05
1.665792510158e-03 1.202043816680e-03 5.207438089465e-05
1.585799511344e-03 1.295978928008e-03 7.130608565997e-05
6.847876900304e-04 1.077325088768e-03 3.916291987252e-05
1.326643624979e-04 1.128539330258e-03 1.337764487657e-05
1.890351670890e-04 1.295371094174e-03 4.647225877060e-05
4.126231230814e-04 1.310395546394e-03 1.000000000000e-04
1.451192895982e-03 1.297881767567e-03 6.265406540830e-05
1.513156340163e-03 1.393922678797e-03 5.063687546201e-05
2.594645706302e-04 1.390115803496e-03 7.158222368428e-05
5.410890449675e-04 1.312031321113e-03 2.828527072372e-05
1.195036914853e-03 1.118005013356e-03 5.551635079954e-05
1.028628101808e-03 1.152204086671e-03 8.700077024595e-05
1.797236508654e-04 1.459754933807e-03 3.427051659946e-05
1.401103696728e-03 1.494598185414e-03 1.000000000000e-04
1.170585434624e-03 1.270808748778e-03 9.798287825765e-05
5.090452497734e-04 1.416517450778e-03 4.338439631274e-05
2.414413605810e-04 1.509787702767e-03 4.517980537790e-05
1.042438436790e-04 1.142844559623e-03 1.844004638348e-05
9.041672285596e-04 1.180136640023e-03 4.054906911016e-05
7.798455369517e-04 1.211492668738e-03 8.766592049528e-05
1.521793282835e-03 1.589902418775e-03 5.378217414452e-05
1.607508715042e-03 1.592490440083e-03 3.197232052383e-05
-5.270958322286e-06 1.175868862952e-03 9.091188267188e-05
1.994729041678e-03 1.175868862952e-03 9.091188267188e-05
1.889426696002e-03 1.335113212744e-03 1.000000000000e-04
3.323081764696e-04 1.509709115971e-03 4.568704449392e-05
9.427290328386e-04 1.267441867581e-03 5.489314179870e-05
1.030592678293e-03 1.327145617192e-03 5.133565924458e-05
6.305463456645e-04 1.159557347524e-03 5.934732232970e-05
1.099634751144e-03 1.381868267297e-03 3.380564984721e-05
1.740415375362e-03 1.386619809866e-03 5.766199042954e-05
2.881669709927e-04 1.590572812116e-03 4.640846126286e-05
1.256179788374e-03 1.543925000063e-03 5.308895279956e-05
1.153193816426e-03 1.598379278748e-03 6.340771252623e-05
1.814039095047e-03 1.473123268942e-03 5.593070534104e-05
4.575956149369e-04 1.530021947004e-03 8.123637077012e-05
1.658148531574e-03 1.423088774424e-03 3.232589188103e-05
6.696051937860e-04 1.274394984123e-03 3.925781468215e-05
8.513126066957e-04 1.359983936005e-03 7.518759258572e-05
9.864907895295e-04 1.471912683053e-03 1.000000000000e-04
8.622924419866e-04 1.628676090020e-03 1.000000000000e-04
1.549134140176e-04 1.543540868478e-03 4.769840375641e-05
1.058292445725e-03 1.604431841424e-03 3.168656840767e-05
1.267497751733e-03 1.664966325754e-03 6.848056414532e-05
1.445112317955e-03 1.613906664600e-03 2.635813311818e-05
2.125263772973e-04 1.647068542278e-03 4.800163852082e-05
5.737979794286e-04 1.607872774942e-03 5.776103365173e-05
7.052600460433e-04 1.726208001318e-03 8.291512990457e-05
4.484722004783e-05 1.585891859648e-03 7.023451577036e-05
2.044847220048e-03 1.585891859648e-03 7.023451577036e-05
9.651518835889e-04 1.690703116405e-03 1.978605149956e-05
4.544367731440e-04 1.711230787320e-03 1.000000000000e-04
1.721526927071e-03 1.481241558291e-03 3.693698465753e-05
2.986552896570e-04 1.682974159708e-03 4.531126554397e-05
2.336748848457e-04 1.728153235588e-03 3.383165521900e-05
1.659135201627e-03 1.632246937630e-03 3.313725849142e-05
1.074233212052e-03 1.701299729292e-03 6.631302143767e-05
8.266092268544e-04 1.770533022686e-03 4.627606279376e-05
1.755926946224e-03 1.725315563347e-03 1.000000000000e-04
1.413061233590e-03 1.644803903145e-03 1.816052991969e-05
1.216494280410e-04 1.676915008273e-03 4.765102186302e-05
3.047186724527e-04 1.844371524940e-03 1.000000000000e-04
1.166283618503e-03 1.768155507708e-03 4.745417294362e-05
4.907246548329e-04 1.884183914737e-03 7.671897080070e-05
1.885703454732e-03 1.734982301140e-03 3.013622550815e-05
1.398108888111e-03 1.746168835381e-03 8.430127819633e-05
9.625514916153e-04 1.824535840147e-03 1.000000000000e-04
1.272093464336e-03 1.773369504746e-03 4.002040545873e-05
6.223925159590e-04 1.795209041806e-03 2.327912658875e-05
1.316040189678e-03 1.836751163167e-03 3.710713285589e-05
6.543742429435e-04 1.833892480854e-03 2.691294833946e-05
1.584304174125e-03 1.663753246523e-03 4.297327542048e-05
3.915899901784e-04 -1.918157493574e-05 6.172202862653e-05
3.915899901784e-04 1.980818425064e-03 6.172202862653e-05
1.624620752849e-03 1.726142502346e-03 3.130927146619e-05
7.187347575451e-04 1.847179894231e-03 3.880499258984e-05
7.857478183245e-04 -4.257060441213e-05 9.021352493215e-05
7.857478183245e-04 1.957429395588e-03 9.021352493215e-05
1.863693463943e-03 1.787585964642e-03 2.446387230540e-05
6.057410646214e-04 1.869461167776e-03 3.333921102509e-05
1.829664310466e-03 1.866850340529e-03 5.959102505866e-05
1.547380690139e-03 1.790825090903e-03 6.943780249955e-05
1.452472426419e-03 1.890318003993e-03 6.806342317711e-05
1.895468360481e-03 1.939586490140e-03 3.849425149897e-05
1.125279148084e-03 1.858437721910e-03 5.170350446007e-05
1.056053343347e-03 1.935162518278e-03 4.484807715750e-05
1.656067119707e-03 1.830813801955e-03 4.084793613994e-05
1.790582047448e-04 1.699280342550e-03 1.395766229878e-05
1.592875294801e-03 -6.809361779743e-05 7.837017557312e-05
1.592875294801e-03 1.931906382203e-03 7.837017557312e-05
1.508920259235e-03 2.712315035109e-06 3.119801564740e-05
1.508920259235e-03 2.002712315035e-03 3.119801564740e-05
3.846234803094e-05 1.781141147246e-03 8.570256198787e-05
2.038462348031e-03 1.781141147246e-03 8.570256198787e-05
1.352591100101e-03 1.895335412180e-03 3.194514859866e-05
1.129581512297e-03 -8.136310374639e-06 4.800373058080e-05
1.129581512297e-03 1.991863689625e-03 4.800373058080e-05
1.427444059172e-03 6.045812116714e-06 5.033995584005e-05
1.427444059172e-03 2.006045812117e-03 5.033995584005e-05
1.040890445384e-03 -2.146998840580e-06 1.965038665136e-05
1.040890445384e-03 1.997853001159e-03 1.965038665136e-05
1.369140625000e-03 1.017578125000e-03 7.128479137899e-05
1.591796875000e-03 6.621093750000e-04 4.611569858424e-05
6.738281250000e-04 1.451171875000e-03 3.180517701446e-05
6.699218750000e-04 1.230468750000e-04 3.161760696839e-05
1.341796875000e-03 1.181640625000e-03 5.192306549783e-05
7.617187500000e-05 1.384765625000e-03 2.666329086321e-05
1.142578125000e-03 7.558593750000e-04 5.221559792497e-05
6.660156250000e-04 8.886718750000e-04 4.573957134016e-05
1.666015625000e-03 7.714843750000e-04 4.433696259587e-05
1.462890625000e-03 6.308593750000e-04 3.585722821385e-05
1.892578125000e-03 1.591796875000e-03 7.222298252126e-05
7.011718750000e-04 1.556640625000e-03 7.694420157653e-05
1.386718750000e-04 1.908203125000e-03 7.201358757871e-05
1.513671875000e-03 9.824218750000e-04 3.163142144160e-05
