# 2D packing, generated 2026-09-16T18:50:09.994043+00:00
# generator = preprocess/generate_packing_gravity.py
# periodic axes = xy
# porosity_achieved = 0.325069  (target 0.325000)
# 303 distinct grains; 333 rows including 30 periodic edge images.
# Centres span [-R, L+R]: a grain need only be PARTLY inside.
# Do NOT drop the out-of-box rows -- they carry the conduction
# paths that cross the domain edge, and k_eff depends on them.
# header row is 'Lx Ly'; grain rows are 'x y r', all in metres
1.000000000000e-04 1.000000000000e-04
6.819917095399e-05 3.904396285521e-06 2.897751492544e-06
7.525701402951e-05 7.448591246752e-06 5.000000000000e-06
8.254930994273e-05 2.553789647238e-06 3.782790452545e-06
8.254930994273e-05 1.025537896472e-04 3.782790452545e-06
6.166337488639e-05 2.948855830453e-06 2.491189129239e-06
4.357165236821e-05 6.508916309989e-07 3.701447102012e-06
4.357165236821e-05 1.006508916310e-04 3.701447102012e-06
8.881588805204e-05 3.209673485310e-06 2.382336372174e-06
8.523471410556e-05 1.091594804375e-05 5.000000000000e-06
1.656128961969e-05 3.102828952528e-06 3.050553448390e-06
5.074903551121e-05 3.490993691743e-06 4.017364865383e-06
5.074903551121e-05 1.034909936917e-04 4.017364865383e-06
6.653263970755e-05 1.167519621724e-05 4.694306720705e-06
6.032128457882e-05 1.142031200763e-05 1.522285774464e-06
7.261359754462e-05 1.329616364857e-05 1.417305368683e-06
1.940951741570e-06 2.158275338322e-06 2.633901032509e-06
1.940951741570e-06 1.021582753383e-04 2.633901032509e-06
1.019409517416e-04 2.158275338322e-06 2.633901032509e-06
1.019409517416e-04 1.021582753383e-04 2.633901032509e-06
9.329668457269e-05 2.385704251915e-06 1.921324655160e-06
-2.754370109918e-06 6.020286575651e-06 3.445670928068e-06
9.724562989008e-05 6.020286575651e-06 3.445670928068e-06
3.334014732640e-06 6.064546604366e-06 1.509436913027e-06
2.269411891920e-06 1.139754636362e-05 3.913248195179e-06
1.022694118919e-04 1.139754636362e-05 3.913248195179e-06
5.595115915845e-05 1.700290396492e-06 1.452225880262e-06
1.131676102998e-05 3.932228066970e-06 2.259159718381e-06
4.547614312933e-05 5.547477471345e-06 1.552469337283e-06
6.113744957663e-05 1.464304933388e-05 1.463324288249e-06
9.199232869147e-05 9.360061974450e-06 1.934416878598e-06
9.676136000867e-06 9.426288904535e-06 3.474642841884e-06
5.467426526525e-05 1.468394730530e-05 5.000000000000e-06
7.269179406818e-06 1.407038905520e-05 1.756149775092e-06
4.732107860490e-05 7.732056083416e-06 1.306931058137e-06
9.136054842542e-05 1.265720160548e-05 1.368504238953e-06
7.943972037417e-05 1.150203686637e-05 8.245581233108e-07
9.550283639404e-05 1.122006870550e-05 2.038403542422e-06
1.327042576074e-05 1.717365661099e-05 5.000000000000e-06
6.317002797563e-05 1.775946908265e-05 2.257356977130e-06
4.393556082904e-05 8.924019854453e-06 2.158922893255e-06
7.931883939064e-05 1.655053163162e-05 3.169833233082e-06
7.457187699709e-05 1.638602967581e-05 1.579980558147e-06
9.751303862790e-05 1.436120359496e-05 1.690895157984e-06
8.949245519294e-05 1.601287401254e-05 1.641324093924e-06
7.036790514724e-05 1.848011307366e-05 3.116674924425e-06
4.853400797504e-05 1.673171710570e-05 1.472729958475e-06
6.260562262791e-06 1.744566593943e-05 1.766609758182e-06
9.326637642029e-05 1.561858714025e-05 2.153143698554e-06
4.777775040196e-05 1.145202718914e-05 2.440342460961e-06
7.297574824200e-06 2.193030863158e-05 2.632502798700e-06
-2.846682615571e-06 1.911037911139e-05 3.071890643856e-06
9.715331738443e-05 1.911037911139e-05 3.071890643856e-06
6.518935659471e-05 2.473022769674e-05 5.000000000000e-06
7.402964434598e-05 2.459825550561e-05 3.818750406236e-06
4.432842186004e-05 1.663402524335e-05 2.733994848684e-06
5.958529727763e-05 1.957785720270e-05 1.729523950517e-06
8.952181452970e-05 1.953685435091e-05 1.882787230634e-06
2.147624220830e-05 1.708552965784e-05 3.206302635323e-06
5.639455962150e-05 2.171858787137e-05 2.111819694817e-06
7.054150915929e-05 2.858094284514e-05 1.475456861760e-06
9.750496683169e-07 1.945166452890e-05 7.636679120323e-07
2.663963598753e-05 1.709771934495e-05 1.957115363258e-06
3.214051668336e-05 1.699188305826e-05 3.544789706942e-06
9.274266972804e-05 2.245588132264e-05 2.464012737346e-06
5.018542882881e-05 2.078774736776e-05 2.576679411113e-06
4.619703281007e-05 2.100281387562e-05 1.417513194677e-06
7.386935682540e-05 3.133481455252e-05 2.844064875328e-06
1.169125147231e-05 2.434683654924e-05 2.344953228998e-06
1.367635813416e-06 2.465687698018e-05 3.894044388164e-06
1.013676358134e-04 2.465687698018e-05 3.894044388164e-06
9.636114601029e-05 2.338001046644e-05 1.270607784980e-06
7.903493061138e-05 3.133483200791e-05 2.321508927968e-06
8.528192305335e-05 2.461131626220e-05 4.729844241096e-06
6.912760522588e-05 3.174838930561e-05 1.915688538687e-06
8.636616460733e-06 2.508937282521e-05 7.986368665991e-07
7.114176796644e-06 2.915308968828e-05 3.402444899788e-06
2.800700030951e-05 2.034149198941e-05 1.546792815857e-06
9.377737896950e-05 2.984782336374e-05 5.000000000000e-06
4.736134796677e-05 2.341376431420e-05 1.259798642044e-06
1.844925148530e-05 1.992101772001e-05 8.624457692200e-07
1.754707179294e-05 2.226507910781e-05 1.649238072953e-06
5.875191014873e-05 2.437901832357e-05 1.442753655001e-06
1.234420392132e-06 3.111318248209e-05 2.563637829880e-06
1.012344203921e-04 3.111318248209e-05 2.563637829880e-06
6.638956953016e-05 3.174854643127e-05 8.223281270692e-07
2.369605579673e-05 2.416594797604e-05 4.213933548683e-06
8.668149131397e-05 3.148159320429e-05 2.281540980080e-06
1.685270181341e-05 2.705494611989e-05 3.190701558266e-06
4.227307200049e-05 2.150316214365e-05 2.538221575557e-06
-1.100515252715e-06 3.724285672396e-05 3.995694418649e-06
9.889948474729e-05 3.724285672396e-05 3.995694418649e-06
9.394044457661e-05 3.861987482355e-05 1.150980251337e-06
5.830613947476e-05 2.912481913321e-05 3.166237665635e-06
2.088246877150e-05 2.837797944112e-05 8.513880842214e-07
1.997667048355e-05 3.230153335151e-05 2.915514830876e-06
1.141587801104e-05 2.902254810058e-05 9.012380033292e-07
4.645870091370e-06 3.357614819724e-05 1.643998288093e-06
5.014053920435e-05 2.902279053128e-05 5.000000000000e-06
6.591519776624e-05 3.617571916512e-05 3.554303410425e-06
3.668859614682e-05 2.177117072927e-05 3.052684504355e-06
3.022495046683e-05 2.456173753553e-05 2.326946941149e-06
6.249390280547e-05 3.026927828086e-05 1.160079062406e-06
2.836873214508e-05 2.948853145766e-05 2.868707359174e-06
1.372166546654e-05 3.167415197085e-05 2.389663506745e-06
8.280164115957e-05 3.133483200780e-05 1.445201629103e-06
2.461662037809e-05 2.994853268027e-05 9.076540632502e-07
2.554617069144e-05 3.489071178603e-05 3.226406038450e-06
5.885382356965e-06 3.809315660935e-05 3.039991827372e-06
3.410052167057e-05 2.581087722727e-05 1.744957265969e-06
7.110207148696e-05 3.425895463981e-05 1.181874605639e-06
3.215083679935e-05 3.488755842664e-05 3.378261128217e-06
7.680378158803e-05 3.454368234988e-05 1.504231486799e-06
6.140456233080e-05 3.720730612770e-05 1.072791125304e-06
2.601049353930e-06 4.082460296174e-05 1.155082008279e-06
7.959949618117e-05 3.495547672824e-05 1.321647969698e-06
3.698021235087e-05 2.594764140760e-05 1.133955702614e-06
4.804032676862e-06 4.235923392017e-05 1.361000774874e-06
2.853782139548e-05 3.905831521470e-05 1.903788821277e-06
1.949097590271e-05 4.006636716451e-05 4.733849819572e-06
3.218516322312e-05 4.028459829955e-05 1.944181626670e-06
1.005597254609e-05 3.315372601626e-05 1.563367423460e-06
4.228074389441e-05 2.694520431297e-05 2.903826102454e-06
3.734806134856e-05 4.027992908738e-05 3.218719126481e-06
7.865221135742e-06 3.310721614911e-05 5.760810519746e-07
7.347103742373e-05 3.597078999587e-05 1.740860397034e-06
4.412713475487e-05 3.088096520387e-05 1.293953144641e-06
1.236150193745e-05 3.690873071442e-05 2.842939734407e-06
8.484621006027e-05 3.852805061387e-05 5.000000000000e-06
4.433572542205e-05 4.177510640719e-05 3.927119591533e-06
7.115940885225e-05 3.955756913929e-05 2.526294542282e-06
8.922634373583e-05 3.352127833105e-05 8.486069493130e-07
5.576021827247e-05 3.506855641572e-05 3.229654022534e-06
4.992475862487e-05 3.720343512235e-05 2.984064380391e-06
4.968414965784e-05 4.233468765843e-05 1.450498520937e-06
5.544638749780e-05 4.263833033916e-05 4.319734284180e-06
4.884143336556e-05 4.586155039237e-05 2.155678228575e-06
7.692002677792e-05 4.393481063743e-05 4.594657311974e-06
8.343457726868e-05 4.554631034843e-05 2.103827694544e-06
8.144252469553e-05 4.997252719874e-05 2.750002654796e-06
3.397701432715e-05 4.311888220747e-05 1.185907303997e-06
9.589154285989e-06 3.950869117319e-05 9.250638427321e-07
9.042043004130e-05 4.683558493249e-05 5.000000000000e-06
6.684533929575e-05 4.202066327530e-05 2.364187618605e-06
6.313567497745e-05 4.216996046141e-05 1.348479812628e-06
7.741791102542e-05 5.001565075090e-05 1.274842042136e-06
8.565074614553e-05 5.145585002139e-05 1.639130967817e-06
9.190285293641e-06 4.352020923668e-05 3.106235442620e-06
1.319745338167e-05 4.351937604757e-05 9.009327354975e-07
3.906876802917e-05 4.662404769267e-05 3.230989269398e-06
4.273280700242e-06 4.616061324754e-05 2.474863700146e-06
7.011988022691e-05 4.543975478328e-05 2.370028990337e-06
6.141535368608e-05 4.537530715975e-05 2.246817436232e-06
2.926075586256e-05 4.291405348184e-05 1.988526560728e-06
6.461958386260e-05 4.577796834199e-05 9.826140217516e-07
1.546347489845e-05 4.563931727454e-05 2.142089190346e-06
7.259536466673e-05 4.994844620014e-05 2.773541965444e-06
2.503497671340e-05 4.737357605376e-05 4.155132899581e-06
4.486617130091e-05 4.834279857713e-05 2.530035115611e-06
8.821553945998e-05 5.264794926371e-05 1.189167116345e-06
7.841970124248e-05 5.234573008775e-05 1.093115035403e-06
6.459801229222e-05 5.036708896958e-05 3.606557309790e-06
7.527705666573e-05 5.456576054755e-05 2.566033321143e-06
9.767507523710e-05 4.732459889175e-05 2.271108001491e-06
1.863594187974e-05 4.875406377562e-05 2.303829445137e-06
2.103993220257e-05 5.296225100034e-05 2.542613496919e-06
8.032571346308e-05 5.370528200281e-05 1.146242429420e-06
8.365530580502e-05 5.288440945968e-05 8.149605654323e-07
3.375947054380e-05 4.665798554021e-05 2.078416682845e-06
6.996521164894e-05 5.484291506789e-05 2.752999814273e-06
1.334490399934e-06 4.978961250971e-05 2.141103628822e-06
1.013344903999e-04 4.978961250971e-05 2.141103628822e-06
7.119120983616e-06 5.222225155732e-05 4.132544105361e-06
2.626457105546e-05 5.439242517911e-05 2.874235155638e-06
5.825679506619e-05 4.830854571297e-05 2.008751560608e-06
5.333885609973e-05 4.981926164761e-05 3.135983751538e-06
8.630511872309e-05 5.449604440069e-05 1.453725400517e-06
9.198818497600e-05 5.755436488773e-05 5.000000000000e-06
4.829089000709e-05 5.247478675883e-05 2.567854893509e-06
7.715205159867e-07 5.698287242375e-05 3.801909141861e-06
1.007715205160e-04 5.698287242375e-05 3.801909141861e-06
7.310625544868e-05 5.849540143537e-05 1.923338079828e-06
6.728330017097e-05 6.224238404166e-05 5.000000000000e-06
5.743400927430e-05 5.170608098681e-05 1.372937044175e-06
5.565936603511e-05 5.376680023458e-05 1.346607484696e-06
7.803998141978e-06 6.069499110558e-05 4.150170613731e-06
7.885497778605e-05 5.570090251116e-05 1.187640474171e-06
1.727733023357e-06 6.338600478645e-05 2.493210144863e-06
1.017277330234e-04 6.338600478645e-05 2.493210144863e-06
8.430547461087e-05 5.829216597810e-05 2.676210235696e-06
6.078210900602e-05 6.222893706741e-05 1.499247558817e-06
3.136052537749e-05 5.490189335089e-05 2.247122893775e-06
2.294882804484e-05 5.546822896579e-05 6.075942581271e-07
1.426545286962e-05 5.176688087726e-05 3.004488657190e-06
6.101562007960e-05 6.605452368591e-05 2.333460267652e-06
1.756319733382e-05 5.492869532225e-05 1.451706046978e-06
3.794425702368e-05 5.490189335562e-05 4.336608752411e-06
5.155957396514e-06 6.699437167718e-05 2.484041503473e-06
5.845055497043e-05 5.453660882264e-05 1.548792476429e-06
1.519760771620e-05 5.587290744336e-05 1.095361044528e-06
7.946282612033e-05 5.906105211639e-05 2.222797742623e-06
7.595186051943e-05 6.022738870409e-05 1.407904361990e-06
1.090062687783e-06 6.779208651231e-05 1.658839824291e-06
1.010900626878e-04 6.779208651231e-05 1.658839824291e-06
2.882753234965e-06 7.094259709397e-05 1.965999350396e-06
4.543181374068e-05 5.906095108460e-05 4.228406437514e-06
3.832697618379e-05 6.377746190259e-05 4.299441537680e-06
1.697982810383e-05 5.762598304911e-05 1.307946239085e-06
9.764075381817e-05 6.138043584479e-05 1.593769060326e-06
4.430503220061e-05 6.508576049155e-05 1.819161259122e-06
7.375198498200e-05 6.119100849911e-05 8.485320661600e-07
8.190042427425e-05 6.207088716344e-05 1.650315160136e-06
1.988475151785e-05 5.651536386683e-05 1.193568171087e-06
6.440327830470e-05 6.874041713521e-05 1.989765634066e-06
6.736845286289e-05 6.883645727581e-05 9.414286542844e-07
5.630735841305e-05 5.651709512744e-05 1.369360618771e-06
7.336517068510e-05 6.328993284933e-05 1.171426695269e-06
6.738491719200e-05 7.293626734720e-05 3.157600646156e-06
6.534647389510e-06 7.094651677950e-05 1.685897689950e-06
8.658889660243e-05 6.298064945318e-05 2.538759251884e-06
1.971198016356e-05 6.052222563231e-05 2.673620786374e-06
4.267158172612e-05 6.966698245945e-05 3.019168320354e-06
4.748598426660e-05 6.965978426877e-05 1.795239778428e-06
9.244837048080e-05 6.726116688968e-05 4.717707167593e-06
-2.390088325914e-06 7.549476846783e-05 5.000000000000e-06
9.760991167409e-05 7.549476846783e-05 5.000000000000e-06
8.922789370477e-05 7.555585949497e-05 3.379447516454e-06
4.634178321009e-05 7.380458000784e-05 2.504589273665e-06
4.089086892775e-06 7.554834628310e-05 1.479400334318e-06
1.434227517474e-05 6.021951335578e-05 2.391119170641e-06
8.432454339269e-06 7.652688293029e-05 2.972835604210e-06
7.762356810363e-05 6.480104357114e-05 3.347135486198e-06
1.325293863538e-05 7.627019417943e-05 1.854479860633e-06
3.306637270924e-05 5.826891200468e-05 1.527361141724e-06
7.364615847982e-05 7.288434259529e-05 3.103863927365e-06
1.133204151299e-05 7.950743801197e-05 1.185448694909e-06
6.288806612010e-05 7.405567415116e-05 1.476486654006e-06
9.243277055996e-05 8.017988678544e-05 1.970239336893e-06
4.976551654355e-06 7.772951929529e-05 6.601415355431e-07
1.485462953279e-05 8.022104457682e-05 2.408695480402e-06
8.903558152713e-05 8.036375632119e-05 1.431923255045e-06
2.168637068598e-05 8.211014793356e-05 4.410189853731e-06
5.553180915795e-05 6.611586407791e-05 3.150695473238e-06
3.792340275508e-05 7.022360582578e-05 1.761525550541e-06
8.275742560560e-05 6.537332320403e-05 1.761510930216e-06
8.634721455023e-05 8.035727416720e-05 1.256454105233e-06
4.208451319684e-05 7.449299034717e-05 1.807981558342e-06
8.383619267493e-05 8.028741417981e-05 1.255543155528e-06
5.213517515174e-05 7.147826213230e-05 3.196938195613e-06
7.029077139814e-05 7.665117519323e-05 1.558811303113e-06
8.131613758503e-05 6.943977932246e-05 2.552817287081e-06
5.891150968308e-05 6.880078437577e-05 1.090995289134e-06
2.906930510430e-05 8.415986203305e-05 3.251995851297e-06
7.840562333270e-05 7.250078278987e-05 1.671033775133e-06
7.777225643418e-05 7.651292280627e-05 2.390805198044e-06
8.474515099169e-05 8.234228088520e-05 9.722145058206e-07
2.491601543173e-05 8.855663233819e-05 2.584277422434e-06
6.422104709205e-05 7.950319784847e-05 4.131753550283e-06
9.625844616607e-05 8.299155439211e-05 2.617636469360e-06
9.859525247342e-06 8.368252177663e-05 3.241698581558e-06
3.147605574590e-06 7.927831607708e-05 1.619630434020e-06
1.608003151736e-05 8.390923857667e-05 1.477748060568e-06
4.955296954624e-05 7.458246941959e-05 7.994758618303e-07
2.101159235614e-05 8.858890362291e-05 1.320281618830e-06
7.360492842430e-05 7.831346806935e-05 2.148866647578e-06
1.492251267479e-05 9.028271651901e-05 5.000000000000e-06
5.111632458141e-05 7.564066298302e-05 1.088345067434e-06
6.728208193980e-07 8.152229619389e-05 1.637921090875e-06
1.006728208194e-04 8.152229619389e-05 1.637921090875e-06
4.410415519279e-05 7.720498371528e-05 1.566003516555e-06
7.000816684310e-05 8.028965853049e-05 1.708573559585e-06
9.050188636384e-05 8.235571288663e-05 8.859455695396e-07
7.312937970539e-05 8.262703519993e-05 2.190840334440e-06
8.745564130960e-05 8.331849477013e-05 1.905418601533e-06
7.979723949084e-05 8.145302446171e-05 2.948244588832e-06
6.814830147841e-05 8.768622155732e-05 4.908917119165e-06
2.184274178249e-05 9.221482295895e-05 2.184890228813e-06
9.150945962642e-05 8.861128781511e-05 4.739974209143e-06
4.231330931660e-06 8.340463777966e-05 2.387771900968e-06
1.927391271118e-05 9.555882768112e-05 1.839009286868e-06
-1.458715568331e-06 8.864269287412e-05 1.982293482637e-06
9.854128443167e-05 8.864269287412e-05 1.982293482637e-06
7.635965696882e-05 8.534448535811e-05 2.030466966695e-06
8.087611799387e-05 8.712314203327e-05 2.823634231704e-06
3.236159641740e-05 6.377885924491e-05 1.665938405806e-06
2.734041172544e-05 9.524115176106e-05 4.090702087305e-06
1.605309961226e-05 9.756842454312e-05 1.757809163411e-06
8.473782107161e-05 8.442400707340e-05 1.028640757309e-06
5.817542724526e-05 7.991285506467e-05 1.927740268620e-06
8.523740711517e-05 8.753619066735e-05 1.307366731075e-06
-1.754476867733e-06 -4.452588430985e-06 4.928763320358e-06
-1.754476867733e-06 9.554741156901e-05 4.928763320358e-06
9.824552313227e-05 -4.452588430985e-06 4.928763320358e-06
9.824552313227e-05 9.554741156901e-05 4.928763320358e-06
8.440987784866e-05 9.181195624781e-05 3.047744641822e-06
7.651514470098e-05 8.936198145368e-05 1.990041203051e-06
7.983654677614e-06 -2.516458097620e-06 5.000000000000e-06
7.983654677614e-06 9.748354190238e-05 5.000000000000e-06
6.139658057351e-05 8.844886834491e-05 1.885740597703e-06
3.334270588134e-05 6.686363704763e-05 1.562754836121e-06
7.659254025727e-05 -3.754753064046e-06 4.893661838239e-06
7.659254025727e-05 9.624524693595e-05 4.893661838239e-06
8.835379899145e-05 9.389953715866e-05 9.160307573983e-07
8.627937045515e-05 9.724922247225e-05 2.701996867932e-06
9.029839924488e-05 9.492728737471e-05 1.073717763501e-06
9.136822444291e-05 -1.608004291071e-06 2.513639238454e-06
9.136822444291e-05 9.839199570893e-05 2.513639238454e-06
5.388798582119e-05 7.820472789554e-05 2.687443927798e-06
6.201106433438e-05 -4.534259422006e-06 5.000000000000e-06
6.201106433438e-05 9.546574057799e-05 5.000000000000e-06
3.730701292333e-05 8.367449488014e-05 5.000000000000e-06
4.881884019838e-05 7.775806979247e-05 2.036050794971e-06
5.364234096780e-05 9.617320546301e-05 3.398574227385e-06
1.931536210366e-05 -8.419248322075e-07 1.760478819714e-06
1.931536210366e-05 9.915807516779e-05 1.760478819714e-06
3.191263163720e-05 8.812414368011e-05 1.626532753973e-06
2.283944467684e-05 -8.844019338926e-07 1.763860792011e-06
2.283944467684e-05 9.911559806611e-05 1.763860792011e-06
7.346914465761e-05 9.088759491687e-05 1.300278696658e-06
4.537480223692e-05 8.617131661376e-05 3.445315569728e-06
4.060556079892e-05 9.279357379746e-05 4.697073168529e-06
6.998573233460e-05 -1.794299305323e-06 1.997876170487e-06
6.998573233460e-05 9.820570069468e-05 1.997876170487e-06
2.431640625000e-05 7.001953125000e-05 2.091693253662e-06
3.330078125000e-05 5.761718750000e-06 1.720741369874e-06
2.509765625000e-05 7.714843750000e-06 1.884101571836e-06
1.611328125000e-05 6.865234375000e-05 2.050140015189e-06
3.115234375000e-05 7.451171875000e-05 2.560170103575e-06
5.419921875000e-05 8.720703125000e-05 2.997710728396e-06
3.740234375000e-05 1.064453125000e-05 2.504067891621e-06
2.626953125000e-05 6.337890625000e-05 4.492187500000e-06
3.466796875000e-05 -2.929687500000e-07 1.587529456469e-06
3.466796875000e-05 9.970703125000e-05 1.587529456469e-06
1.923828125000e-05 9.863281250000e-06 1.266983124171e-06
