# 2D packing, generated 2026-09-28T19:12:26.230630+00:00
# generator = preprocess/generate_packing_gravity.py
# periodic axes = xy
# porosity_achieved = 0.275110  (target 0.275000)
# 348 distinct grains; 384 rows including 36 periodic edge images.
# Centres span [-R, L+R]: a grain need only be PARTLY inside.
# Do NOT drop the out-of-box rows -- they carry the conduction
# paths that cross the domain edge, and k_eff depends on them.
# header row is 'Lx Ly'; grain rows are 'x y r', all in metres
2.000000000000e-03 2.000000000000e-03
1.788699210206e-05 7.629830151455e-05 6.024959103149e-05
2.017886992102e-03 7.629830151455e-05 6.024959103149e-05
1.188943302678e-04 9.498745020059e-05 4.247220225317e-05
2.493632206553e-04 9.931069964034e-05 8.806829822243e-05
3.774221290227e-04 6.135476458901e-05 4.549718350758e-05
1.468351730634e-04 1.670466729096e-04 3.481442191526e-05
1.160473598437e-03 5.751521769829e-05 1.000000000000e-04
1.160473598437e-03 2.057515217698e-03 1.000000000000e-04
9.740419577997e-04 1.299243331537e-04 1.000000000000e-04
8.290712872041e-04 1.263164155392e-04 4.501567078336e-05
1.111674573519e-03 1.872514703203e-04 3.861069541419e-05
5.241576580732e-05 1.932201352434e-04 6.055573510538e-05
2.052415765807e-03 1.932201352434e-04 6.055573510538e-05
1.809747562920e-03 4.742238266946e-05 5.909651792866e-05
1.809747562920e-03 2.047422382669e-03 5.909651792866e-05
6.273899037898e-04 4.511084724904e-05 8.590656167273e-05
6.273899037898e-04 2.045110847249e-03 8.590656167273e-05
1.897703806405e-03 6.240424291129e-05 3.012661427330e-05
1.623365595863e-03 7.482826265521e-05 5.403898546143e-05
1.067505078323e-03 3.116838777171e-04 9.342879214376e-05
1.474104199363e-03 5.359958755132e-05 7.893664552234e-05
1.474104199363e-03 2.053599587551e-03 7.893664552234e-05
8.586425796595e-04 2.147294001123e-04 4.320954879229e-05
1.344636966426e-03 2.736153378945e-05 3.204084381621e-05
1.344636966426e-03 2.027361533789e-03 3.204084381621e-05
9.292565119327e-04 3.020791762691e-04 4.468876645612e-05
7.888806539200e-04 3.397982634833e-04 1.000000000000e-04
5.408473276788e-04 5.300364109779e-07 1.014005990182e-05
5.408473276788e-04 2.000530036411e-03 1.014005990182e-05
9.538229113249e-04 3.851203540586e-04 4.191001141914e-05
7.494552463818e-04 5.201030706272e-05 3.635361339594e-05
3.826183751812e-04 1.553482833553e-04 4.863990068984e-05
8.912379743396e-04 5.124841921739e-04 1.000000000000e-04
5.036454036931e-04 3.280181996395e-05 2.660024899922e-05
4.554993726560e-04 4.826001047641e-05 2.103551027477e-05
1.322888293736e-03 1.294801684071e-04 7.236812854966e-05
4.985405228465e-04 1.098205546814e-04 5.058748146851e-05
1.556605177108e-03 1.416481081402e-04 4.041703431395e-05
5.764859499564e-04 1.667217168790e-04 4.591760671815e-05
3.054138367415e-04 2.628369785488e-04 8.370197283397e-05
1.224609375130e-03 1.797089372938e-04 3.800257447268e-05
1.375477394134e-04 2.298561560446e-04 2.867800017272e-05
1.049077348693e-03 5.110741292168e-04 5.754168411120e-05
1.726446734315e-03 1.526932692946e-04 7.514578963670e-05
1.484600029361e-03 1.755964262161e-04 3.919002739017e-05
1.169685983913e-03 2.018010100524e-04 2.119744358533e-05
1.600958148333e-03 2.748761477367e-04 1.000000000000e-04
1.484112482127e-03 2.706073198157e-04 1.679786590704e-05
5.043307370738e-04 1.901434072850e-04 2.994379860690e-05
1.411970893258e-03 1.887249602922e-04 3.461635181601e-05
1.200359107705e-03 2.340611983382e-04 2.151420631094e-05
6.641988049690e-04 1.694045340599e-04 4.183627947935e-05
1.929295305985e-03 1.271098819029e-04 4.187926529619e-05
1.842479451975e-03 1.482496779185e-04 3.936808724295e-05
4.487531687166e-04 1.891717574288e-04 2.564228130281e-05
4.700660944282e-04 2.529314274510e-04 4.158522854079e-05
1.253916525326e-03 2.439435739320e-04 3.224692921092e-05
1.961881771706e-03 1.911795985895e-04 3.000125608521e-05
1.231851359796e-03 3.511113570621e-04 7.558079496015e-05
1.811673819813e-03 2.150519351969e-04 3.045855035290e-05
7.267728467565e-04 1.692994657229e-04 2.073785686361e-05
1.160620804653e-03 5.110741292168e-04 5.400177184903e-05
9.962436504985e-04 5.717369435027e-04 2.056983360970e-05
7.495422878303e-04 5.108764402982e-04 4.170483374677e-05
6.169174027375e-04 2.800175080654e-04 7.372810916039e-05
-2.690666131554e-05 2.660543777212e-04 4.570827628277e-05
1.973093338684e-03 2.660543777212e-04 4.570827628277e-05
1.870755245847e-03 2.803874600908e-04 5.762866496536e-05
1.458515746314e-03 3.539557164911e-04 6.291768486903e-05
1.939658400985e-03 3.444259425704e-04 3.643822943666e-05
5.139611398299e-04 3.161628026729e-04 3.538868396944e-05
4.169999096999e-04 3.132201488799e-04 3.873134046328e-05
1.108578457006e-03 6.099592378602e-04 5.774200050543e-05
5.563304680616e-04 3.813955781252e-04 4.239611978786e-05
1.546813649982e-03 3.877427118997e-04 2.518188620598e-05
4.669671930977e-04 3.151052741463e-04 1.105128794793e-05
9.764319004245e-04 6.960976515159e-04 1.000000000000e-04
2.062838897934e-05 3.437715266147e-04 4.453442089718e-05
2.020628388979e-03 3.437715266147e-04 4.453442089718e-05
1.871985388321e-03 3.773644470487e-04 3.773780860169e-05
3.606741386631e-04 4.066646919249e-04 7.037629772740e-05
4.902373518666e-04 4.892334954244e-04 8.325987700735e-05
1.722743214215e-03 2.491459786816e-04 2.137801369302e-05
1.253805594695e-03 6.243630585324e-04 8.819768419798e-05
3.952229099649e-04 4.890073603291e-04 1.175483520757e-05
6.396487467121e-04 5.629437475459e-04 7.989943978515e-05
9.634514060874e-05 2.770904449903e-04 3.400159961865e-05
5.325305887763e-04 6.064399027011e-04 3.571291691100e-05
1.750476347593e-03 3.186617871006e-04 5.346566048162e-05
1.149053183280e-03 7.206872416382e-04 5.410978555754e-05
1.372759667743e-03 6.243630586396e-04 3.075638884999e-05
1.513877521425e-03 4.034124924598e-04 1.129182673813e-05
1.683995165062e-03 3.769842622809e-04 3.161015693927e-05
5.824042635383e-04 6.785575722387e-04 4.911020580084e-05
1.089487218929e-03 8.431544596293e-04 8.207510197238e-05
1.374136032871e-03 7.358012533688e-04 7.580806454247e-05
7.472789878034e-04 5.865404055794e-04 3.010701263627e-05
8.106058046501e-04 6.284302661825e-04 4.122695278144e-05
1.602668787423e-03 4.086402629403e-04 3.377508041523e-05
1.732665023892e-04 3.904437258396e-04 1.000000000000e-04
4.601534239962e-04 6.916049975751e-04 7.383491859501e-05
8.394994269143e-04 7.048124797709e-04 3.720951327489e-05
9.516234139628e-04 8.518554972468e-04 5.606300564272e-05
1.535358187700e-03 4.425865278322e-04 3.084556901528e-05
1.220289868294e-03 7.251689864311e-04 1.726774121455e-05
1.004883571864e-03 9.345413578390e-04 4.229143483433e-05
1.655716270041e-03 4.196279808178e-04 1.955802510463e-05
3.593858478526e-04 5.042034004623e-04 2.717092554302e-05
6.739732009489e-04 6.831994172266e-04 4.257466429864e-05
2.795162442847e-04 4.780582092675e-04 3.771458367889e-05
1.244656161608e-03 8.431544597606e-04 7.309384070667e-05
1.727754977441e-03 4.599202277691e-04 6.216245575697e-05
3.056855956721e-04 5.706016750242e-04 5.822491278396e-05
6.317742131519e-04 7.448524370814e-04 3.213711140177e-05
1.912405483487e-04 5.462089697071e-04 5.679885100737e-05
1.831004256931e-03 4.453316873353e-04 4.158883864854e-05
2.740785457440e-05 4.456134437942e-04 5.594375212501e-05
2.027407854574e-03 4.456134437942e-04 5.594375212501e-05
1.935970749302e-03 4.198324303706e-04 3.905839116138e-05
7.408534260058e-04 7.987137146820e-04 8.951531110435e-05
8.977023514321e-04 9.681831840092e-04 7.004549801222e-05
1.174910518405e-03 9.395928014541e-04 4.592216029515e-05
1.358552361755e-03 8.467337736807e-04 3.621369614799e-05
3.647308880138e-04 6.916078204740e-04 2.158761830692e-05
7.366135437536e-04 9.802362159472e-04 9.149359799308e-05
1.083814046088e-03 9.972413723989e-04 5.851189639544e-05
2.299994199091e-04 6.411022619002e-04 4.520975837975e-05
1.327858369751e-03 9.059933973833e-04 3.052328120754e-05
3.578880901645e-04 7.692389256139e-04 5.455988442606e-05
9.882925346877e-04 1.054998079669e-03 5.311335332404e-05
1.637366855940e-03 4.635982847948e-04 2.783279202302e-05
1.420732273223e-03 9.274420956605e-04 6.479517767633e-05
1.177879153572e-03 1.028427829925e-03 4.058825284286e-05
5.535139144321e-04 7.850411700173e-04 5.583907066301e-05
8.431699746083e-04 1.077032717808e-03 5.170014310162e-05
1.062711677247e-04 6.563417459509e-04 7.945348208747e-05
1.312476984016e-03 1.007776513326e-03 7.000287087906e-05
1.657536475949e-03 5.174414295712e-04 2.860828483533e-05
1.576915596104e-03 5.094301596654e-04 4.786333869878e-05
4.488162930256e-04 8.361653190445e-04 5.833937164464e-05
3.518854454828e-04 8.698077438603e-04 4.426375673286e-05
9.258778537388e-04 1.135316870959e-03 4.860537962218e-05
1.534020475355e-03 9.274420957363e-04 4.849302445550e-05
-6.422237317077e-05 5.318497177015e-04 6.988469679359e-05
1.935777626829e-03 5.318497177015e-04 6.988469679359e-05
1.011753420661e-03 1.143877151807e-03 3.769578724327e-05
1.414103789229e-03 1.026848054497e-03 3.339795768947e-05
1.391549471321e-03 1.158325423767e-03 1.000000000000e-04
1.076420649108e-03 1.143877151807e-03 2.697144120409e-05
-2.634783368219e-05 6.491318933219e-04 5.336136200659e-05
1.973652166318e-03 6.491318933219e-04 5.336136200659e-05
5.284251016144e-04 8.640201166957e-04 2.600191217961e-05
4.126011707720e-04 9.354771738733e-04 4.517266390007e-05
1.625731919532e-03 5.586526100674e-04 2.146114709292e-05
9.699504630274e-04 1.234571657517e-03 5.999437886823e-05
1.798077130272e-03 5.826652174561e-04 7.689283746326e-05
5.886552822846e-04 9.311906543691e-04 6.421757460067e-05
1.655370896988e-03 9.274420958121e-04 7.285739717737e-05
7.726577363516e-04 1.081396983640e-03 1.589674021454e-05
1.577662214202e-03 1.000905122806e-03 3.407929304389e-05
4.929315503307e-04 9.955916074596e-04 5.115363332461e-05
1.889250549287e-03 6.436407285959e-04 3.087057074150e-05
1.512099558810e-03 1.004601767595e-03 3.158749433547e-05
1.236078519754e-03 1.109539190312e-03 5.724636410959e-05
8.406227403902e-04 1.234571657624e-03 6.933334376900e-05
2.136943008540e-04 7.455636993823e-04 6.018994444923e-05
5.849746170256e-04 1.053156790894e-03 5.740822217933e-05
6.765430418551e-04 1.115835681713e-03 5.355762743236e-05
7.621456607900e-04 1.129905805942e-03 3.319360751169e-05
1.543963166134e-03 1.068643680224e-03 3.994331053140e-05
9.095988618087e-04 1.308297146618e-03 3.162780248686e-05
1.563560775144e-03 1.178859165954e-03 7.129186430134e-05
1.772878730157e-03 9.274420958121e-04 4.465043599131e-05
6.971281854850e-04 1.244985381743e-03 7.453662351019e-05
1.127910707530e-03 1.260220408574e-03 1.000000000000e-04
7.776738662060e-04 1.345677965848e-03 5.440756284460e-05
3.598322158707e-04 9.354771739112e-04 7.596291001203e-06
1.159455285685e-04 7.805504979753e-04 4.360272865576e-05
1.487536930920e-03 1.321834670641e-03 8.960204316146e-05
5.952659658036e-04 1.244995547266e-03 2.732559671113e-05
4.075092509683e-04 1.019012246847e-03 3.742116883538e-05
1.732501635721e-03 9.959003272287e-04 3.027203754522e-05
1.741718888936e-04 8.370531639682e-04 3.753209926053e-05
4.972335897258e-04 1.083100598306e-03 3.530164500830e-05
6.130396767753e-04 1.301568270375e-03 2.681329417219e-05
5.271277520475e-04 1.244995546981e-03 4.081261706226e-05
5.477048508936e-04 1.328189905800e-03 4.373704917037e-05
1.894521495538e-03 7.598061941140e-04 8.269180714275e-05
1.626575348751e-03 1.324278448456e-03 4.920792201886e-05
1.010503642039e-03 1.321059430517e-03 3.209317172059e-05
1.809565424852e-03 1.014485685366e-03 4.900118070856e-05
3.245439829318e-04 1.019012246913e-03 4.554409920113e-05
1.381143958130e-03 1.324281445031e-03 1.681909046124e-05
3.881644827036e-04 1.146541984508e-03 9.087632291730e-05
1.281869665463e-03 1.270591058541e-03 5.430784526914e-05
8.571405954762e-04 1.345767162194e-03 2.505921692119e-05
1.590720390591e-03 1.440785386714e-03 6.786597708517e-05
2.164477757842e-05 8.653379516130e-04 8.252708024657e-05
2.021644777578e-03 8.653379516130e-04 8.252708024657e-05
4.471926701209e-04 1.259920733830e-03 3.694803981360e-05
3.530219552428e-04 1.298298025228e-03 6.474237288940e-05
1.680470714167e-03 1.033606898496e-03 3.398527576992e-05
1.330102696227e-03 1.344942501294e-03 3.431812325337e-05
1.708307834842e-03 1.442710435240e-03 4.892608067205e-05
1.465411458946e-03 1.470577527507e-03 6.077746970359e-05
1.622473765918e-04 9.817297216064e-04 1.000000000000e-04
1.665032722075e-03 1.547230536228e-03 6.195304666520e-05
2.343721030588e-04 1.125572995678e-03 6.091259643259e-05
1.390485895321e-03 1.474264824441e-03 1.423880867508e-05
8.496062797866e-04 1.425658086367e-03 5.315929013209e-05
1.054099922803e-03 1.361986430691e-03 2.571537378815e-05
6.513446964443e-04 1.413652653248e-03 8.904841477347e-05
1.390706536274e-03 1.520106970013e-03 2.806175234166e-05
1.230487912983e-03 1.332927596191e-03 2.567962613249e-05
4.733741779126e-04 1.328189905792e-03 3.059362381056e-05
1.184426447049e-03 1.410587699049e-03 6.049048227990e-05
1.294066144540e-03 1.424172481417e-03 4.998761318610e-05
1.783350564206e-03 1.546928245979e-03 5.636531937872e-05
1.861420783074e-03 1.550937739797e-03 2.180786279347e-05
1.521037640362e-03 1.621425331943e-03 1.000000000000e-04
4.961770582791e-04 1.432808371331e-03 6.729715782540e-05
1.333673903566e-03 1.621319320743e-03 8.518400127950e-05
1.231156329586e-03 1.623374691907e-03 1.735422187504e-05
3.867336151037e-04 1.431809667650e-03 4.215084432290e-05
1.898966725003e-03 8.852461658747e-04 4.174326004646e-05
9.855044776686e-04 1.445773843746e-03 8.256973917712e-05
1.664261337320e-03 1.656679527711e-03 4.749904681096e-05
1.611250714088e-03 1.723549784487e-03 3.410662626914e-05
1.768175319633e-03 1.657237755380e-03 5.498313591811e-05
4.953629531592e-05 9.563880713322e-04 1.269928726356e-05
1.416421724884e-03 1.721774620316e-03 4.496401879372e-05
1.529232035905e-03 1.804379612896e-03 8.104778496833e-05
2.196391287923e-05 1.003627204041e-03 4.196863084776e-05
2.021963912879e-03 1.003627204041e-03 4.196863084776e-05
9.358396650543e-05 1.158132372513e-03 8.358556091304e-05
5.649054242990e-04 1.492910828374e-03 2.400395764201e-05
7.666807050345e-04 1.432828567756e-03 2.787083377672e-05
1.107232119785e-03 1.486730967692e-03 4.586353089179e-05
1.707321200314e-03 1.760163367843e-03 6.458657041043e-05
1.353739632890e-03 1.727390815075e-03 1.796821886707e-05
1.939763160820e-03 9.568065548422e-04 4.023212121135e-05
2.125577097517e-04 1.245002703371e-03 6.049301646729e-05
1.230955124119e-03 1.668418995126e-03 2.769053154240e-05
1.645646814494e-03 1.849421201207e-03 4.377670129391e-05
1.949732517656e-03 1.035334475996e-03 3.691562328858e-05
2.330338389256e-04 1.403766805705e-03 9.500997204681e-05
1.831036218920e-03 1.765773810698e-03 5.857440511288e-05
7.420631906306e-04 1.483279798305e-03 2.530972699893e-05
-2.985508436546e-05 1.114037259874e-03 4.439116721132e-05
1.970144915635e-03 1.114037259874e-03 4.439116721132e-05
3.353787543242e-04 1.493666372872e-03 3.824551313516e-05
1.164389158116e-03 1.673996459391e-03 3.910868968249e-05
1.261682510945e-03 1.780036192780e-03 8.807894289813e-05
4.208708474285e-04 1.514318652490e-03 4.358244531669e-05
1.393690798292e-03 1.799320742488e-03 3.584548208926e-05
1.361986780005e-03 1.862054442902e-03 3.444493819070e-05
1.037171283614e-03 1.673815493234e-03 8.810931364897e-05
5.145201480394e-04 1.563871782042e-03 6.222192652458e-05
1.736492131716e-03 1.854221697045e-03 3.389201471070e-05
1.287036744197e-03 -6.070056588176e-05 7.318618838793e-05
1.287036744197e-03 1.939299434118e-03 7.318618838793e-05
1.135915964423e-03 1.747299902936e-03 3.457807686940e-05
1.698329882134e-03 -3.744821229280e-05 8.096398306817e-05
1.698329882134e-03 1.962551787707e-03 8.096398306817e-05
1.774219043556e-03 1.811626822184e-03 1.409175921901e-05
1.807249811377e-03 1.858325266091e-03 3.698482576184e-05
7.951972302881e-04 1.483871819625e-03 2.652247319647e-05
-3.899084297325e-05 1.235240967871e-03 6.978267434543e-05
1.961009157027e-03 1.235240967871e-03 6.978267434543e-05
8.856216506792e-04 1.510170631348e-03 3.627270019777e-05
1.865967392044e-03 1.857519565217e-03 2.173842078228e-05
6.862864178718e-05 1.282196766484e-03 4.296380527705e-05
8.100587563755e-04 1.583134390321e-03 6.876758318665e-05
1.430754281453e-03 1.864571833697e-03 3.436885738962e-05
1.806245024893e-03 1.961240939680e-03 2.695914147085e-05
2.563497808498e-04 1.566297162607e-03 6.908952977686e-05
1.089544936393e-03 1.764266722075e-03 1.479950095965e-05
1.404625742541e-03 1.949730976995e-03 4.419642999144e-05
1.036593936787e-03 1.839556755972e-03 7.724612665761e-05
-2.989330179850e-06 1.354032717788e-03 5.434463438219e-05
1.997010669820e-03 1.354032717788e-03 5.434463438219e-05
1.373035776646e-04 1.289907941378e-03 2.614269974241e-05
9.053147943335e-05 1.394339506100e-03 4.749238744543e-05
1.893737764846e-03 -3.725974466139e-05 6.017384300459e-05
1.893737764846e-03 1.962740255339e-03 6.017384300459e-05
1.149079288222e-03 1.808587412764e-03 2.808754945854e-05
3.609623243559e-04 1.559714496633e-03 3.153284594567e-05
1.480244882650e-03 1.916668955632e-03 3.748825296205e-05
9.388037258792e-04 1.551369799382e-03 3.090516554486e-05
1.146583060322e-03 1.876409972318e-03 3.858403902125e-05
7.014263708162e-04 1.533628014904e-03 3.938986943229e-05
1.096928262518e-03 1.936322711898e-03 3.678843427746e-05
4.168737925367e-04 1.618800689725e-03 4.981376374266e-05
6.958391601757e-04 1.629187824849e-03 5.438693359464e-05
2.444996337904e-05 1.443850738277e-03 3.507084355071e-05
2.024449963379e-03 1.443850738277e-03 3.507084355071e-05
-1.943205800897e-05 -2.552307536888e-05 2.744596263430e-05
-1.943205800897e-05 1.974476924631e-03 2.744596263430e-05
1.980567941991e-03 -2.552307536888e-05 2.744596263430e-05
1.980567941991e-03 1.974476924631e-03 2.744596263430e-05
1.558212321709e-03 1.922840771455e-03 3.531907464279e-05
8.886219663796e-04 1.687407165725e-03 6.106049977894e-05
1.000538100867e-04 1.539615163924e-03 8.694049896494e-05
1.517442997527e-03 1.962742622300e-03 2.172736261162e-05
9.512839318215e-04 1.735098478164e-03 1.721836741750e-05
7.525654638495e-04 1.773599466369e-03 1.000000000000e-04
1.733939343819e-04 1.682744146287e-03 7.388450431758e-05
2.732183918521e-04 1.685359791343e-03 2.394333584516e-05
-1.974344796361e-05 1.540063211288e-03 3.285759749156e-05
1.980256552036e-03 1.540063211288e-03 3.285759749156e-05
8.961333014747e-04 1.797768164251e-03 4.538973218052e-05
8.532350448762e-04 1.870172416362e-03 3.876866694264e-05
5.025450384305e-04 1.668774832325e-03 4.327925528935e-05
2.674388972860e-04 1.752026593090e-03 4.003113725934e-05
3.339704468456e-04 1.596444566230e-03 1.396090299055e-05
2.079860478652e-06 1.604180761814e-03 3.020977729331e-05
2.002079860479e-03 1.604180761814e-03 3.020977729331e-05
4.948525675493e-05 1.643210996005e-03 2.796820786842e-05
1.909905459636e-04 1.804221935314e-03 4.886115682708e-05
4.342586224897e-04 1.693505561154e-03 2.688728541711e-05
5.967625243273e-04 1.662346364113e-03 5.009114309167e-05
3.502541055411e-04 1.747394122005e-03 4.291353431321e-05
5.947993896360e-05 1.715062779383e-03 4.452534606125e-05
4.469732608049e-04 1.774222779221e-03 5.482521388074e-05
9.103669740181e-04 1.870172416362e-03 1.836326219927e-05
4.196871798570e-05 -2.626970212677e-05 3.395936077621e-05
4.196871798570e-05 1.973730297873e-03 3.395936077621e-05
7.757543437856e-04 1.917100840270e-03 4.536288545500e-05
5.483589176704e-04 1.739364936648e-03 4.087461782556e-05
3.640895589022e-04 1.827782888931e-03 3.865713563418e-05
2.688294806756e-04 1.889619043585e-03 6.668783662969e-05
1.253450416816e-04 -2.617339683614e-05 4.941702684302e-05
1.253450416816e-04 1.973826603164e-03 4.941702684302e-05
4.323002806665e-04 1.863601662845e-03 3.575007446201e-05
8.492195495737e-04 1.945734384507e-03 3.348517297101e-05
6.151540231972e-04 1.741193191394e-03 2.543471381394e-05
5.464737430997e-04 1.843594360506e-03 6.337185303451e-05
6.276734577864e-04 1.792191909079e-03 2.626833376239e-05
8.035421912052e-04 -1.612312694256e-05 2.600972637466e-05
8.035421912052e-04 1.983876873057e-03 2.600972637466e-05
4.792112623992e-04 -5.154112141985e-05 6.121068371462e-05
4.792112623992e-04 1.948458878580e-03 6.121068371462e-05
6.453267441434e-04 1.839169658042e-03 2.386674923307e-05
9.481297940714e-04 1.898532139817e-03 2.886283750037e-05
8.986471550559e-04 1.915053985341e-03 2.330518856398e-05
2.101502743919e-04 -2.685355790792e-05 3.539094101098e-05
2.101502743919e-04 1.973146442092e-03 3.539094101098e-05
3.798313059555e-04 1.885391621321e-03 2.106362664640e-05
3.546219238852e-04 1.925492050557e-03 2.630259344916e-05
2.724556159197e-04 -1.466620492786e-05 2.809517939169e-05
2.724556159197e-04 1.985333795072e-03 2.809517939169e-05
3.213779023011e-04 1.965993654293e-03 1.960368924932e-05
3.863200581799e-04 -2.022028848130e-05 3.656174763340e-05
3.863200581799e-04 1.979779711519e-03 3.656174763340e-05
1.591796875000e-03 7.207031250000e-04 8.578912104453e-05
1.763671875000e-03 1.201171875000e-03 1.336686024289e-05
1.802734375000e-03 1.318359375000e-03 3.554886448108e-05
1.953125000000e-06 1.845703125000e-03 4.531195010798e-05
2.001953125000e-03 1.845703125000e-03 4.531195010798e-05
1.388671875000e-03 4.980468750000e-04 3.533786199461e-05
1.869140625000e-03 1.427734375000e-03 3.462384588556e-05
1.837890625000e-03 1.142578125000e-03 3.946321453701e-05
1.478515625000e-03 5.917968750000e-04 2.091171731286e-05
1.736328125000e-03 7.988281250000e-04 3.521587346786e-05
1.904296875000e-03 1.650390625000e-03 4.376543019301e-05
1.705078125000e-03 1.138671875000e-03 5.344475163985e-05
1.353515625000e-03 2.753906250000e-04 5.230482628702e-05
1.208984375000e-03 1.537109375000e-03 6.640625000000e-05
1.955078125000e-03 1.748046875000e-03 1.623456332381e-05
1.291015625000e-03 4.785156250000e-04 3.398653626099e-05
1.720703125000e-03 1.263671875000e-03 6.217599346581e-05
6.503906250000e-04 4.238281250000e-04 1.993039365758e-05
1.482421875000e-03 8.183593750000e-04 5.113498237395e-05
1.001953125000e-03 1.970703125000e-03 1.984025134476e-05
1.035156250000e-04 1.869140625000e-03 2.597123665505e-05
1.740234375000e-03 7.050781250000e-04 3.605638459486e-05
1.353515625000e-03 4.121093750000e-04 4.324951541862e-05
6.738281250000e-04 1.912109375000e-03 5.592898852842e-05
5.800781250000e-04 1.166015625000e-03 5.482683143601e-05
1.474609375000e-03 5.175781250000e-04 1.844879379967e-05
1.837890625000e-03 1.236328125000e-03 5.440776670775e-05
1.888671875000e-03 1.341796875000e-03 4.926293503654e-05
9.238281250000e-04 -1.367187500000e-05 2.773720440330e-05
9.238281250000e-04 1.986328125000e-03 2.773720440330e-05
