# 2D packing, generated 2026-09-30T17:09:33.231554+00:00
# generator = preprocess/generate_packing_gravity.py
# periodic axes = xy
# porosity_achieved = 0.325006  (target 0.325000)
# 600 distinct grains; 642 rows including 42 periodic edge images.
# Centres span [-R, L+R]: a grain need only be PARTLY inside.
# Do NOT drop the out-of-box rows -- they carry the conduction
# paths that cross the domain edge, and k_eff depends on them.
# header row is 'Lx Ly'; grain rows are 'x y r', all in metres
2.800000000000e-03 2.800000000000e-03
1.097528633150e-03 8.579477288718e-05 1.000000000000e-04
1.097528633150e-03 2.885794772887e-03 1.000000000000e-04
1.247090052720e-03 9.750711762241e-05 5.001958314127e-05
1.203738381428e-03 1.605380678861e-04 2.648068567596e-05
9.628407722255e-04 8.782527610146e-05 3.470327577924e-05
1.257759225856e-03 1.780546338868e-04 2.885781976688e-05
3.027974707477e-04 6.731205713953e-05 5.938941509353e-05
3.923360552157e-04 5.705181546341e-05 2.988996754868e-05
3.956530211364e-04 1.599827504632e-04 7.168323533278e-05
1.187058710901e-03 2.823829465731e-04 9.650075359359e-05
1.619065257555e-03 2.853895509355e-05 1.952568665589e-05
2.132739168703e-05 2.965889578775e-06 5.191803622644e-05
2.132739168703e-05 2.802965889579e-03 5.191803622644e-05
2.821327391687e-03 2.965889578775e-06 5.191803622644e-05
2.821327391687e-03 2.802965889579e-03 5.191803622644e-05
9.881300033799e-04 1.544455833512e-04 2.915498370378e-05
1.030188691978e-03 2.380205694485e-04 6.440629120804e-05
8.532714502561e-05 1.407451184535e-04 1.000000000000e-04
2.885327145026e-03 1.407451184535e-04 1.000000000000e-04
1.515082335914e-03 5.060434698775e-05 4.588355894100e-05
1.056678174779e-03 3.552199371028e-04 5.284591118748e-05
9.806489801421e-04 3.522642886720e-04 2.324107581249e-05
2.516118317353e-04 2.235414988371e-04 8.575748457084e-05
2.623030203310e-03 8.528678179906e-05 7.912322061273e-05
3.667395618975e-04 2.723555124816e-04 3.929131663953e-05
2.498437028128e-03 5.582175177669e-05 4.648157887978e-05
8.918407499161e-04 3.523606903575e-04 6.556747743757e-05
7.990660847569e-04 7.444459845230e-05 4.446506215418e-05
1.369762573302e-03 9.528694551034e-05 7.267343306353e-05
1.661401797945e-03 5.852489611102e-05 3.235436067391e-05
2.526748588531e-03 1.188227780629e-04 2.258840512939e-05
1.515436309838e-03 1.964873516105e-04 1.000000000000e-04
2.744706321059e-03 9.378030790084e-05 4.162535514777e-05
2.339588922330e-03 2.938602938684e-05 5.807766118620e-05
2.339588922330e-03 2.829386029387e-03 5.807766118620e-05
4.694620990967e-04 2.890541790381e-05 3.072839169604e-05
4.694620990967e-04 2.828905417904e-03 3.072839169604e-05
2.741516489676e-03 1.866300007740e-04 5.094217756217e-05
2.419082027175e-03 3.681237245388e-05 2.171669408552e-05
1.604594130829e-03 7.254150985591e-05 2.615697586931e-05
1.956341187850e-03 3.448182606269e-05 4.611195650695e-05
1.956341187850e-03 2.834481826063e-03 4.611195650695e-05
7.080692940826e-04 7.965050743818e-05 4.668052139976e-05
2.587568168212e-03 2.423645504514e-04 8.190783801769e-05
3.062425495061e-04 3.307119498821e-04 3.453392526863e-05
1.634133391693e-03 1.886009643561e-04 1.755431590627e-05
9.661378463764e-04 3.894381897453e-04 1.618920027270e-05
2.145317887631e-03 5.687948762495e-05 3.866886211591e-05
2.401858720127e-03 8.143746007171e-05 2.308192947418e-05
7.324485498466e-04 3.523595141058e-04 9.382486703740e-05
2.446417264509e-03 1.177737478985e-04 3.441406770539e-05
1.891564121796e-03 1.166602580366e-04 5.852724727553e-05
8.333756443865e-04 4.550518424327e-04 4.916122269530e-05
5.058131901365e-04 8.849051612369e-05 3.906978774876e-05
1.665200455823e-03 2.699295119396e-04 6.680246078653e-05
1.609857778609e-05 2.940232730054e-04 6.818677313724e-05
2.816098577786e-03 2.940232730054e-04 6.818677313724e-05
2.361175673090e-03 1.099966561514e-04 2.532843161943e-05
7.505921081261e-04 4.877976162433e-04 3.986349060516e-05
1.362837335826e-03 2.225860119668e-04 5.481477728229e-05
2.028995530429e-03 2.741951858843e-05 2.422621965130e-05
9.267837832726e-04 4.575797609004e-04 4.428111664792e-05
1.318137818512e-03 3.016176000495e-04 3.598252080399e-05
1.130264313063e-03 3.978981188074e-04 3.222090268082e-05
2.707829852746e-03 2.974786356543e-04 4.013707917292e-05
2.253322827686e-03 6.438169345126e-05 3.475756899022e-05
2.392645029936e-03 1.938041545457e-04 5.870991393838e-05
5.951982187582e-04 1.158657600939e-04 5.441329832406e-05
1.558574079712e-03 3.668827750057e-04 7.577117353484e-05
2.741505419730e-03 3.747533659620e-04 4.172904922460e-05
1.216712942050e-03 4.466947220381e-04 6.704885048678e-05
2.195860036683e-03 1.287455096730e-04 4.919030905716e-05
1.974320377348e-03 1.065259258207e-04 1.714260300134e-05
9.999099902153e-04 4.575797609540e-04 2.884509029476e-05
1.719024119740e-03 4.303099584411e-04 9.676077354244e-05
1.834823275984e-03 4.299731144370e-04 1.903890636738e-05
1.080188413461e-03 4.630625547413e-04 4.995825830315e-05
5.189926974244e-04 2.006806813699e-04 5.819747088671e-05
6.118733739734e-04 5.056556340317e-04 1.000000000000e-04
4.494068515935e-04 2.286361633098e-04 1.535458863916e-05
3.679418931361e-04 3.394118146149e-04 2.777576337745e-05
1.837878373796e-03 4.830949477061e-04 3.328771497277e-05
1.401842790750e-03 3.007136880095e-04 3.250875289673e-05
1.593625258649e-03 4.690915572359e-04 3.227930661418e-05
1.364445982640e-03 3.852114412970e-04 5.958140506417e-05
1.618645317352e-03 5.995402655359e-04 1.000000000000e-04
7.587745567921e-04 6.202110451741e-04 8.628714323732e-05
2.640998445643e-03 3.680293931263e-04 5.464420213789e-05
1.760097972276e-03 5.995314559465e-04 4.143199162084e-05
2.233514078925e-04 3.617855660589e-04 5.399014787454e-05
8.829579293712e-04 5.229515241313e-04 3.442195125984e-05
1.036663646229e-04 4.051792969635e-04 7.331863527578e-05
4.712385536900e-04 3.380368731569e-04 7.553005025976e-05
9.806270005031e-04 5.296794305763e-04 4.570474006910e-05
2.079112893308e-03 1.407680869387e-04 6.772522648527e-05
6.513266631512e-04 6.144825118945e-04 1.575772705230e-05
-1.600158107259e-05 4.704836794245e-04 6.300847064877e-05
2.783998418927e-03 4.704836794245e-04 6.300847064877e-05
6.368085630122e-05 4.881269949410e-04 1.832930323490e-05
2.268865040569e-03 2.202412622670e-04 6.786183035148e-05
2.521705945778e-03 3.579791158094e-04 5.115066388857e-05
1.079317701601e-03 5.768771476536e-04 6.369123325917e-05
1.455603527037e-03 4.026123016545e-04 3.322223068509e-05
3.233139725317e-04 4.267120901259e-04 6.297228738503e-05
1.731524252262e-03 6.604940932093e-04 2.589482783113e-05
2.130710465994e-03 2.835829174257e-04 8.412123376905e-05
6.420891333701e-04 6.746149290940e-04 4.245783967369e-05
1.418580117832e-03 4.651150277248e-04 3.693348566351e-05
1.693497905946e-03 6.964684183840e-04 2.246027646356e-05
2.639639053701e-03 5.078948255534e-04 8.522788262099e-05
1.990908086783e-04 4.391958064849e-04 2.712559015169e-05
2.517423669513e-03 4.960974642995e-04 3.572071385645e-05
2.395133571534e-03 4.951663896201e-04 8.549037156510e-05
1.665917508765e-04 5.015331798265e-04 4.176253421674e-05
2.005849048149e-03 2.835069494002e-04 4.074020721761e-05
1.941939161483e-03 4.826593286940e-04 7.077402283963e-05
9.185016329025e-04 5.879738371953e-04 3.948797759252e-05
2.030663537109e-03 3.679138778319e-04 4.672638320872e-05
2.635011126463e-04 5.311065928826e-04 5.734309509334e-05
1.631415986377e-03 7.687639062928e-04 6.970483613738e-05
5.412106339289e-04 6.746149291869e-04 5.842065976753e-05
1.764514905857e-03 7.687565015217e-04 6.339201949640e-05
2.490674599692e-03 5.565772709227e-04 2.808508628912e-05
9.818959570801e-04 6.024509495513e-04 2.553837952596e-05
1.699004585396e-03 8.888278767909e-04 6.807606380514e-05
2.350496922945e-03 2.681425436270e-04 2.674568280618e-05
-3.366194417673e-05 6.231799596626e-04 8.607098603303e-05
2.766338055823e-03 6.231799596626e-04 8.607098603303e-05
1.179182113832e-03 5.462303536118e-04 3.932739633800e-05
2.545928433604e-03 5.754830713670e-04 3.031367791923e-05
2.256718886908e-03 3.438513679060e-04 5.520347344563e-05
1.174491208694e-03 6.345949681132e-04 4.761619349693e-05
4.620220774720e-04 6.746149291869e-04 2.076789668936e-05
1.858618179417e-03 7.687565018252e-04 3.071125406373e-05
9.525906008242e-04 6.425364771225e-04 2.411696687248e-05
2.625243819224e-03 6.389872887096e-04 4.665261544711e-05
1.104798181130e-03 6.662950327828e-04 2.894758508773e-05
7.034976964540e-04 7.245905578621e-04 3.182557393498e-05
1.852412165760e-03 8.829618677753e-04 8.072180341703e-05
2.560984721800e-03 6.323177544397e-04 1.795169359440e-05
4.131581379292e-04 4.233298686302e-04 2.693551950560e-05
4.630529545062e-04 7.449732110125e-04 4.674069565443e-05
1.767601275149e-03 9.791726098482e-04 4.535972010926e-05
2.179767720438e-03 3.876881725595e-04 3.084965121770e-05
1.857050175043e-03 1.014578447385e-03 5.084152289777e-05
2.101445157438e-03 3.903162609235e-04 2.655154925996e-05
2.236856974657e-03 4.622005567108e-04 6.301875848055e-05
1.525396313493e-03 7.687565015857e-04 3.631483779127e-05
1.653938458071e-03 1.032439072224e-03 8.016442195587e-05
8.786365021274e-04 6.598124721373e-04 3.994739624009e-05
1.151380165090e-03 7.171935075467e-04 3.815465850431e-05
2.138349315890e-03 4.402529686795e-04 3.554186177510e-05
2.289182703617e-03 5.342790762557e-04 2.605028715798e-05
1.020921210378e-04 5.005025597607e-04 2.201762751343e-05
1.389081476192e-03 7.687558089316e-04 1.000000000000e-04
1.776580785564e-03 1.072263374991e-03 4.816312365703e-05
1.232236569138e-03 7.670688627312e-04 5.684696848412e-05
2.668219562436e-03 7.131849509756e-04 3.909243021557e-05
1.147822119694e-03 7.859193192572e-04 2.964660923267e-05
2.234679031733e-03 5.603632025228e-04 3.437348210550e-05
2.479434026337e-03 6.504581041994e-04 6.559225362646e-05
1.275030359914e-03 8.797939406828e-04 5.917639236569e-05
1.539262732751e-03 1.032439064404e-03 3.451130336433e-05
1.458782443643e-03 1.032439062873e-03 4.596898574327e-05
6.126415893323e-04 8.201057385507e-04 1.000000000000e-04
1.709027134025e-03 1.186049166716e-03 8.302511002581e-05
1.070320156476e-03 7.859193192572e-04 4.785535398550e-05
2.076425158172e-03 4.402240045672e-04 2.632933445478e-05
1.812898178899e-04 5.805100661757e-04 3.857040993286e-05
1.313060003657e-03 1.040919350811e-03 1.000000000000e-04
1.142507973478e-03 1.040919354190e-03 7.055203017969e-05
1.867653511643e-03 1.121236425536e-03 5.524191085417e-05
1.828049905842e-03 1.213357298495e-03 3.909022182217e-05
4.776715097736e-04 8.257119843902e-04 3.508646256565e-05
9.487135029225e-04 7.224241055212e-04 5.402601848682e-05
1.209165287353e-03 1.119708098693e-03 3.039086957575e-05
3.544891923673e-04 7.449732110883e-04 6.182306648451e-05
6.619402464601e-05 5.277582736130e-04 2.138158021421e-05
1.508981339296e-03 1.097349801733e-03 3.608789860226e-05
7.809680431083e-04 7.579593849185e-04 5.252567519536e-05
2.436611794847e-04 6.264115524798e-04 3.853635853378e-05
4.985404268705e-04 9.001504078652e-04 3.937799094838e-05
2.735579652830e-03 7.378320079419e-04 3.263526582123e-05
2.321071784711e-03 5.702745954018e-04 1.999133726734e-05
1.141488872918e-03 1.160524920355e-03 4.864146558778e-05
2.380326985397e-03 6.499404326959e-04 3.351615285024e-05
1.361517350032e-04 7.137845573673e-04 1.000000000000e-04
-5.513994564518e-06 8.566686555154e-04 1.000000000000e-04
2.794486005435e-03 8.566686555154e-04 1.000000000000e-04
2.147146590379e-03 5.166994040166e-04 4.140909348448e-05
8.555603844663e-04 7.579593849185e-04 2.206666616265e-05
1.936349513218e-03 1.231501636920e-03 7.071880319184e-05
2.590878718319e-04 8.756839332443e-04 1.000000000000e-04
2.663884477748e-03 8.558699378179e-04 2.999930773050e-05
1.784160448158e-03 1.275745640849e-03 3.398118196087e-05
2.673178248582e-03 9.253890579009e-04 3.929364299150e-05
1.576531938358e-03 1.116747937499e-03 3.419276093403e-05
1.432137195988e-03 1.119745367281e-03 4.280376910727e-05
9.927120857014e-04 7.975739310138e-04 3.062293998501e-05
1.711191458227e-03 1.325176934117e-03 5.415465734594e-05
1.368894091500e-03 1.148075710482e-03 2.083016730713e-05
2.728891483050e-03 9.731751614933e-04 3.370268983647e-05
2.401506306810e-03 7.177454236336e-04 3.718170282537e-05
2.591461716107e-03 9.253890128213e-04 4.242288948313e-05
-1.480431571627e-05 9.800002148922e-04 2.298930619590e-05
2.785195684284e-03 9.800002148922e-04 2.298930619590e-05
9.874531270198e-04 1.040919354321e-03 8.450281627812e-05
7.677217517893e-04 8.754459226142e-04 6.465841235687e-05
6.886671848020e-04 9.516255270034e-04 4.512754615529e-05
1.257857241484e-03 1.156651073928e-03 2.822315135711e-05
2.283613165390e-03 6.204785896665e-04 4.264722303074e-05
5.620377770821e-04 1.024224220078e-03 1.000000000000e-04
1.215812573140e-03 1.225548346786e-03 5.011104421374e-05
2.329167539205e-03 6.621235182816e-04 1.907393507561e-05
1.085438274129e-03 1.299951759022e-03 1.000000000000e-04
6.904706738762e-04 1.031600425052e-03 2.864453886100e-05
2.635166890894e-03 1.068527711421e-03 1.000000000000e-04
1.144585630729e-04 9.867912441571e-04 7.698957224210e-05
1.108141619825e-05 1.110548839286e-03 8.083168404655e-05
2.811081416198e-03 1.110548839286e-03 8.083168404655e-05
2.199896264760e-04 9.994125543371e-04 2.929356034875e-05
4.095166563120e-04 8.222801764640e-04 3.306839089598e-05
4.213088816984e-04 1.024224220209e-03 4.072889538367e-05
2.483676542453e-03 7.849612209616e-04 6.897775758375e-05
2.064182366592e-03 5.166662013825e-04 4.153892293040e-05
4.442015034697e-04 1.113118212184e-03 4.760599314211e-05
1.803318660442e-03 1.350464248122e-03 4.137999415509e-05
3.715442419676e-04 1.113118212184e-03 2.505126835999e-05
5.205155990258e-04 1.165785900143e-03 4.511793330335e-05
1.093387062750e-04 1.081102811348e-03 1.746086884667e-05
1.526207305827e-03 1.177608385041e-03 4.477914998649e-05
1.875426024848e-03 1.350464248122e-03 3.072737025144e-05
1.335084445445e-03 1.232442174622e-03 6.935989110255e-05
6.289584205588e-04 1.174234422122e-03 6.365349247418e-05
2.354503156795e-03 8.092705154939e-04 6.246312428859e-05
1.587180315597e-03 1.278386234675e-03 6.985648232735e-05
2.266985863327e-03 8.092705057454e-04 2.505416931124e-05
1.852509652773e-03 1.441115440143e-03 6.175663454379e-05
1.390755012892e-04 1.143104944545e-03 5.123794080320e-05
1.444016789949e-03 1.342584070418e-03 8.555135086710e-05
1.722670484473e-03 1.449538488567e-03 6.835546719700e-05
1.630965932043e-03 1.379970812651e-03 4.076271442462e-05
4.366469807606e-04 1.211876262521e-03 5.058089967747e-05
1.553122575727e-03 1.396302938948e-03 3.606192688832e-05
7.557432890396e-04 1.031600425106e-03 3.662807630237e-05
6.750245485932e-05 1.268381499527e-03 8.678240319687e-05
2.867502454859e-03 1.268381499527e-03 8.678240319687e-05
2.034653013064e-03 1.231501637183e-03 2.758469665399e-05
1.599408147703e-03 1.485754759249e-03 6.011087569157e-05
1.504090746801e-03 1.445628150244e-03 3.348731262754e-05
1.676875462396e-03 1.537213421339e-03 3.055904730800e-05
2.030687942657e-03 1.315957393211e-03 5.590076101483e-05
2.860660810832e-04 1.211876262628e-03 1.000000000000e-04
2.715978307031e-03 1.185999069529e-03 4.056575668802e-05
2.504953931414e-03 1.068153399929e-03 3.021350017563e-05
2.107647561524e-03 5.843922320373e-04 3.696495991644e-05
1.418753100129e-03 1.491950374051e-03 6.361192711249e-05
1.214506716162e-03 1.306075308804e-03 2.921362385908e-05
2.174504472522e-03 1.315957392260e-03 8.791576884977e-05
9.401723409878e-04 1.299951759022e-03 4.526593314145e-05
1.611194927903e-03 1.629935270484e-03 8.306876866890e-05
1.498440581280e-03 1.629946554404e-03 2.967640424953e-05
8.597150883194e-04 1.299951759022e-03 3.519131952701e-05
3.956638924168e-04 1.280277171584e-03 2.915803617453e-05
2.755076294078e-03 1.242375388021e-03 2.804139948273e-05
1.930843879615e-03 1.441115835786e-03 1.657759564384e-05
2.428708282955e-03 1.068153776441e-03 4.603214976203e-05
1.743736440682e-03 1.555109359361e-03 3.865551396690e-05
5.178466073378e-04 1.252371107330e-03 4.015614795096e-05
2.075929401059e-03 1.411697650692e-03 4.950053923257e-05
1.784477465845e-03 1.688988891617e-03 1.000000000000e-04
1.194604553510e-03 1.358896656279e-03 2.406360250450e-05
1.291462212754e-03 1.351370444485e-03 5.731620197594e-05
8.909999292335e-04 1.369844417745e-03 4.019113105514e-05
2.633566336842e-03 1.218045944409e-03 4.785785452593e-05
1.162943812195e-03 1.379717032955e-03 1.121873653517e-05
2.701206213043e-03 1.247549403549e-03 2.273241373465e-05
7.201622169578e-04 1.174234422122e-03 2.755030392482e-05
3.549074953682e-04 1.357012019824e-03 5.772879156572e-05
1.515027836963e-03 1.697488582512e-03 3.445386689350e-05
1.148247909586e-03 1.448721306483e-03 5.933308355980e-05
1.935698816655e-04 1.341355311981e-03 5.888218895122e-05
9.807529899727e-04 1.461227622296e-03 8.789673716894e-05
4.611022727304e-04 1.318379803775e-03 4.656509237933e-05
1.090166425947e-03 1.545287235647e-03 5.007905262157e-05
1.255905524041e-03 1.449352766753e-03 4.691821455357e-05
1.996459457400e-03 1.504669160853e-03 7.280716145140e-05
2.097219348598e-03 1.504669160853e-03 2.795272974663e-05
1.914077135799e-03 1.688987996688e-03 2.959967415377e-05
2.481016418729e-03 1.135429430740e-03 3.911118371912e-05
5.542386069592e-04 1.333546704674e-03 4.779809767090e-05
2.356179159923e-03 1.196810048607e-03 1.000000000000e-04
1.450668254708e-03 1.697645780172e-03 2.990600702840e-05
1.212713627121e-03 1.507569804576e-03 2.557153266918e-05
2.515701042912e-03 1.242850577710e-03 6.603301319989e-05
2.310631391819e-03 1.342842489654e-03 5.084066026008e-05
7.836658360512e-04 1.299951759022e-03 4.085793274117e-05
4.893702884366e-04 1.407168400834e-03 4.661481789948e-05
1.568486837418e-03 1.747771734610e-03 3.893744663478e-05
7.129175450526e-04 1.299951759022e-03 2.989035825741e-05
2.252572986878e-03 1.401523435212e-03 2.791272781765e-05
1.663385349994e-03 1.724089919052e-03 2.457774036999e-05
2.176450349991e-03 1.504669160853e-03 5.127827164604e-05
6.757108087422e-04 1.424399193473e-03 1.000000000000e-04
2.396400650253e-03 1.342842489576e-03 3.492859817395e-05
8.260795977984e-04 1.505782734504e-03 7.097968731130e-05
7.234246100219e-04 1.554977442833e-03 3.902260981051e-05
1.311738391542e-03 1.530413429994e-03 5.010506601599e-05
1.660720381150e-03 1.851678019951e-03 1.000000000000e-04
2.660754449121e-03 1.327691973537e-03 6.510871200059e-05
2.116770106647e-03 1.562085279950e-03 3.153683674488e-05
2.291175320766e-03 1.504669160853e-03 6.344669912856e-05
2.541957170252e-03 1.362931280803e-03 5.688468071855e-05
2.758695770674e-03 1.304119888929e-03 2.774325768490e-05
2.228834704821e-03 1.551958714175e-03 1.480069220032e-05
2.733860532804e-04 1.363528976946e-03 2.395676727841e-05
2.454608938045e-03 1.379714605800e-03 3.206133474910e-05
1.916067662312e-03 1.776924061144e-03 5.826742137495e-05
2.045993549043e-03 1.633136760170e-03 6.487925875476e-05
2.749156149835e-03 1.362474392672e-03 2.988958993222e-05
4.097791854151e-04 1.437741618253e-03 3.864634150817e-05
3.578210109386e-05 1.440662108414e-03 8.680391599057e-05
2.835782101094e-03 1.440662108414e-03 8.680391599057e-05
1.850054068474e-04 1.469790281841e-03 6.523570209356e-05
1.833629535993e-03 1.882599095346e-03 7.557515171280e-05
1.744639308729e-03 1.961392589916e-03 3.812950840897e-05
1.011220765022e-03 1.584665341799e-03 3.814255823996e-05
1.199653543407e-03 1.619638737348e-03 8.226736665385e-05
1.088186139096e-04 1.552246615576e-03 4.655812674557e-05
1.642330348056e-03 2.051962352124e-03 9.850878957620e-05
2.004589713901e-03 1.730365351745e-03 4.079796955958e-05
1.376782375794e-03 1.571209940875e-03 2.607430725050e-05
2.120244246802e-03 1.758921148925e-03 7.832971208193e-05
2.010572753361e-03 1.829743080605e-03 4.999643255899e-05
1.341763857633e-03 1.659345262801e-03 6.528584264040e-05
1.402166876221e-03 1.741710573074e-03 3.562333613623e-05
2.258088401329e-03 1.631235506539e-03 6.737296337751e-05
1.255094183257e-03 1.779216579404e-03 8.263563991203e-05
1.819133927317e-03 2.006053057267e-03 4.872709177694e-05
8.992625090274e-04 1.665589474861e-03 1.000000000000e-04
1.478079240617e-03 1.823582796104e-03 7.602610696478e-05
6.535544066087e-04 1.554977442833e-03 3.084759360269e-05
2.712165402913e-03 1.410009177467e-03 3.034222162432e-05
2.737209547795e-03 1.444641880688e-03 1.184894433897e-05
5.627026895426e-04 1.554977442833e-03 6.000412346334e-05
7.622418665554e-04 1.665589474968e-03 3.702064247206e-05
2.232216517831e-03 1.730688629197e-03 3.539024970025e-05
1.786852497628e-03 2.101227883391e-03 5.177388764774e-05
1.945258477012e-03 1.847703839148e-03 1.773907803275e-05
1.967856943695e-03 2.007100655169e-03 1.000000000000e-04
4.290764382883e-04 1.548339200642e-03 7.362212779104e-05
1.070907085998e-03 1.646909990624e-03 4.809463338256e-05
2.622727859855e-03 1.430482369466e-03 4.449004249244e-05
1.342711218152e-03 1.930303418750e-03 9.201824016907e-05
2.397419073179e-03 1.413979877450e-03 3.460791966875e-05
1.013147050773e-03 1.668634420209e-03 1.361575885374e-05
2.775798512454e-04 1.588750987987e-03 8.317177656115e-05
1.452211197834e-03 1.930303418750e-03 1.748173951302e-05
2.236881490680e-03 1.824052279155e-03 5.526037282125e-05
3.817326933420e-04 1.665691787784e-03 4.631838210086e-05
1.489358484494e-03 2.000170714285e-03 6.164701563712e-05
1.719663601976e-03 2.234175166388e-03 9.718759148137e-05
1.552908734012e-04 1.642316451636e-03 5.033422704217e-05
2.544441480860e-03 1.460186526345e-03 3.924223367403e-05
2.453557668891e-03 1.477669221080e-03 5.029128186217e-05
1.852345998281e-03 2.235666280502e-03 3.550344300827e-05
2.148435260915e-03 1.895313918986e-03 5.832200640685e-05
1.205906128329e-03 1.930303418750e-03 4.478684965455e-05
2.353179516287e-03 1.631235506539e-03 2.771815158072e-05
2.594944389581e-03 1.486252225766e-03 1.759054274542e-05
1.529223205996e-03 2.231991257300e-03 9.177027374519e-05
6.406824333145e-04 1.680231756583e-03 8.541747340995e-05
1.618616158102e-03 2.355785616316e-03 6.092613475440e-05
3.132806175449e-05 1.559386364814e-03 3.126064793310e-05
5.216380139389e-04 1.680231756583e-03 3.362694596564e-05
1.954802505200e-03 2.235355917735e-03 6.695378726241e-05
2.689015293714e-03 1.475347802241e-03 3.555326419651e-05
2.336064579114e-03 1.682504661905e-03 2.594804494265e-05
1.237263307691e-03 2.007778728989e-03 3.879362889275e-05
7.924262186919e-04 1.706408420394e-03 1.374628987142e-05
1.406409212007e-03 2.027548620192e-03 2.423176466786e-05
3.181524195251e-04 1.677619463518e-03 1.452028678096e-05
1.514366375075e-03 2.370557912441e-03 4.160147458962e-05
1.122367456289e-03 1.720589245653e-03 4.177639828060e-05
2.128132768687e-03 2.012619385537e-03 6.037094371142e-05
2.395024368238e-03 1.556547897206e-03 4.793291491540e-05
-7.639414908556e-05 1.591505361724e-03 8.114800240460e-05
2.723605850914e-03 1.591505361724e-03 8.114800240460e-05
2.072415652119e-03 2.086912125338e-03 3.153872737885e-05
1.039765204937e-03 1.731635335944e-03 4.156115651415e-05
2.494123294727e-03 1.576270575231e-03 5.310955763845e-05
2.152348998430e-03 2.130419608308e-03 5.946819848588e-05
3.949207709741e-05 1.632602488728e-03 4.180967839220e-05
2.839492077097e-03 1.632602488728e-03 4.180967839220e-05
1.717285659745e-03 2.372384392129e-03 3.858344157385e-05
2.590661854199e-03 1.629551439354e-03 5.713290837371e-05
1.865753050592e-03 2.355918439165e-03 8.246589709217e-05
3.247539174823e-04 1.738659864281e-03 4.626088710214e-05
9.782582900543e-04 1.770897624821e-03 3.140889149356e-05
8.698353575017e-05 1.707020396371e-03 4.375345993767e-05
5.478217191562e-04 1.728393786740e-03 1.918985607912e-05
2.390301256786e-03 1.682504661905e-03 2.828863272984e-05
-1.236981976417e-05 1.662273892649e-03 1.428417096671e-05
2.787630180236e-03 1.662273892649e-03 1.428417096671e-05
1.164251805187e-03 2.007776011271e-03 3.421701935742e-05
4.004138856467e-04 1.742172792277e-03 2.948059060820e-05
2.103056255605e-03 2.266130194385e-03 8.446053849208e-05
2.245030539641e-03 2.130273730354e-03 3.321350762734e-05
1.299119994018e-03 2.053010858951e-03 3.783662116698e-05
2.231248741493e-03 2.266077119385e-03 4.373209713090e-05
5.665743208133e-04 1.790167701684e-03 4.536768907567e-05
7.466926344747e-04 1.743414380129e-03 3.799325006290e-05
2.336829481882e-03 2.266077267002e-03 6.184871681357e-05
-5.760820780842e-05 1.771676633533e-03 1.000000000000e-04
2.742391792192e-03 1.771676633533e-03 1.000000000000e-04
8.207368102580e-04 1.797038135211e-03 5.311771835739e-05
1.193935039804e-03 2.102201540415e-03 6.476416606645e-05
1.999876888785e-03 2.353080136214e-03 5.022573453304e-05
2.206375490294e-03 2.385628757911e-03 7.351029859829e-05
1.972244806244e-03 2.490090476022e-03 8.883100742189e-05
5.027287040993e-04 1.790167701684e-03 1.847792763833e-05
2.088882424804e-03 2.394357151608e-03 4.359753195610e-05
9.235936089657e-04 1.839907399947e-03 5.662846660764e-05
6.934060192663e-04 1.785068057634e-03 2.964174243397e-05
4.375453327096e-04 1.805708633892e-03 4.410981318716e-05
3.190699201608e-04 1.887752615257e-03 1.000000000000e-04
1.366175936495e-03 2.235488276883e-03 7.131458085447e-05
8.471259925800e-04 1.867092026332e-03 2.174172730516e-05
2.431971978880e-03 1.618738709573e-03 2.216546143099e-05
7.710688058724e-04 1.900205009139e-03 6.121106216106e-05
1.105276101394e-03 2.102205953038e-03 2.389023618191e-05
1.038595955110e-03 1.822291218966e-03 4.784976950663e-05
9.553504193000e-05 1.811079591717e-03 5.813111032954e-05
2.478125869441e-03 1.673284002338e-03 4.521400339726e-05
2.124277968280e-03 2.472414027216e-03 4.210964907625e-05
1.603535373041e-04 1.910465341897e-03 6.033327208830e-05
1.823094805421e-03 2.498138323334e-03 5.996559420795e-05
2.093276131114e-03 2.551792519046e-03 4.310806650098e-05
2.205884059007e-03 2.509591290931e-03 4.756590059801e-05
2.265943553455e-04 2.019456473592e-03 6.089466004409e-05
1.876375040656e-03 2.635662063420e-03 8.547360815440e-05
2.426232435122e-03 1.771895836560e-03 6.621858776953e-05
1.269837076046e-03 2.102205953192e-03 1.113787107315e-05
1.110602282113e-03 2.174489066742e-03 4.555281063025e-05
1.675875969577e-03 2.426480705024e-03 2.697800592138e-05
9.997901931521e-04 1.910982275396e-03 4.757113685541e-05
1.420128646347e-03 2.346173494997e-03 5.124161261534e-05
2.297077830375e-03 2.508203682477e-03 4.363843829910e-05
8.758041155054e-04 1.925094225794e-03 4.104768699786e-05
3.585238705883e-04 2.066627386271e-03 7.921419767995e-05
2.405747808227e-04 2.143451292465e-03 6.146840823004e-05
1.990849467110e-03 2.635388617171e-03 2.361124169281e-05
1.983684189100e-03 2.682513958386e-03 2.405571744680e-05
4.993574621640e-04 1.832221447701e-03 2.314841042732e-05
8.124545544057e-04 2.039667854331e-03 8.426287148609e-05
4.659033912367e-04 1.865288253962e-03 2.187435621052e-05
1.950482167063e-03 2.743327172841e-03 4.523079869885e-05
2.510859196193e-05 1.896438340611e-03 4.969152453376e-05
2.825108591962e-03 1.896438340611e-03 4.969152453376e-05
1.202820983552e-03 2.287100477222e-03 1.000000000000e-04
1.560758574450e-03 2.505950346755e-03 1.000000000000e-04
1.712196830608e-03 2.509076847865e-03 5.147055713946e-05
2.009814516080e-03 2.748623022892e-03 1.301550300557e-05
1.872442832658e-03 2.763120298367e-03 3.527948345515e-05
1.689668179064e-03 2.658862762274e-03 1.000000000000e-04
3.224495803198e-04 2.161012524577e-03 2.163887113842e-05
1.377943176456e-03 2.489464146545e-03 7.258824717055e-05
2.520208907261e-03 1.771895836560e-03 2.775788436961e-05
7.540302119424e-05 1.971544365379e-03 4.069898696059e-05
3.006345690291e-04 2.192553942367e-03 1.610896209627e-05
1.435590023168e-03 2.616834810062e-03 6.722069516686e-05
1.039933284755e-03 2.174522707334e-03 2.511619775429e-05
9.495619099457e-04 2.039667854331e-03 5.284448405389e-05
2.594967863463e-03 1.788067993530e-03 4.833236816111e-05
1.258783457292e-04 2.143451292541e-03 5.322802686345e-05
2.733821664475e-03 1.917524194679e-03 4.399901059006e-05
2.636911780536e-03 1.855361641188e-03 3.096282207444e-05
2.101928130449e-03 -5.261178315481e-05 7.910638743998e-05
2.101928130449e-03 2.747388216845e-03 7.910638743998e-05
4.923124313387e-04 2.066851555297e-03 5.452313141743e-05
2.440331884740e-03 2.497702587658e-03 1.000000000000e-04
1.064300537332e-03 2.287035789620e-03 3.852047942644e-05
2.245510914737e-03 -4.921838853336e-05 6.451649051713e-05
2.245510914737e-03 2.750781611467e-03 6.451649051713e-05
1.801297077290e-03 2.721195282333e-03 2.785308064936e-05
2.006107376625e-03 -1.477361096778e-05 2.377511122967e-05
2.006107376625e-03 2.785226389032e-03 2.377511122967e-05
-3.172193635141e-05 2.056162453390e-03 9.581466564539e-05
2.768278063649e-03 2.056162453390e-03 9.581466564539e-05
9.120038981560e-04 2.147542692571e-03 6.138154176667e-05
8.257620961132e-04 2.149613257184e-03 2.488511261029e-05
1.545419192631e-03 2.701986065565e-03 5.055711797423e-05
1.784126080000e-04 2.193886374989e-03 1.858053479337e-05
1.284594994080e-03 2.510843764079e-03 2.317701054108e-05
9.877301075862e-04 2.209494429246e-03 3.645455381240e-05
2.329240111887e-03 2.579553183413e-03 3.462498818427e-05
2.633797932923e-03 2.056162453390e-03 3.866546508054e-05
6.391312127739e-04 1.825945246826e-03 3.553061317671e-05
9.380159512635e-04 2.222542242233e-03 1.494333375779e-05
7.092814903211e-04 2.039667854331e-03 1.891019259856e-05
1.313653871169e-03 2.306042646228e-03 1.231212982130e-05
4.541355042619e-04 2.218206224191e-03 1.000000000000e-04
2.582929389309e-03 2.484281591900e-03 4.322770374866e-05
2.722257175213e-04 2.245604801297e-03 4.406957624746e-05
1.804691398496e-03 -1.530358164186e-05 3.573877120988e-05
1.804691398496e-03 2.784696418358e-03 3.573877120988e-05
3.389043673076e-04 2.254770813483e-03 2.089327573295e-05
2.544796189698e-03 2.566071180598e-03 2.405622972352e-05
1.432781564921e-03 -3.968558507410e-05 7.628731410295e-05
1.432781564921e-03 2.760314414926e-03 7.628731410295e-05
8.851011089248e-04 2.250623387285e-03 4.496101863953e-05
2.663274731100e-03 2.602851379903e-03 1.000000000000e-04
3.063668397030e-05 2.193326822000e-03 5.428263573975e-05
2.830636683970e-03 2.193326822000e-03 5.428263573975e-05
8.255765355570e-04 2.250638035906e-03 1.456355686969e-05
1.098050808359e-03 2.329103724557e-03 1.287633465141e-05
1.224516914909e-03 2.509144620712e-03 3.692515717830e-05
8.309542412691e-04 2.286797478182e-03 2.015094445572e-05
8.647769010401e-04 2.319202121974e-03 2.656601582038e-05
7.057968703321e-04 2.095774130554e-03 3.625175751632e-05
2.234955505671e-05 2.635792019432e-03 6.244964544368e-05
2.822349555057e-03 2.635792019432e-03 6.244964544368e-05
2.377810778419e-03 2.637289086976e-03 4.082396651261e-05
9.673969806459e-04 2.389259814775e-03 9.768760784449e-05
3.616562683957e-04 2.285709594295e-03 1.446569658875e-05
2.478247047873e-03 2.654201482290e-03 6.102628955534e-05
1.963592353919e-04 2.240958713939e-03 3.179690588199e-05
6.541514869620e-04 2.224301476624e-03 1.000000000000e-04
1.103961281094e-03 2.374396032197e-03 3.188540401898e-05
5.478579317625e-04 2.352752726204e-03 6.397150572485e-05
8.175411317536e-04 2.327556780693e-03 2.140291753968e-05
8.439967749289e-04 2.357581159280e-03 1.707242323001e-05
2.553654037651e-03 -4.284748369838e-05 6.658692972505e-05
2.553654037651e-03 2.757152516302e-03 6.658692972505e-05
1.091814045025e-03 2.542885266905e-03 1.000000000000e-04
3.838208569221e-04 2.316694766319e-03 2.091728615344e-05
1.337634709522e-04 2.226117090846e-03 2.981298354175e-05
1.394310399280e-04 2.308744566645e-03 5.300863860498e-05
2.452413035078e-03 -3.012179333052e-05 3.443396507864e-05
2.452413035078e-03 2.769878206669e-03 3.443396507864e-05
6.625694196765e-04 2.379723492448e-03 5.386799401551e-05
8.479669073552e-04 2.398587651420e-03 2.210617788076e-05
4.259544546211e-04 2.346173899510e-03 3.050507618838e-05
7.836828101091e-04 2.398586776650e-03 4.217791971614e-05
4.603479967116e-04 2.406640198627e-03 3.863254171392e-05
2.514921998472e-04 2.356867142093e-03 6.894826292276e-05
1.230138519725e-03 2.600004133871e-03 4.867547669309e-05
3.470770081940e-04 2.346881791318e-03 2.663654542398e-05
5.861400781001e-04 2.481008736381e-03 6.987589594146e-05
1.167910080752e-03 2.667872001219e-03 4.340289229426e-05
2.677962248640e-03 -4.008184878246e-05 5.775203762479e-05
2.677962248640e-03 2.759918151218e-03 5.775203762479e-05
7.184630414535e-04 2.457360148481e-03 4.179572595170e-05
9.597722435298e-04 2.542859250088e-03 3.204181708339e-05
8.241063559807e-04 2.513996854002e-03 7.738296939078e-05
3.825116435050e-04 2.398842046486e-03 3.625607335367e-05
9.593965363749e-04 2.644766714890e-03 6.707553989612e-05
7.039004428933e-04 2.545539894263e-03 4.689263143182e-05
4.711633837808e-04 2.490028327297e-03 4.545403631590e-05
9.089021503416e-04 2.565360241935e-03 2.175594512010e-05
2.760512642936e-03 2.695198300906e-03 1.958180259641e-05
1.242514194954e-04 2.636893054092e-03 3.945816957098e-05
1.256375347082e-03 2.698804932414e-03 5.031449979014e-05
5.133776008778e-04 2.549908388953e-03 2.778298409357e-05
7.990391259153e-04 2.691668015339e-03 1.000000000000e-04
1.070783231833e-03 2.716398391317e-03 6.517166880065e-05
3.170248922826e-04 2.451578807171e-03 4.622479503655e-05
6.297199635337e-04 2.573525642299e-03 3.239132432471e-05
2.754899754181e-03 2.774149543866e-03 2.049063408426e-05
9.563356893074e-04 -2.411740558616e-05 6.381131615524e-05
9.563356893074e-04 2.775882594414e-03 6.381131615524e-05
3.774956571338e-04 2.541176731785e-03 6.126898051200e-05
8.884071388773e-05 2.718437054045e-03 4.362238859571e-05
1.677230069744e-04 2.715897910074e-03 3.530076161625e-05
5.521717737940e-04 2.644427417608e-03 7.268380846022e-05
8.711187620619e-04 -6.214333189371e-06 2.326591789830e-05
8.711187620619e-04 2.793785666811e-03 2.326591789830e-05
6.683762110479e-04 2.596600227136e-03 1.262802645610e-05
1.489443224491e-04 -1.549072054908e-05 3.583400306979e-05
1.489443224491e-04 2.784509279451e-03 3.583400306979e-05
6.440987180221e-04 -3.744036986565e-05 6.944429805859e-05
6.440987180221e-04 2.762559630134e-03 6.944429805859e-05
2.620755804582e-04 2.713730189905e-03 5.907671121771e-05
1.153035143726e-03 2.727375718627e-03 1.780952620798e-05
2.176170818404e-04 -4.266163689854e-07 3.446839263188e-05
2.176170818404e-04 2.799573383631e-03 3.446839263188e-05
4.625983239701e-04 2.584249909242e-03 3.289825381481e-05
1.142862100000e-03 2.763431112010e-03 1.965355175805e-05
2.927305561013e-04 2.542794736566e-03 2.351156150656e-05
4.028857704162e-04 2.673286494176e-03 7.325851565076e-05
3.415377222139e-04 -3.370751436086e-05 3.619672223709e-05
3.415377222139e-04 2.766292485639e-03 3.619672223709e-05
4.146487968802e-04 -1.473523437897e-05 3.933589866967e-05
4.146487968802e-04 2.785264765621e-03 3.933589866967e-05
5.226917965744e-04 -3.442388954699e-05 5.200009146510e-05
5.226917965744e-04 2.765576110453e-03 5.200009146510e-05
2.908367585189e-04 -1.066155874284e-05 1.949621994036e-05
2.908367585189e-04 2.789338441257e-03 1.949621994036e-05
2.119140625000e-03 9.980468750000e-04 2.816894337977e-05
2.419921875000e-03 2.015234375000e-03 1.903531496899e-05
2.594921875000e-03 2.266796875000e-03 3.860235252125e-05
2.080859375000e-03 7.847656250000e-04 3.047565491855e-05
2.753515625000e-03 2.376171875000e-03 2.163938349963e-05
2.485546875000e-03 2.146484375000e-03 3.780537076635e-05
2.277734375000e-03 9.816406250000e-04 5.589498836286e-05
1.976953125000e-03 6.753906250000e-04 6.265317852875e-05
1.121093750000e-04 2.480078125000e-03 4.242722101016e-05
2.512890625000e-03 1.927734375000e-03 3.192097282861e-05
2.294140625000e-03 1.982421875000e-03 1.497779640256e-05
1.856640625000e-03 2.816406250000e-04 6.188131766392e-05
2.162890625000e-03 1.123828125000e-03 4.020297353229e-05
6.097656250000e-04 1.960546875000e-03 7.621796211688e-05
1.326171875000e-03 5.769531250000e-04 5.659566150261e-05
4.183593750000e-04 5.605468750000e-04 2.608077545288e-05
2.015234375000e-03 1.074609375000e-03 3.907028432823e-05
2.031640625000e-03 9.050781250000e-04 6.707018606590e-05
8.503906250000e-04 1.162109375000e-03 5.772144409911e-05
2.173828125000e-03 7.027343750000e-04 3.635535933612e-05
8.667968750000e-04 1.941406250000e-04 2.374085981632e-05
1.533984375000e-03 8.996093750000e-04 9.408793260828e-05
2.370703125000e-03 1.916796875000e-03 5.390804246380e-05
2.365234375000e-03 2.108203125000e-03 3.104593266970e-05
1.747265625000e-03 1.394531250000e-04 4.415119407888e-05
2.452734375000e-03 9.378906250000e-04 8.818094412202e-05
2.480078125000e-03 2.316015625000e-03 4.265388630432e-05
9.160156250000e-04 8.886718750000e-04 3.694063119755e-05
2.649609375000e-03 2.376171875000e-03 7.357423017218e-05
2.184765625000e-03 8.777343750000e-04 2.894652973146e-05
-8.203125000000e-06 2.474609375000e-03 4.893686186740e-05
2.791796875000e-03 2.474609375000e-03 4.893686186740e-05
2.518359375000e-03 2.037109375000e-03 4.103629386758e-05
2.698828125000e-03 2.217578125000e-03 3.365287308241e-05
1.134765625000e-03 8.941406250000e-04 4.398151951464e-05
7.683593750000e-04 1.886718750000e-04 7.438304184465e-05
1.996093750000e-04 2.556640625000e-03 5.277434084333e-05
1.451953125000e-03 5.660156250000e-04 2.599462755466e-05
3.144531250000e-04 1.036328125000e-03 4.845462339589e-05
2.105468750000e-04 1.752734375000e-03 6.698676882168e-05
2.589453125000e-03 2.157421875000e-03 2.212916196642e-05
2.190234375000e-03 2.627734375000e-03 4.670757106591e-05
1.914062500000e-05 2.316015625000e-03 1.854873405342e-05
1.867578125000e-03 5.988281250000e-04 3.396756725233e-05
