# 2D packing, generated 2026-09-28T19:12:46.762415+00:00
# generator = preprocess/generate_packing_gravity.py
# periodic axes = xy
# porosity_achieved = 0.274811  (target 0.275000)
# 304 distinct grains; 337 rows including 33 periodic edge images.
# Centres span [-R, L+R]: a grain need only be PARTLY inside.
# Do NOT drop the out-of-box rows -- they carry the conduction
# paths that cross the domain edge, and k_eff depends on them.
# header row is 'Lx Ly'; grain rows are 'x y r', all in metres
2.000000000000e-03 2.000000000000e-03
1.857199174959e-03 7.981921909370e-05 7.454559823820e-05
2.644149636740e-05 1.288881830439e-04 1.000000000000e-04
2.026441496367e-03 1.288881830439e-04 1.000000000000e-04
1.900778790292e-03 1.791784638127e-04 3.395067996370e-05
1.263085556838e-03 4.170853312306e-05 3.768955137642e-05
1.794350075520e-03 2.259688825482e-04 8.230943621328e-05
-4.921821021936e-05 3.198883823908e-04 1.000000000000e-04
1.950781789781e-03 3.198883823908e-04 1.000000000000e-04
7.736045717788e-04 1.952108968867e-05 3.907214562710e-05
7.736045717788e-04 2.019521089689e-03 3.907214562710e-05
2.072083091884e-04 1.356336589490e-04 8.089262578297e-05
5.363178937249e-04 4.630970239105e-05 4.858439472856e-05
5.363178937249e-04 2.046309702391e-03 4.858439472856e-05
1.798873005390e-03 3.739996310011e-04 6.125852905282e-05
1.504946921636e-04 3.074059142949e-04 1.000000000000e-04
1.325490970558e-03 7.422749951186e-05 2.742739340405e-05
7.250779526562e-04 7.207261791275e-05 2.874398235559e-05
1.457129093617e-03 3.475283704452e-05 4.515592066775e-05
1.457129093617e-03 2.034752837045e-03 4.515592066775e-05
8.923732982755e-04 7.266820840534e-05 8.451025044484e-05
8.923732982755e-04 2.072668208405e-03 8.451025044484e-05
4.464669185188e-04 6.291441971601e-05 4.278800204298e-05
1.391500655224e-03 8.872275568996e-05 3.981374476965e-05
1.266682829402e-03 1.296656047197e-04 5.034105575599e-05
5.071633971340e-04 1.486970000707e-04 5.787285735379e-05
6.555047970024e-04 1.677258001945e-04 8.953523179094e-05
1.885477858762e-03 4.545471605187e-04 4.936356005661e-05
5.564568024639e-04 2.033460631793e-04 1.572307197110e-05
7.784010246961e-04 1.051304274216e-04 3.399510572328e-05
8.484209859332e-04 2.268861071724e-04 7.584885394631e-05
3.502118517103e-04 1.083310730229e-04 6.211091673888e-05
5.399473480810e-04 3.179591541553e-04 1.000000000000e-04
5.392388566165e-05 4.458352252856e-04 6.279097360622e-05
2.053923885662e-03 4.458352252856e-04 6.279097360622e-05
3.185596027729e-04 2.311832399036e-04 6.475326169642e-05
1.341701206044e-03 1.299398332370e-04 2.467367520363e-05
2.807275004287e-04 3.169652621926e-04 2.900079589987e-05
1.964395773759e-03 4.515084786568e-04 2.691220074290e-05
3.996034423188e-04 2.986776341957e-04 4.071520368161e-05
6.732589402815e-04 3.171388827708e-04 3.294029428104e-05
1.584750354391e-04 4.502522511584e-04 4.185344028976e-05
1.678196840625e-03 3.737730378378e-04 5.941789113755e-05
7.549680201362e-04 3.171388827708e-04 4.876878557372e-05
6.627170316471e-04 3.968809744843e-04 4.594879233080e-05
3.380288949634e-04 3.329468794465e-04 2.975327190916e-05
2.992373895729e-04 3.629978621332e-04 1.931649934454e-05
2.553825269288e-04 4.036895191459e-04 4.050874556071e-05
7.560860243100e-04 4.171632937745e-04 4.959774925078e-05
3.944599446941e-04 4.446324242293e-04 9.290597457206e-05
-2.096176300114e-05 5.108866584132e-04 3.424472822591e-05
1.979038236999e-03 5.108866584132e-04 3.424472822591e-05
6.895344580984e-04 4.950487946660e-04 5.279594678276e-05
1.188563563144e-04 5.058217710242e-04 2.560931977140e-05
2.310530603296e-04 4.760714969878e-04 3.518034001488e-05
1.066057695398e-03 1.079620065936e-04 9.272413083878e-05
8.331773227118e-04 5.471384170599e-04 1.000000000000e-04
1.594871115555e-03 1.584965042260e-05 3.742686650001e-05
1.594871115555e-03 2.015849650423e-03 3.742686650001e-05
1.813914151927e-03 4.589143286815e-04 2.233327595229e-05
1.817751872856e-03 5.448386527145e-04 6.350522539749e-05
9.491735176378e-04 5.471392973351e-04 1.599619584033e-05
1.319697206613e-03 1.681256022640e-04 1.515471465414e-05
9.714253226097e-04 6.151731762736e-04 5.407911360830e-05
2.873729881080e-04 5.316354698865e-04 4.393533116349e-05
3.563437015695e-04 5.637201395708e-04 3.213296256746e-05
1.356334875393e-03 1.783635365059e-04 2.288650233819e-05
5.368753854228e-04 4.728098330745e-04 5.171564801325e-05
1.555061303726e-03 3.738758704914e-04 6.371775135567e-05
1.992927698951e-04 5.569422039271e-04 4.770564218512e-05
8.942201675096e-04 7.021540835767e-04 6.222356997772e-05
1.185908378670e-03 2.279038732782e-04 7.683504887541e-05
1.733772140563e-03 4.634053889761e-04 4.604572104290e-05
4.753166642095e-04 6.212053861885e-04 1.000000000000e-04
1.460393866547e-03 1.163421750482e-04 3.440961336045e-05
1.051456429893e-03 2.668909368905e-04 6.315537415317e-05
6.982067437860e-04 5.986221597001e-04 4.445575284923e-05
-5.675002812689e-05 6.123554512853e-04 7.335041965559e-05
1.943249971873e-03 6.123554512853e-04 7.335041965559e-05
1.331403178065e-03 2.737615779611e-04 7.571563821279e-05
6.307746967558e-04 6.819002276996e-04 6.269982365711e-05
1.839483700651e-03 6.394490807609e-04 3.356900101925e-05
3.253877285138e-04 6.442785501369e-04 5.168640628368e-05
1.239744003977e-03 3.090297055179e-04 2.052862303755e-05
1.427672893045e-03 3.745642804057e-04 6.367259233436e-05
3.742505424012e-04 7.730888790360e-04 8.243260974735e-05
5.463193086877e-04 7.295921011395e-04 2.957258841564e-05
1.661329273377e-03 5.924404289878e-04 1.000000000000e-04
7.545559864767e-04 6.748415605702e-04 4.996469016108e-05
8.761101706339e-05 5.972534945879e-04 7.101382138385e-05
5.950971211124e-04 7.642411753144e-04 2.703824551033e-05
2.633704516715e-04 7.730888791432e-04 2.844748098228e-05
7.039451922788e-04 7.453124738150e-04 3.412493749661e-05
2.453728880831e-05 7.104108930839e-04 5.401714906124e-05
2.024537288808e-03 7.104108930839e-04 5.401714906124e-05
1.984925894467e-04 6.650208908847e-04 5.893671964722e-05
1.774014809700e-03 6.566956634416e-04 2.971802207599e-05
9.761723747387e-04 7.021688908686e-04 1.972711407304e-05
1.130843224054e-03 3.223374726662e-04 3.248047541406e-05
1.733875737899e-03 7.015925976452e-04 3.050555956737e-05
1.806382905571e-03 7.257438254388e-04 4.591807007493e-05
8.063078068928e-04 7.383315267435e-04 3.194519566418e-05
1.263219487818e-03 3.518609464245e-04 2.634244560865e-05
8.571498799903e-04 8.600878819062e-04 1.000000000000e-04
9.605997210560e-04 2.654774730535e-04 2.771233030560e-05
1.296720934908e-03 4.637721246439e-04 9.047561278819e-05
1.106245322120e-03 4.637721246439e-04 1.000000000000e-04
6.538428055205e-04 8.329406168173e-04 6.335350576925e-05
1.917686326882e-03 7.829650258101e-04 7.513868797374e-05
5.494487789477e-04 7.814878665030e-04 2.175949520931e-05
1.006153156759e-03 8.601259615226e-04 4.889161971399e-05
5.428403741085e-04 8.541844266972e-04 4.966348073100e-05
2.154015065949e-04 7.466205609147e-04 2.439645281482e-05
3.966896744593e-05 8.190341791960e-04 5.206488282874e-05
2.039668967446e-03 8.190341791960e-04 5.206488282874e-05
4.529171127513e-04 8.624323586304e-04 3.660808344907e-05
9.655327856210e-04 9.292603501309e-04 2.857565173820e-05
1.979964510398e-03 8.561780726739e-04 1.825076986718e-05
1.676559957280e-03 7.267645018216e-04 3.209414864120e-05
1.494197359192e-03 4.414362633708e-04 2.695098530124e-05
3.774143924316e-04 9.079859487251e-04 5.157235852188e-05
2.118823038894e-04 8.032130923898e-04 3.120566298987e-05
1.732394054243e-03 7.908998187321e-04 5.267023340424e-05
1.814761233640e-03 8.362916619333e-04 4.078070185835e-05
1.450074401482e-03 4.540926870209e-04 1.895066891081e-05
9.212627955330e-04 1.049973964501e-03 1.000000000000e-04
1.423536423414e-03 5.128274947412e-04 4.549716926927e-05
1.368474926357e-03 5.584399566866e-04 2.600293662550e-05
1.743450164387e-03 9.040837181414e-04 5.761153098027e-05
1.881552277934e-03 9.138096196251e-04 6.060363123432e-05
1.806349986059e-03 9.784442750185e-04 3.855797111858e-05
1.075605864360e-03 8.601259615226e-04 2.056108788739e-05
1.474650445806e-03 6.440627506415e-04 9.368492134431e-05
1.724924961851e-03 1.008310859392e-03 4.817176674149e-05
1.203169354772e-03 5.703663525664e-04 4.407150145673e-05
1.303198414227e-03 6.315244998482e-04 7.198876447659e-05
-1.141019087769e-05 9.264643887901e-04 4.717937422314e-05
1.988589809122e-03 9.264643887901e-04 4.717937422314e-05
3.001392448328e-04 9.079859487251e-04 2.570278907691e-05
1.175648559649e-03 8.601259615226e-04 7.948160740103e-05
1.791508477433e-03 1.046433270440e-03 2.855295398976e-05
1.607906562526e-03 1.008310859392e-03 6.884663258404e-05
1.732512778979e-03 1.130013813530e-03 7.375149175540e-05
1.364983870212e-03 7.455140627737e-04 5.571095053892e-05
1.829160878364e-03 1.130013813530e-03 2.289660762961e-05
7.845668036875e-04 1.051206899192e-03 3.670162261942e-05
1.057484793013e-03 1.051205827312e-03 3.600229131160e-05
1.584570761256e-03 7.021016349718e-04 3.061708122576e-05
1.463539478298e-04 8.675554300694e-04 6.063061451503e-05
8.711849206510e-05 9.894464582791e-04 6.975925258410e-05
3.115502076302e-04 9.809709809483e-04 4.673789408778e-05
1.619729682505e-03 1.130013813606e-03 3.903160471830e-05
1.190894598346e-03 1.051205827312e-03 9.740751402065e-05
1.924100648185e-03 1.130013813530e-03 7.204316219117e-05
2.302556335096e-04 9.343769457498e-04 4.662892034191e-05
3.962260174718e-04 9.992110960423e-04 3.988020200634e-05
4.332034722826e-05 1.097870170446e-03 4.717653685255e-05
2.043320347228e-03 1.097870170446e-03 4.717653685255e-05
1.074047945963e-03 1.136232630919e-03 4.710095460513e-05
1.765521865785e-04 1.121099936572e-03 8.806526530528e-05
1.832741449514e-03 1.228781561309e-03 6.249891740909e-05
2.725731824832e-05 1.194544828397e-03 4.963489852027e-05
2.027257318248e-03 1.194544828397e-03 4.963489852027e-05
1.156611515550e-04 1.250263708907e-03 5.473178729096e-05
1.458617579657e-03 7.884446216813e-04 4.729538146318e-05
1.370243334295e-03 8.943513307581e-04 9.064024943305e-05
1.143085808066e-03 1.170764675907e-03 3.009158735822e-05
1.751193781946e-03 1.220914336231e-03 1.904875015843e-05
1.189131949672e-03 1.170764675907e-03 1.595455424831e-05
2.928039222632e-04 1.121099936647e-03 2.818647037943e-05
1.708638037146e-03 1.333682663295e-03 1.000000000000e-04
2.871631958681e-04 1.195159732628e-03 4.504990576061e-05
3.443290587089e-05 1.278595718893e-03 3.129571230528e-05
1.935827636457e-03 1.244729977974e-03 4.181366060839e-05
4.910615948235e-04 9.456721656571e-04 5.495537534535e-05
7.977222485401e-04 1.153717253210e-03 6.063521147088e-05
9.263728843567e-04 1.249908000698e-03 1.000000000000e-04
2.200089316915e-04 1.242903513622e-03 3.734647656750e-05
1.117886155655e-03 1.307548682244e-03 1.000000000000e-04
1.868392797451e-03 1.350478586780e-03 6.063525916148e-05
-1.144482873493e-05 1.267812422600e-03 1.574493715811e-05
1.988555171265e-03 1.267812422600e-03 1.574493715811e-05
1.511874660895e-03 1.008310859392e-03 2.718526904660e-05
1.809451138790e-03 1.454476912992e-03 5.733573091631e-05
1.698220062260e-03 1.497381296705e-03 6.188313725320e-05
1.310227256087e-03 1.307550608731e-03 9.234144833585e-05
1.798260942431e-03 1.587353643012e-03 7.266499839162e-05
1.450418333465e-03 1.307333110049e-03 4.785002367464e-05
1.525105438030e-03 1.071992214347e-03 3.561073281795e-05
1.216025208520e-03 1.438636909749e-03 6.375422559997e-05
7.803630661402e-04 1.261316065843e-03 4.454020417727e-05
-2.737150830402e-05 1.350478586780e-03 4.360043508326e-05
1.972628491696e-03 1.350478586780e-03 4.360043508326e-05
1.006666532489e-03 1.339808644292e-03 1.533459554246e-05
3.775208562543e-04 1.195159732628e-03 4.530775462559e-05
1.541120085291e-03 1.388880643452e-03 7.412060540577e-05
1.872041520948e-04 1.303455414194e-03 3.152068706821e-05
9.796602445169e-04 1.452279236499e-03 1.000000000000e-04
3.288362515512e-04 1.288164842800e-03 5.686473542558e-05
-2.907405917717e-05 1.587353643012e-03 1.000000000000e-04
1.970925940823e-03 1.587353643012e-03 1.000000000000e-04
1.675580943474e-03 1.613641047674e-03 5.279977669662e-05
4.692842194891e-04 1.045215131872e-03 4.645560860916e-05
1.427111898250e-03 1.394958400490e-03 3.984029612566e-05
1.869041698233e-03 1.706413613176e-03 5.670205545227e-05
1.569580566822e-03 1.524909474404e-03 6.485368951093e-05
1.453430182532e-03 1.524781823650e-03 5.126989761426e-05
5.744138651112e-04 1.045215131872e-03 5.867403701294e-05
2.495647000097e-04 1.337712743475e-03 3.661774071400e-05
1.738126135019e-03 1.708982754146e-03 6.122628163327e-05
8.212515136045e-04 1.309314515391e-03 1.851327819238e-05
1.623987229092e-03 1.708982754146e-03 5.291262429391e-05
8.427231351968e-04 1.374092980521e-03 4.973140054953e-05
3.272080122805e-04 1.418293374003e-03 7.327398208914e-05
1.807675621896e-04 1.378153337286e-03 4.318506500102e-05
1.339225953470e-03 1.460324128249e-03 6.134085192017e-05
7.994815349438e-04 1.504381358189e-03 8.754682732304e-05
7.246713367851e-04 9.049462630313e-04 3.764893938827e-05
1.496926681149e-03 1.606557441489e-03 4.135405752077e-05
1.955108595479e-03 1.711737305915e-03 2.538534208912e-05
1.040883483404e-04 1.378153337286e-03 3.349414884815e-05
5.122522174230e-04 1.132570358568e-03 4.854072910784e-05
1.667631370165e-03 1.822763474465e-03 6.895149415922e-05
1.932570578246e-03 1.757288331973e-03 2.468686030619e-05
1.870045443699e-03 1.865165209398e-03 1.000000000000e-04
9.032435405625e-04 1.550470339437e-03 2.435909210449e-05
1.612860978409e-05 1.865474136555e-03 4.592199317010e-05
2.016128609784e-03 1.865474136555e-03 4.592199317010e-05
1.407512192383e-03 1.616061876342e-03 4.856415577982e-05
9.641321700596e-04 1.625700976804e-03 7.242459510086e-05
1.384082722896e-03 1.523570369759e-03 1.619766331324e-05
1.736590426374e-03 1.909620445619e-03 4.066452885047e-05
-1.973660432893e-05 1.933497586510e-03 2.941927943634e-05
1.980263395671e-03 1.933497586510e-03 2.941927943634e-05
1.362731823393e-04 1.445280584024e-03 3.734950579251e-05
6.850907864373e-04 1.506363566704e-03 2.686172600656e-05
6.197519734914e-04 1.507266397900e-03 3.848389185524e-05
6.209840113777e-04 1.160693210038e-03 6.376910034373e-05
4.550935751165e-04 1.195159732628e-03 3.226496423658e-05
1.120454785600e-03 1.492826392064e-03 4.611028396411e-05
6.920433708563e-04 1.572515285099e-03 3.965427066610e-05
1.071498653508e-03 1.626314150113e-03 3.477175173311e-05
8.168638479000e-04 1.669562089594e-03 7.854745538389e-05
4.405918871923e-04 1.276679881771e-03 5.053499753263e-05
1.542300128627e-03 1.669612212842e-03 3.632897747683e-05
6.677798412427e-05 -3.840581394229e-05 6.154331134356e-05
6.677798412427e-05 1.961594186058e-03 6.154331134356e-05
1.936893135253e-03 -7.587094601826e-06 4.373792124400e-05
1.936893135253e-03 1.992412905398e-03 4.373792124400e-05
1.653031200696e-03 1.940930480542e-03 4.856810241557e-05
4.445684239165e-04 1.418293374079e-03 4.408642954690e-05
1.268700084249e-03 1.521983061053e-03 3.220244577446e-05
1.722012343056e-03 -2.498653497462e-05 2.633266345053e-05
1.722012343056e-03 1.975013465025e-03 2.633266345053e-05
1.054065346185e-03 1.711952440157e-03 5.160196763585e-05
1.193649848784e-03 1.568382176169e-03 5.603255706951e-05
1.767485781145e-03 1.974998468195e-03 1.913742631418e-05
9.677784900514e-04 1.736052900431e-03 3.798765359523e-05
6.687977271391e-04 1.679527739030e-03 6.985383790183e-05
7.434228604184e-04 1.832305354727e-03 1.000000000000e-04
5.015352798550e-04 1.531775392463e-03 8.224715905891e-05
1.147984461345e-03 1.657186455115e-03 4.382497929688e-05
8.947425892270e-04 1.755840205036e-03 3.768179601601e-05
2.180071739154e-04 1.475747422308e-03 4.987820548079e-05
1.264599710136e-03 1.678459127190e-03 7.355320629320e-05
1.565044646037e-03 1.940896107166e-03 3.941845895775e-05
1.456498343735e-04 1.516580769065e-03 3.320576886418e-05
1.164583577532e-03 1.751680569010e-03 5.040085060168e-05
1.403548283095e-03 1.758926883580e-03 8.701380848513e-05
1.009843703262e-03 1.781927095360e-03 2.425331523670e-05
2.852075283402e-04 1.512088135703e-03 2.651901361060e-05
5.811811034313e-04 1.682975137665e-03 1.783065454153e-05
5.795970256077e-04 1.742459365965e-03 3.931193380693e-05
2.010287029178e-04 1.569431520845e-03 4.334500542941e-05
5.697629159685e-04 1.861208937771e-03 7.604897369993e-05
8.879175502027e-04 1.829379054160e-03 3.617391708323e-05
1.192909672033e-04 1.613442585419e-03 4.948834657673e-05
2.881287557643e-04 1.584027095885e-03 4.496948951126e-05
1.087546634204e-03 1.795090994869e-03 3.802515340511e-05
1.893099554266e-04 1.636782272295e-03 2.431815513733e-05
8.751771603087e-04 1.926946801686e-03 6.222285136429e-05
1.163661834750e-03 1.864987235022e-03 6.163288043680e-05
1.272409823124e-03 1.803559624675e-03 5.151191960316e-05
9.626733374816e-04 1.823757548505e-03 3.879294007116e-05
6.573054135356e-04 -1.120175214592e-05 7.862357071777e-05
6.573054135356e-04 1.988798247854e-03 7.862357071777e-05
1.263756655787e-03 1.897143649889e-03 4.247131187155e-05
2.678191420096e-04 1.714748913700e-03 8.632762901128e-05
5.567843292345e-04 -2.170736539015e-05 2.244517766945e-05
5.567843292345e-04 1.978292634610e-03 2.244517766945e-05
1.067777899163e-03 1.864611853070e-03 3.425179437152e-05
3.838817227182e-04 1.531744550620e-03 3.540657466302e-05
1.011171745496e-03 -4.920595496488e-05 6.885801715987e-05
1.011171745496e-03 1.950794045035e-03 6.885801715987e-05
1.120797521828e-03 -3.381603738009e-05 4.184277545472e-05
1.120797521828e-03 1.966183962620e-03 4.184277545472e-05
1.211419212754e-03 -2.786967109659e-05 4.897381633130e-05
1.211419212754e-03 1.972130328903e-03 4.897381633130e-05
4.085668585318e-04 1.600024495324e-03 3.308323820057e-05
1.337370509496e-03 -2.673948777992e-05 6.332225996402e-05
1.337370509496e-03 1.973260512220e-03 6.332225996402e-05
9.319327324094e-04 1.980369163248e-03 1.572044554766e-05
2.714843750000e-04 1.931640625000e-03 2.440793332590e-05
6.035156250000e-04 1.345703125000e-03 2.652285955983e-05
1.595703125000e-03 1.894531250000e-04 1.000000000000e-04
1.388671875000e-03 1.119140625000e-03 3.751779308674e-05
3.847656250000e-04 1.869140625000e-03 6.869708436530e-05
1.111328125000e-03 6.894531250000e-04 8.987494293564e-05
1.591796875000e-03 8.457031250000e-04 9.765625000000e-05
4.472656250000e-04 1.720703125000e-03 3.533566504013e-05
9.277343750000e-04 3.808593750000e-04 7.392462435585e-05
9.179687500000e-05 1.751953125000e-03 2.919344064607e-05
1.816406250000e-04 1.865234375000e-03 6.450034085809e-05
1.505859375000e-03 1.189453125000e-03 2.845633125809e-05
7.089843750000e-04 1.361328125000e-03 6.532852205660e-05
1.458984375000e-03 1.908203125000e-03 7.297477223543e-05
1.712890625000e-03 6.835937500000e-05 6.220528316998e-05
6.933593750000e-04 1.005859375000e-03 6.640625000000e-05
2.089843750000e-04 -9.765625000000e-06 3.749712426321e-05
2.089843750000e-04 1.990234375000e-03 3.749712426321e-05
5.527343750000e-04 1.267578125000e-03 4.470920319662e-05
1.064453125000e-03 9.550781250000e-04 4.007634056081e-05
1.587890625000e-03 1.224609375000e-03 4.031803523738e-05
3.320312500000e-05 1.439453125000e-03 3.722641172557e-05
2.033203125000e-03 1.439453125000e-03 3.722641172557e-05
3.339843750000e-04 -1.367187500000e-05 5.949822738956e-05
3.339843750000e-04 1.986328125000e-03 5.949822738956e-05
1.544921875000e-03 1.791015625000e-03 3.859453128451e-05
4.746093750000e-04 -4.101562500000e-05 4.645861348251e-05
4.746093750000e-04 1.958984375000e-03 4.645861348251e-05
1.427734375000e-03 1.033203125000e-03 5.767509007904e-05
1.302734375000e-03 1.158203125000e-03 3.832422855873e-05
1.251953125000e-03 7.480468750000e-04 2.306504559384e-05
3.730468750000e-04 1.091796875000e-03 4.701220920561e-05
1.419921875000e-03 1.208984375000e-03 3.512590970307e-05
1.269531250000e-04 7.519531250000e-04 3.375371415355e-05
5.410156250000e-04 1.396484375000e-03 4.503027053833e-05
1.443359375000e-03 2.050781250000e-04 4.779899383840e-05
