# 2D packing, generated 2026-09-30T17:08:57.587482+00:00
# generator = preprocess/generate_packing_gravity.py
# periodic axes = xy
# porosity_achieved = 0.324807  (target 0.325000)
# 78 distinct grains; 91 rows including 13 periodic edge images.
# Centres span [-R, L+R]: a grain need only be PARTLY inside.
# Do NOT drop the out-of-box rows -- they carry the conduction
# paths that cross the domain edge, and k_eff depends on them.
# header row is 'Lx Ly'; grain rows are 'x y r', all in metres
1.000000000000e-03 1.000000000000e-03
-4.390482313714e-05 7.492436029330e-06 6.323344722812e-05
-4.390482313714e-05 1.007492436029e-03 6.323344722812e-05
9.560951768629e-04 7.492436029330e-06 6.323344722812e-05
9.560951768629e-04 1.007492436029e-03 6.323344722812e-05
4.703418999640e-05 2.993276192562e-05 1.673685158833e-05
8.790093621393e-05 4.526259254002e-05 2.691060001339e-05
4.764146347508e-04 2.430044266779e-05 5.081831934549e-05
4.764146347508e-04 1.024300442668e-03 5.081831934549e-05
6.405925272508e-04 4.255497429101e-05 4.947241211925e-05
6.405925272508e-04 1.042554974291e-03 4.947241211925e-05
4.230111605936e-04 8.169854129603e-05 2.758121776630e-05
2.481524141325e-05 1.429781403811e-04 8.705998097592e-05
1.024815241413e-03 1.429781403811e-04 8.705998097592e-05
3.004706261586e-04 5.828110810862e-05 3.679258901017e-05
2.477655013243e-04 7.811991635185e-05 1.952267087833e-05
3.568895636664e-04 6.630250540842e-05 2.019371920634e-05
1.471231211773e-04 9.757550714907e-05 4.177279601449e-05
5.616696932108e-04 6.341168609055e-05 2.931792914611e-05
5.009240316873e-04 1.471625823321e-04 7.414340670169e-05
1.707872305838e-04 2.180461907432e-04 7.705823493691e-05
2.762701547829e-04 2.180351266681e-04 2.842468984242e-05
4.176755116858e-05 2.960634275383e-04 6.696116453858e-05
1.041767551169e-03 2.960634275383e-04 6.696116453858e-05
8.751859778670e-04 8.315346066799e-05 4.754112934981e-05
6.483333363366e-04 1.911345124301e-04 7.961455715326e-05
9.383389905746e-04 3.309601930898e-04 4.214313369835e-05
5.559353545494e-04 2.201070752428e-04 1.721930281114e-05
3.621082379118e-04 1.529486282443e-04 6.479292018664e-05
3.498866082882e-04 2.878573984791e-04 7.066830864631e-05
5.089290671639e-06 4.589458363810e-04 1.000000000000e-04
1.005089290672e-03 4.589458363810e-04 1.000000000000e-04
2.446405091297e-04 3.009842814547e-04 3.399594246294e-05
8.447149588922e-04 5.057926136528e-04 6.707693044224e-05
7.366764651466e-04 5.057497365987e-04 4.096214666832e-05
5.170738564412e-04 2.553660129052e-04 3.525363041159e-05
1.517404053283e-04 3.439488717529e-04 5.027694176534e-05
9.241777431576e-04 5.754333781508e-04 3.858380913012e-05
1.888188009009e-04 4.748284322142e-04 8.441498249083e-05
7.509756619410e-04 2.089217085316e-04 2.455756652416e-05
4.743742826123e-04 3.406919654158e-04 6.016005716932e-05
1.006019542260e-04 5.403791044533e-04 2.540097168721e-05
7.684963365722e-04 5.708632370553e-04 3.150895352494e-05
3.744997958980e-04 4.660869316543e-04 1.000000000000e-04
5.961719599509e-04 3.225022144346e-04 6.148103162593e-05
2.733760613930e-04 5.845563565314e-04 5.411365708471e-05
1.432038615058e-04 6.507355679553e-04 9.177926947353e-05
6.137458575507e-05 5.618493147738e-04 1.729096702638e-05
6.692536751506e-04 5.055140892672e-04 2.646157244659e-05
8.524180875182e-04 6.241852213787e-04 4.814921316432e-05
5.532863525045e-04 5.540350680005e-04 9.924762667713e-05
3.569948159267e-04 6.030976480346e-04 3.153614825808e-05
7.757421640142e-04 6.326328117091e-04 2.899065349090e-05
2.671506452821e-04 6.750933598664e-04 3.388013381758e-05
6.936818203435e-04 5.855079174007e-04 4.342098047145e-05
6.509091145264e-04 6.511604907726e-04 3.493575515955e-05
2.481192004275e-04 7.928263654444e-04 8.484753453733e-05
4.281440277717e-04 6.322630103885e-04 4.535881476664e-05
5.900140116890e-04 6.809123867505e-04 3.283896440446e-05
8.003505251150e-04 7.502370470434e-04 8.823294772200e-05
9.164120524482e-04 7.502370471506e-04 2.782857961117e-05
6.659900166215e-04 7.311580090630e-04 4.614262574406e-05
3.233353227466e-04 6.339871214283e-04 1.413961280366e-05
5.730019767427e-04 7.602159518753e-04 4.826925510522e-05
3.897155437247e-04 8.142244033799e-04 5.835659389412e-05
1.358998713386e-04 7.915543364891e-04 2.737905363239e-05
5.012048993157e-04 8.322944577349e-04 5.346665591978e-05
9.043579040919e-04 8.102595724789e-04 3.177487488611e-05
3.271438836568e-04 8.997101848744e-04 4.545061896672e-05
2.519993228318e-05 5.814867189976e-04 2.386993297315e-05
2.246499442555e-04 -5.839106916538e-05 6.527703290744e-05
2.246499442555e-04 9.416089308346e-04 6.527703290744e-05
2.745299281718e-05 8.583726852156e-04 1.000000000000e-04
1.027452992817e-03 8.583726852156e-04 1.000000000000e-04
1.288519722424e-04 9.463110028099e-04 3.063743795479e-05
8.605123043953e-04 8.463642672553e-04 2.502292230680e-05
6.326211744576e-04 8.682817808966e-04 7.515169325987e-05
8.876943095200e-04 9.167340542529e-04 5.041446847484e-05
7.566978580870e-04 8.872629498105e-04 5.036857195463e-05
8.256951426833e-05 9.640230945056e-04 1.891980711708e-05
3.124343319805e-04 -2.181161692296e-05 2.982413987034e-05
3.124343319805e-04 9.781883830770e-04 2.982413987034e-05
4.338466955405e-05 -1.310331924297e-05 2.645395266255e-05
4.338466955405e-05 9.868966807570e-04 2.645395266255e-05
7.122040321123e-04 9.594173311001e-04 3.197956101986e-05
5.146317545222e-04 9.126597368903e-04 2.801258496121e-05
4.394776553992e-04 8.823365933036e-04 2.599716319699e-05
4.574186330108e-04 9.406231127726e-04 3.498821062137e-05
5.657891394685e-04 -2.463464575304e-05 5.107607947937e-05
5.657891394685e-04 9.753653542470e-04 5.107607947937e-05
6.573430905186e-04 9.688309291288e-04 2.368316205755e-05
7.685546875000e-04 3.447265625000e-04 7.514341331779e-05
