# 2D packing, generated 2026-10-01T15:39:25.900884+00:00
# generator = preprocess/generate_packing_gravity.py
# periodic axes = xy
# porosity_achieved = 0.325367  (target 0.325000)
# 283 distinct grains; 309 rows including 26 periodic edge images.
# Centres span [-R, L+R]: a grain need only be PARTLY inside.
# Do NOT drop the out-of-box rows -- they carry the conduction
# paths that cross the domain edge, and k_eff depends on them.
# header row is 'Lx Ly'; grain rows are 'x y r', all in metres
2.000000000000e-03 2.000000000000e-03
6.485902629572e-04 2.992040422911e-05 6.395782268774e-05
6.485902629572e-04 2.029920404229e-03 6.395782268774e-05
5.194824683785e-04 3.799102599705e-05 6.536003797370e-05
5.194824683785e-04 2.037991025997e-03 6.536003797370e-05
3.870872262624e-04 1.325737828755e-04 9.735005985343e-05
5.564407700050e-04 1.571226948809e-04 5.937311109063e-05
7.634489313436e-04 8.112650148556e-05 6.131804879794e-05
2.388745355335e-04 8.404472451337e-05 5.860573259696e-05
4.868853488297e-04 2.519019940794e-04 5.819001223609e-05
9.563409453234e-04 3.459650301840e-05 5.692201633165e-05
9.563409453234e-04 2.034596503018e-03 5.692201633165e-05
1.433537895567e-03 7.674067577515e-05 5.571004634535e-05
8.048102250943e-05 8.739960956267e-06 1.281567276814e-05
8.048102250943e-05 2.008739960956e-03 1.281567276814e-05
3.922465559197e-04 2.675090308840e-04 3.768402990547e-05
1.709111935253e-03 5.498610177175e-05 5.472245991220e-05
5.734096113671e-05 7.924738536040e-05 6.139190734186e-05
2.057340961137e-03 7.924738536040e-05 6.139190734186e-05
4.324351872003e-04 3.667667351917e-04 6.892704159700e-05
8.821436192006e-04 1.378616977842e-04 7.023234433138e-05
6.717283068660e-04 1.269464867052e-04 3.579004524737e-05
1.705084683758e-04 9.646977747632e-05 1.088072233928e-05
1.174999787107e-03 9.537683232465e-06 4.762464042748e-05
1.174999787107e-03 2.009537683232e-03 4.762464042748e-05
1.376703333963e-04 1.074486485734e-04 2.374461535271e-05
5.870210060574e-04 2.502700151701e-04 3.866577891709e-05
7.447955235843e-04 2.414009678573e-04 1.000000000000e-04
1.632540028217e-03 1.170433169056e-04 4.383896726863e-05
1.046182911564e-03 7.692340468637e-05 4.239135388006e-05
9.024343202638e-04 2.660763002952e-04 5.955837586349e-05
5.518463861849e-04 3.017340903061e-04 2.367047624836e-05
3.247617799522e-04 3.905769210248e-04 4.134760568277e-05
9.862751279748e-04 1.258017430253e-04 3.459519798633e-05
1.046801405373e-03 1.518856004665e-04 3.131229684315e-05
1.550753897369e-03 1.296836600968e-04 3.891820454760e-05
6.026951823281e-04 3.163347273008e-04 2.923301026729e-05
8.386658534194e-04 3.522635882181e-04 4.526678396413e-05
9.330533912516e-04 3.731916377177e-04 5.141359357311e-05
1.945276690848e-03 5.325465461918e-05 5.364796327585e-05
1.945276690848e-03 2.053254654619e-03 5.364796327585e-05
1.718136895583e-04 1.836030195231e-04 5.971370654618e-05
1.177676482394e-03 1.625923047658e-04 1.000000000000e-04
7.965551262962e-05 2.100841532703e-04 3.607213012569e-05
2.511232567904e-04 3.899113411635e-04 3.229396926140e-05
1.446372251451e-04 4.180271226279e-04 7.784131321765e-05
6.393497769486e-06 4.581924464932e-04 6.611906158621e-05
2.006393497769e-03 4.581924464932e-04 6.611906158621e-05
2.466684715544e-04 4.541241338232e-04 3.009901749155e-05
8.297125944661e-05 4.923985344886e-04 1.753346543271e-05
8.627362980552e-04 4.361901313552e-04 4.204368179129e-05
2.068890868603e-04 5.161019733327e-04 3.820435446680e-05
1.345558922593e-03 1.607644269970e-04 6.594639801692e-05
1.598937117218e-03 1.859361534782e-04 3.279678338281e-05
5.355482303379e-04 3.846038185962e-04 3.571741888286e-05
1.298812199565e-03 3.149410849015e-04 9.463815860018e-05
1.690184517747e-03 2.098582439056e-04 6.153438623086e-05
1.485946983344e-03 3.684629073964e-04 1.000000000000e-04
1.361321459402e-03 4.310920652146e-04 3.726505513303e-05
1.846679991712e-03 6.641165283577e-05 4.582333234386e-05
7.708314124883e-04 4.295901892845e-04 4.595619696323e-05
3.746391931591e-04 4.447022922597e-04 2.810042665814e-05
1.638015528392e-03 3.937992995372e-04 5.416476627215e-05
9.973903511408e-04 1.978079188124e-04 3.609955466394e-05
6.554937071771e-04 3.289351262683e-04 2.504832550610e-05
1.587148711576e-03 4.878217877250e-04 5.273071243268e-05
1.061057251994e-03 2.029832562675e-04 2.173673322559e-05
1.911321473740e-03 4.670718162602e-04 2.936672688270e-05
8.162787311414e-04 4.981113654237e-04 3.536800243870e-05
1.417084708814e-03 4.847958360553e-04 3.518422654274e-05
1.778203368409e-03 1.371511702938e-04 5.263082294599e-05
1.186445362710e-03 3.149124622370e-04 1.772132056845e-05
6.376196237867e-04 4.209095689896e-04 6.864692434637e-05
1.021972293449e-03 3.861730904475e-04 3.844833762386e-05
1.473384094531e-03 4.900507940804e-04 2.135987497143e-05
7.288836929245e-04 5.233352578150e-04 5.559435798459e-05
5.472736898708e-04 4.452107768761e-04 2.487359898401e-05
6.297096364149e-05 5.412082352750e-04 3.429603705062e-05
1.148616299549e-03 4.421120057117e-04 1.000000000000e-04
-1.508341856760e-05 5.729430925069e-04 4.996301436564e-05
1.984916581432e-03 5.729430925069e-04 4.996301436564e-05
9.834027211676e-04 4.920723658714e-04 6.903108548733e-05
8.794547230965e-04 5.512067623356e-04 4.715673052092e-05
1.308861272576e-03 5.483483945341e-04 9.031971698159e-05
1.344905544808e-04 5.375667215012e-04 3.730910727777e-05
1.797726112115e-03 2.307304906362e-04 4.296333424161e-05
1.076851445178e-03 6.307243585778e-04 9.817250030171e-05
4.708591354147e-04 4.984781620298e-04 6.827466225029e-05
1.869833637867e-03 5.729430926141e-04 6.511992919995e-05
1.437443151557e-03 5.576527078096e-04 3.859835718847e-05
3.253572508805e-04 5.872759693374e-04 1.000000000000e-04
1.525077873410e-03 5.816765301020e-04 5.226961578211e-05
7.933820597840e-04 6.435149717927e-04 7.905463831446e-05
-4.610475576038e-05 7.196624924388e-04 1.000000000000e-04
1.953895244240e-03 7.196624924388e-04 1.000000000000e-04
4.436483670269e-04 5.807878988034e-04 1.841628825396e-05
1.442833128585e-03 6.629490900997e-04 6.335662284866e-05
1.596995699392e-03 7.158260869868e-04 9.962213355090e-05
1.775606278032e-03 7.949300266201e-04 9.352559823689e-05
1.004859511997e-04 5.960404994508e-04 3.033330361959e-05
1.872929439398e-04 5.784531864907e-04 2.715375596827e-05
6.754095967718e-04 6.438703317393e-04 3.891836856025e-05
1.464499269138e-03 7.679257824085e-04 4.274950088852e-05
9.315429742686e-04 6.690708198193e-04 5.211057528526e-05
4.724104813542e-05 6.256178252909e-04 3.057513509108e-05
1.642255730696e-03 8.842996287791e-04 6.700257457058e-05
1.302772556496e-03 7.369769627697e-04 9.506398750821e-05
1.407049265893e-03 8.315174645414e-04 4.295000266550e-05
1.205036680228e-03 5.399719316196e-04 1.295951105553e-05
1.313192813159e-03 9.007876338826e-04 6.907777353815e-05
9.496302712257e-05 6.502689560181e-04 2.313767087340e-05
1.770845594939e-03 9.908571565622e-04 1.000000000000e-04
1.500736928336e-03 8.590322119612e-04 5.469445145093e-05
1.617474810877e-03 1.009814157555e-03 5.453790891042e-05
8.634965753196e-04 7.484600809994e-04 4.715757230282e-05
5.764215883684e-04 5.065493350565e-04 3.661171433369e-05
6.036605214773e-04 5.897622956912e-04 5.094604122074e-05
1.193966821332e-03 6.619538968018e-04 2.303515370259e-05
6.919886795089e-04 7.571056832017e-04 7.308889349679e-05
7.933030855057e-04 7.829279598987e-04 3.104192096711e-05
5.192048363676e-04 5.887480098909e-04 3.351573674810e-05
5.402275952649e-04 6.649606488391e-04 4.554059967031e-05
9.392314005244e-04 7.651455405158e-04 3.039349822543e-05
1.897190958552e-03 8.391619037426e-04 3.227050055591e-05
1.432112192662e-03 9.569747418518e-04 6.244716677108e-05
1.333700056335e-03 1.027636466952e-03 5.870574475201e-05
8.485868350314e-04 8.583119224719e-04 6.243923963163e-05
1.886051722355e-03 9.908571565622e-04 1.520612741550e-05
5.591738161566e-04 7.697675062563e-04 6.032815822583e-05
2.047713234715e-04 6.312116285595e-04 2.834059389128e-05
1.022325466604e-04 7.246469735793e-04 4.842102392085e-05
1.157983396104e-03 7.537208806050e-04 4.917246191889e-05
7.485720553257e-04 8.762939270249e-04 3.917920676139e-05
1.191870714600e-03 8.562048711610e-04 5.876881227763e-05
1.430461174245e-03 1.066623722558e-03 4.561453150755e-05
2.347159087310e-04 6.741839399769e-04 2.403590594325e-05
6.787516500684e-05 8.347096583762e-04 6.194836438916e-05
1.194852042809e-03 9.950839556954e-04 8.014226877421e-05
1.946649977906e-03 8.366268248397e-04 1.718851879866e-05
4.442974268761e-04 6.827285461896e-04 5.202115197119e-05
1.969681874112e-04 7.353293790776e-04 4.691498929390e-05
-2.076853696445e-05 8.906925642468e-04 4.289338134643e-05
1.979231463036e-03 8.906925642468e-04 4.289338134643e-05
1.901059254668e-03 9.118167674593e-04 3.808270229801e-05
1.264554041288e-03 1.063242489017e-03 1.734595747141e-05
7.873982048339e-04 9.574240596612e-04 5.076282071866e-05
1.533808236411e-03 1.087164618291e-03 5.940589065338e-05
1.086539149069e-03 7.507784059194e-04 2.227178511599e-05
6.215872200341e-04 8.552941214898e-04 4.555023851713e-05
1.454838156406e-04 7.719306075780e-04 1.566028624460e-05
1.668777161469e-03 1.113257670171e-03 5.937330655664e-05
1.954354007932e-03 9.713145997859e-04 4.147960240368e-05
1.796862233432e-03 1.173190123696e-03 8.203986342816e-05
1.289855800438e-03 1.117927854531e-03 4.166782470816e-05
1.220461768065e-03 1.099868258821e-03 2.772620766453e-05
1.235628406377e-03 1.145452896270e-03 1.914531687681e-05
1.057163838271e-03 9.950839556954e-04 5.754593576366e-05
1.679894358337e-03 1.215664295160e-03 4.240104240979e-05
4.495885096379e-04 7.852912996875e-04 5.035123266194e-05
6.431669915754e-04 1.001319221502e-03 1.000000000000e-04
1.740092250846e-03 1.312742740883e-03 6.861790731960e-05
1.444392442444e-03 1.184629972593e-03 7.286156377058e-05
5.047932233563e-04 8.518324845652e-04 3.610852503878e-05
3.490473072798e-04 7.355858079359e-04 5.018996969612e-05
1.915081845068e-03 1.060391161358e-03 5.586995639115e-05
4.162085352638e-05 9.157321223180e-04 2.322163346513e-05
9.779692612972e-05 9.287442668679e-04 3.444176080649e-05
1.187791967029e-03 1.147448271944e-03 2.873272040121e-05
1.897132326412e-03 1.173190123696e-03 1.823022955210e-05
1.835181328827e-03 1.312742740976e-03 2.647117066181e-05
3.985216140837e-04 9.118391939325e-04 8.593433672084e-05
1.903776203947e-03 1.324598985029e-03 4.314080686902e-05
7.888183437376e-04 1.070435357261e-03 6.121835072023e-05
2.751591471787e-04 7.024945122906e-04 2.533153313222e-05
6.994193920697e-04 1.137384361123e-03 4.723469285922e-05
9.279978330794e-04 8.583119224719e-04 1.697175841630e-05
1.601415662457e-03 1.342015270359e-03 7.311450657745e-05
1.895262868299e-04 9.513861782113e-04 6.004068075669e-05
1.270196852698e-03 1.238054241229e-03 7.967865072060e-05
7.688750339315e-04 1.154476836366e-03 2.429319608200e-05
8.423841984983e-04 1.170145110013e-03 5.086724613585e-05
-1.966130706113e-05 1.324598985029e-03 3.342168212301e-05
1.980338692939e-03 1.324598985029e-03 3.342168212301e-05
9.604840848984e-04 1.170145110120e-03 6.723264026423e-05
4.536301712431e-05 1.337401691665e-03 3.285102744114e-05
7.389526345734e-04 1.261209687367e-03 8.274833942775e-05
1.101090553685e-03 1.242958371418e-03 8.949883673997e-05
9.372680891427e-04 1.338205073725e-03 1.000000000000e-04
7.838495076293e-04 1.410996281374e-03 6.981146215484e-05
1.950594190652e-03 1.386678583205e-03 3.461393825147e-05
1.080578841457e-03 1.382912524432e-03 5.012243400050e-05
1.849327939042e-03 1.363347774947e-03 2.368794645756e-05
2.960777807451e-04 1.021931279487e-03 6.444852896156e-05
2.391155998394e-05 1.404612189586e-03 3.769977726123e-05
2.023911559984e-03 1.404612189586e-03 3.769977726123e-05
6.650322775427e-04 1.411153456958e-03 4.898868927633e-05
4.656370975990e-04 1.065200003691e-03 8.146944488926e-05
5.726389274954e-04 1.125586978042e-03 4.139624711808e-05
3.349536362837e-04 1.169026722184e-03 8.543817786737e-05
1.210662590690e-03 1.386181857156e-03 7.994114836599e-05
1.453103771621e-03 1.383305420946e-03 8.083773763784e-05
1.224404236968e-04 1.419770827676e-03 6.198834285997e-05
2.184132024145e-04 1.172679177114e-03 3.115947714092e-05
1.684597002795e-03 1.373850074075e-03 1.392801157430e-05
2.206887309589e-04 1.274634024542e-03 7.015543029300e-05
7.085062742110e-04 1.492482204004e-03 4.116893366503e-05
1.354287692433e-03 1.409816655983e-03 2.147288297020e-05
1.106948478336e-03 1.533226747491e-03 1.000000000000e-04
2.199485602920e-04 1.419770827752e-03 3.551979373524e-05
7.985129752505e-04 1.546980057076e-03 6.378067850151e-05
9.685272850704e-04 1.480907633638e-03 4.604767572095e-05
1.371674395374e-03 1.454729141084e-03 2.668756508822e-05
6.310147832358e-04 1.134864644786e-03 1.771226016838e-05
1.548529044115e-03 1.421357631924e-03 2.189469828712e-05
3.315567048644e-04 1.293012672229e-03 3.859429752435e-05
1.309301549162e-03 1.421153801741e-03 2.471390902027e-05
-3.972861743033e-05 1.499241332132e-03 7.633857944530e-05
1.960271382570e-03 1.499241332132e-03 7.633857944530e-05
1.679064827756e-03 1.445760276883e-03 5.647106071429e-05
1.954755949427e-04 1.480425299846e-03 2.988579484873e-05
6.649617238574e-04 1.609438004732e-03 8.363054266701e-05
1.884100083966e-03 1.409848916782e-03 3.437631324267e-05
1.799744552831e-03 1.419708009144e-03 5.055340673412e-05
5.087801871068e-04 1.171600090985e-03 3.334477351754e-05
7.649584136025e-04 1.623607694674e-03 1.623672492318e-05
7.098465035517e-05 1.504765328371e-03 3.451241152093e-05
1.503087748110e-04 1.556805672158e-03 5.884978378405e-05
1.582713004637e-03 1.476847525495e-03 4.327946411959e-05
5.456885697551e-04 1.612626333429e-03 3.568532945962e-05
1.219567144938e-03 1.533226747491e-03 1.261866660273e-05
5.647703828750e-04 1.697704628693e-03 4.800640700691e-05
6.784795839934e-04 1.792569765908e-03 1.000000000000e-04
9.282151812909e-04 1.600286993243e-03 7.644874671030e-05
3.099240549636e-04 1.503613809746e-03 8.688816197621e-05
4.477026932091e-04 1.179438737843e-03 2.779061664907e-05
1.496850196616e-03 1.503892391082e-03 4.673023763566e-05
1.582898013919e-03 1.622743222408e-03 1.000000000000e-04
4.994686507062e-04 1.815010629544e-03 7.752506162372e-05
2.331811848930e-04 1.583885526602e-03 2.416595381273e-05
8.253195730313e-04 1.641683021239e-03 3.401800866294e-05
5.841836576338e-04 1.890411420228e-03 3.588567937476e-05
1.398555984921e-03 1.622813337627e-03 8.434205013460e-05
1.028199734499e-03 1.627529310709e-03 2.285901711028e-05
1.068009082590e-03 1.650022395285e-03 2.286540797232e-05
3.457806611542e-04 1.795710766031e-03 7.266211196130e-05
1.729279501188e-03 1.622223321464e-03 4.638242066895e-05
3.993067632916e-04 -5.457509539794e-05 8.633279923781e-05
3.993067632916e-04 1.945424904602e-03 8.633279923781e-05
6.212544223261e-05 1.572124036653e-03 3.065414035028e-05
7.907304783229e-04 1.804929644958e-03 1.292969737931e-05
2.053323174229e-04 1.640455922653e-03 3.888774654429e-05
8.255089318047e-04 1.862645119493e-03 5.445465331850e-05
1.827781625590e-03 1.642974872701e-03 5.388338187553e-05
2.279466380889e-04 1.821979387336e-03 4.806443236140e-05
8.994953854767e-05 1.665286302008e-03 6.529241071496e-05
1.250643727129e-04 1.840053120829e-03 5.639331438525e-05
1.749068057734e-03 1.731095762351e-03 6.427383738713e-05
1.629329828665e-03 1.778167310481e-03 6.221157316890e-05
1.253252073927e-03 1.626714908283e-03 6.101423805874e-05
3.018700600239e-04 -1.085528460124e-06 2.482047556127e-05
3.018700600239e-04 1.998914471540e-03 2.482047556127e-05
6.521627756065e-04 1.929459743558e-03 3.656647116961e-05
1.147507588929e-03 1.701607140027e-03 6.856486323485e-05
7.531232815013e-04 -4.371092990345e-05 6.390466097724e-05
7.531232815013e-04 1.956289070097e-03 6.390466097724e-05
1.063611153898e-03 1.719530992550e-03 1.722486077730e-05
1.303491681768e-03 1.770116974934e-03 9.083540384088e-05
2.055132006247e-04 -5.283264009055e-05 7.640163569847e-05
2.055132006247e-04 1.947167359909e-03 7.640163569847e-05
2.683141742093e-06 1.600416492231e-03 3.330844621239e-05
2.002683141742e-03 1.600416492231e-03 3.330844621239e-05
1.945633366524e-03 1.613214580777e-03 2.515922242811e-05
5.804764351905e-04 1.959914651521e-03 3.371741962275e-05
1.451534361371e-03 1.768336960536e-03 5.721798297591e-05
1.164995960649e-03 1.830523773168e-03 6.026074767095e-05
9.597542745625e-04 1.773894733090e-03 1.000000000000e-04
7.211696007661e-06 1.651017947179e-03 1.744543182504e-05
2.007211696008e-03 1.651017947179e-03 1.744543182504e-05
1.527032119684e-03 -9.375880992954e-05 1.000000000000e-04
1.527032119684e-03 1.906241190070e-03 1.000000000000e-04
1.927840052924e-03 1.695686659848e-03 5.921048843004e-05
9.067057931949e-04 1.916241414010e-03 4.283628156573e-05
1.011574067784e-03 1.928318462455e-03 6.272520362481e-05
1.247657453417e-05 1.730670014809e-03 3.237104301175e-05
2.012476574534e-03 1.730670014809e-03 3.237104301175e-05
1.720613220161e-03 1.839402612401e-03 4.770867671721e-05
1.831703363845e-03 1.732598464385e-03 1.837513748992e-05
1.876511257674e-03 1.846329439671e-03 9.993692913204e-05
1.379479180433e-03 1.940089897036e-03 5.138564273199e-05
1.761802127181e-03 1.902862115399e-03 2.794637781603e-05
1.683110600286e-03 -5.708948668111e-05 6.032825982682e-05
1.683110600286e-03 1.942910513319e-03 6.032825982682e-05
1.792806795690e-03 -1.953994883730e-05 5.561673184765e-05
1.792806795690e-03 1.980460051163e-03 5.561673184765e-05
1.613078474439e-03 -4.260000174351e-06 1.685771164063e-05
1.613078474439e-03 1.995739999826e-03 1.685771164063e-05
4.980468750000e-04 1.337890625000e-03 5.009748833759e-05
4.882812500000e-05 1.181640625000e-03 1.000000000000e-04
2.048828125000e-03 1.181640625000e-03 1.000000000000e-04
1.947265625000e-03 2.871093750000e-04 4.394521434010e-05
1.798828125000e-03 3.808593750000e-04 4.484495464294e-05
4.980468750000e-04 1.486328125000e-03 6.037422652237e-05
4.199218750000e-04 1.646484375000e-03 5.317329983360e-05
1.712890625000e-03 5.605468750000e-04 3.879258450485e-05
1.033203125000e-03 8.496093750000e-04 3.786463375473e-05
9.160156250000e-04 9.980468750000e-04 3.554814133977e-05
2.753906250000e-04 2.792968750000e-04 3.110360061568e-05
2.929687500000e-05 1.935546875000e-03 1.737713539390e-05
1.900390625000e-03 1.738281250000e-04 2.818209333283e-05
5.839843750000e-04 1.248046875000e-03 5.658400685469e-05
