# 2D packing, generated 2026-09-28T19:12:25.364111+00:00
# generator = preprocess/generate_packing_gravity.py
# periodic axes = xy
# porosity_achieved = 0.424947  (target 0.425000)
# 256 distinct grains; 283 rows including 27 periodic edge images.
# Centres span [-R, L+R]: a grain need only be PARTLY inside.
# Do NOT drop the out-of-box rows -- they carry the conduction
# paths that cross the domain edge, and k_eff depends on them.
# header row is 'Lx Ly'; grain rows are 'x y r', all in metres
2.000000000000e-03 2.000000000000e-03
6.502422463185e-04 3.459838096217e-05 7.554595439790e-05
6.502422463185e-04 2.034598380962e-03 7.554595439790e-05
7.651764569927e-04 6.753663273748e-05 4.401495873540e-05
4.310753852872e-04 8.709975361674e-06 4.815900850437e-05
4.310753852872e-04 2.008709975362e-03 4.815900850437e-05
1.633843850495e-03 9.618305482551e-05 8.610043286158e-05
1.392685423749e-03 3.130069289671e-05 4.593657041172e-05
1.392685423749e-03 2.031300692897e-03 4.593657041172e-05
9.422339020691e-04 4.238653599392e-05 6.393660373759e-05
9.422339020691e-04 2.042386535994e-03 6.393660373759e-05
5.069291580976e-04 1.359774120397e-04 1.000000000000e-04
8.147985414956e-04 1.382302879291e-04 4.235603011723e-05
9.233403191101e-04 1.783961735867e-04 7.337908510333e-05
6.923690436559e-04 2.108901672659e-04 1.000000000000e-04
1.453651731910e-03 5.078919513436e-05 1.806884340028e-05
2.357697736789e-04 2.532600960482e-06 2.212471535118e-05
2.357697736789e-04 2.002532600960e-03 2.212471535118e-05
1.020189547922e-03 2.022241684410e-04 2.635831923677e-05
8.371335062068e-04 2.816556897394e-04 6.113543810388e-05
9.279268390356e-04 3.498045487933e-04 5.238894022975e-05
1.757335052441e-03 1.464005701090e-04 4.721081920678e-05
1.493299180728e-03 1.126483221296e-04 5.540545703376e-05
5.441372459797e-04 2.930945333660e-04 6.146370313105e-05
1.305887523973e-03 6.160254728442e-05 4.599861529304e-05
6.335773917207e-04 3.350261292795e-04 3.731788053802e-05
1.853095637635e-03 1.966382366909e-04 6.092762850405e-05
1.048532989996e-03 4.429519113434e-04 1.000000000000e-04
1.177002422863e-03 3.272587869501e-05 5.183620152486e-05
1.177002422863e-03 2.032725878695e-03 5.183620152486e-05
1.554239726353e-03 1.868900477597e-04 3.458335782521e-05
-2.324762143947e-05 2.211437570962e-04 6.513393403882e-05
1.976752378561e-03 2.211437570962e-04 6.513393403882e-05
8.665632756973e-04 3.891263525906e-04 1.992107309267e-05
1.888618793773e-03 3.029005138351e-04 5.111508916792e-05
9.460800133240e-04 5.435210441950e-04 4.356451633997e-05
1.660492418860e-03 2.792090403320e-04 9.885542404620e-05
1.378027580006e-03 1.638032666462e-04 7.070708647102e-05
1.465712198276e-03 2.261813570651e-04 3.582541628886e-05
3.291632609014e-04 7.176218937981e-05 4.813120128380e-05
1.759497333960e-04 9.277047945364e-06 3.739425228639e-05
1.759497333960e-04 2.009277047945e-03 3.739425228639e-05
2.296506805039e-04 8.044275998257e-05 5.175926864510e-05
1.235851199635e-03 8.784010129739e-05 2.879106544306e-05
9.005747802285e-05 2.494808942957e-04 5.166094000960e-05
1.543754451956e-03 3.140769188004e-04 2.297856997566e-05
3.575531058622e-04 1.687535149973e-04 5.292967499479e-05
1.188084287976e-03 1.212802930557e-04 2.951780538821e-05
8.617179341708e-04 5.758646794051e-04 4.678521196351e-05
-1.940560966257e-05 3.318656549357e-04 4.531359259868e-05
1.980594390337e-03 3.318656549357e-04 4.531359259868e-05
5.664358994517e-04 3.994307762924e-04 4.718630431388e-05
1.703619638791e-04 1.423220902464e-04 3.393905945237e-05
1.495330159701e-03 3.639772475260e-04 4.655527034506e-05
1.908210785986e-03 4.245808500504e-04 7.213243947534e-05
6.335646039799e-05 3.527689489371e-04 4.004745454707e-05
1.196799641528e-03 5.051740366740e-04 6.079395532877e-05
1.777222861834e-03 4.657348329392e-04 6.516828259239e-05
4.295817606500e-04 4.536036091034e-04 1.000000000000e-04
2.943660432402e-04 5.286342000912e-04 5.463806419982e-05
2.977701165872e-05 4.948221215009e-04 6.826765027688e-05
2.029777011659e-03 4.948221215009e-04 6.826765027688e-05
5.273527152812e-04 5.443955921489e-04 3.119838041621e-05
1.998774313260e-04 5.277174293829e-04 3.985505005629e-05
6.651401260509e-04 4.204238613208e-04 5.372595485431e-05
1.286717769962e-03 5.035525778397e-04 2.913908109428e-05
1.581898094211e-03 3.989460904433e-04 4.437177550150e-05
1.350051711593e-03 5.080210238217e-04 3.435252621655e-05
1.937715274185e-03 5.382379921528e-04 3.280741230512e-05
1.426308943135e-03 5.076004015099e-04 4.190601133068e-05
1.124289980224e-03 5.507168303731e-04 2.483199149405e-05
1.164967671683e-03 5.996932189876e-04 3.882258086966e-05
7.531144042815e-04 4.687913096617e-04 4.666786587451e-05
-1.534742913032e-05 6.036678242503e-04 4.771694890545e-05
1.984652570870e-03 6.036678242503e-04 4.771694890545e-05
5.415813231687e-05 6.596683247947e-04 4.154152778370e-05
1.524658035910e-03 5.805900641702e-04 8.056867980528e-05
-5.118177321453e-05 7.542067211458e-04 1.000000000000e-04
1.948818226785e-03 7.542067211458e-04 1.000000000000e-04
5.786550470765e-04 4.880646240134e-04 4.228652327298e-05
1.394775288298e-03 5.943612880370e-04 4.969462884183e-05
1.705984254044e-03 4.009596176207e-04 3.111655467407e-05
6.994589217024e-04 5.066199416430e-04 1.592017579172e-05
1.312067682121e-03 6.134942244477e-04 3.519716920232e-05
1.357187774338e-03 7.035989628600e-04 6.557329574650e-05
4.705695443096e-04 5.955144043728e-04 4.520490137701e-05
1.861519279440e-03 8.340183970581e-04 1.828359915003e-05
5.850702763330e-05 8.647490859191e-04 5.572812026476e-05
6.474120139092e-04 6.126350265667e-04 1.000000000000e-04
1.507871597627e-03 7.661657048071e-04 9.758372003571e-05
1.891934745049e-03 8.826001476431e-04 3.903382462372e-05
1.655581480921e-03 8.049811329234e-04 5.514102282651e-05
2.344062433384e-04 6.346454457598e-04 6.715512949526e-05
1.591485684272e-03 8.516071811312e-04 2.196359846959e-05
1.757581663537e-03 8.721869839213e-04 6.700914566370e-05
1.020057086765e-03 5.778449395053e-04 3.786594152840e-05
5.285550766744e-04 7.144803332367e-04 5.630348025242e-05
3.738252094679e-04 5.816337541883e-04 3.871536254841e-05
1.842082649277e-03 9.611743717566e-04 5.402067744862e-05
1.924388799342e-03 1.027573314183e-03 5.172960907213e-05
1.341150625492e-03 8.664440281197e-04 9.697121995841e-05
7.970130840669e-04 5.049059624000e-04 1.017729877196e-05
1.550103944056e-03 9.026224594914e-04 4.372511478796e-05
1.080304015356e-03 6.703822238066e-04 7.147188909554e-05
1.575237045230e-06 1.037163952375e-03 2.603359767820e-05
2.001575237045e-03 1.037163952375e-03 2.603359767820e-05
1.413865587178e-04 7.342601843816e-04 6.913782603146e-05
1.768559179111e-03 1.010276318778e-03 3.439143780731e-05
1.627591492809e-03 9.230056980625e-04 3.639851859401e-05
1.168501632811e-03 6.748954709619e-04 1.684112877052e-05
3.616468917154e-04 6.924917975467e-04 7.261748580809e-05
1.454676804872e-03 8.844025818919e-04 1.796660261591e-05
1.014365903747e-03 7.254274169692e-04 1.442227748664e-05
7.765364909350e-04 6.873748136299e-04 4.919526113588e-05
1.161287354431e-03 7.519792352996e-04 4.349059823098e-05
1.826595253204e-03 1.097958393290e-03 6.872555099115e-05
-8.881398281368e-06 1.163841448253e-03 1.000000000000e-04
1.991118601719e-03 1.163841448253e-03 1.000000000000e-04
2.472359675620e-04 7.752754549178e-04 4.356459356572e-05
1.452702666632e-03 9.412197946415e-04 3.732424959070e-05
3.105860391593e-04 8.072928532828e-04 2.741670939109e-05
1.040166219349e-03 7.794287899898e-04 4.472706212452e-05
6.161234337656e-04 7.449684809041e-04 3.598230382177e-05
1.531151808767e-03 1.017417357127e-03 7.203854532758e-05
1.120468184382e-03 8.556888860891e-04 6.601591889586e-05
1.830403538209e-04 8.595411235501e-04 6.236830846965e-05
1.043297325842e-03 9.335174426421e-04 4.358620527637e-05
1.707129847525e-03 1.162546122670e-03 6.708151046223e-05
7.172580715961e-04 8.358692582470e-04 1.000000000000e-04
5.667600591091e-04 8.076670867137e-04 4.381667421712e-05
5.721651272625e-04 9.217975997842e-04 6.862871454317e-05
1.836832510937e-03 1.239546140883e-03 7.185865886481e-05
1.365440322857e-03 1.063644670569e-03 1.000000000000e-04
9.372358392726e-04 6.437531121477e-04 5.471765606254e-05
-5.823424922965e-05 1.316771726302e-03 5.842501389580e-05
1.941765750770e-03 1.316771726302e-03 5.842501389580e-05
8.618951514461e-05 1.322711442265e-03 8.514361830853e-05
1.458689393415e-03 1.161852694063e-03 3.531751271744e-05
2.753203985816e-04 8.658366592904e-04 3.012623424126e-05
-1.655235939977e-05 1.436749059714e-03 6.835061725725e-05
1.983447640600e-03 1.436749059714e-03 6.835061725725e-05
3.563155415687e-04 8.710646191887e-04 5.103745685390e-05
6.643737820521e-04 1.019749604263e-03 6.589463438323e-05
4.763822679193e-04 9.786488984888e-04 4.275542551697e-05
1.232188396381e-03 1.105155454993e-03 3.955807026402e-05
1.384432726717e-03 1.218007540319e-03 5.552686913756e-05
1.848644244821e-03 1.352903608952e-03 4.146055983393e-05
8.584508122904e-04 8.636421710944e-04 4.389834961961e-05
9.835143156488e-04 9.937425753092e-04 4.127294221217e-05
1.322771746086e-03 1.273983860961e-03 2.775233041481e-05
5.399703791165e-04 1.021416825198e-03 3.387344361748e-05
3.866504090563e-04 9.647072875392e-04 4.739604110941e-05
1.630326407250e-03 1.017421947809e-03 2.713605327224e-05
1.203599982119e-03 9.268757737297e-04 4.343027229843e-05
1.247531332987e-03 1.330806557699e-03 6.653414129707e-05
1.111235712053e-03 1.413684557268e-03 9.298156121367e-05
1.883509217300e-03 1.418890615644e-03 3.317088028023e-05
1.032982758096e-03 1.040307533466e-03 2.666395590943e-05
1.912031642449e-03 1.496392207235e-03 2.304645921892e-05
5.769767943137e-04 1.098533746875e-03 5.166306539868e-05
2.303997984083e-04 1.347919845113e-03 6.125335407090e-05
1.451547311851e-03 1.256465578511e-03 2.182549518859e-05
-3.872087096740e-05 1.562770213573e-03 5.960557111697e-05
1.961279129033e-03 1.562770213573e-03 5.960557111697e-05
1.872731755445e-03 1.569672103271e-03 2.686912504995e-05
3.194360718796e-04 1.023405511032e-03 4.184099471817e-05
1.379853564513e-03 1.390897428233e-03 7.879337057217e-05
4.674704672444e-04 1.203462531000e-03 1.000000000000e-04
1.885926455735e-03 1.659308559385e-03 6.285949043217e-05
9.147875066860e-04 1.038224170302e-03 4.059271947413e-05
8.160334455185e-04 9.308004449072e-04 3.540255114130e-05
1.730197368145e-03 1.265202924476e-03 3.781961762236e-05
1.741481961575e-03 1.370198344132e-03 6.708833676729e-05
5.914580239399e-04 1.203462531107e-03 2.398755669552e-05
3.539666650756e-04 1.283803422754e-03 3.906031782880e-05
9.183321455248e-04 1.419170615075e-03 1.000000000000e-04
1.283219698473e-03 1.492535612929e-03 6.145079029065e-05
4.251431309535e-04 1.356317047468e-03 5.860676720188e-05
7.463486926139e-04 1.430096496047e-03 7.233015706175e-05
3.429114115306e-04 1.411759401476e-03 4.056939070513e-05
1.807987947394e-03 1.486740358588e-03 6.708550827406e-05
1.510503879139e-03 1.256411390459e-03 3.713109708637e-05
5.823605648465e-04 1.248587660955e-03 2.204548693347e-05
4.131549228293e-04 1.452903237831e-03 3.871686635072e-05
1.371868719948e-03 1.497528938758e-03 2.721093262286e-05
1.785760956156e-03 1.713327022485e-03 5.094357108604e-05
1.020815133252e-03 1.493229952710e-03 2.634427758743e-05
1.632549960392e-04 1.449838802655e-03 6.049654402805e-05
1.359501813773e-03 1.581214252961e-03 5.552297735818e-05
6.200910490959e-04 1.285935176387e-03 3.104336642265e-05
1.071636805987e-03 1.543703717609e-03 4.293405804481e-05
9.782712567888e-04 1.550131310222e-03 4.397474751383e-05
3.021103991366e-05 1.614800950732e-03 2.675886695068e-05
4.797036213958e-04 1.458850187576e-03 2.809702062025e-05
5.459911602498e-04 1.519691815732e-03 6.187931806886e-05
-1.328441980857e-05 1.662763544231e-03 3.798884374015e-05
1.986715580191e-03 1.662763544231e-03 3.798884374015e-05
1.499305007789e-03 1.390875921369e-03 4.065807469174e-05
1.612480295916e-03 1.062581807667e-03 2.098914095611e-05
1.188158724336e-03 1.521799106734e-03 3.801247365711e-05
1.949448603700e-03 1.698488542411e-03 1.177384906061e-05
1.237103148963e-03 1.600043020387e-03 5.426172528807e-05
1.103596973537e-03 1.683018801052e-03 1.000000000000e-04
1.318929971466e-03 1.731351930034e-03 1.000000000000e-04
6.764101106871e-04 1.313228786787e-03 3.154079984277e-05
1.185575697814e-03 1.821629134579e-03 6.103830597518e-05
9.863470164106e-04 1.747634980513e-03 3.387607374001e-05
1.193464834789e-04 1.615381313601e-03 6.237850810920e-05
1.287099900616e-03 1.879583805073e-03 5.161082481446e-05
1.670179519116e-03 1.803157201688e-03 9.544135891658e-05
1.854808552484e-03 1.741846309450e-03 2.216998831978e-05
1.806642371000e-03 1.879270972811e-03 5.107561379323e-05
2.303480577303e-04 1.674859167833e-03 6.355392158713e-05
1.088658370191e-03 1.852972220961e-03 4.078085603967e-05
1.210714641662e-03 1.909610700985e-03 3.046427668945e-05
1.255119724176e-03 1.957045812718e-03 3.177549739315e-05
1.200730089660e-03 1.961946002184e-03 2.281494148352e-05
6.296651499674e-04 1.526928053420e-03 2.210698850030e-05
1.469648567369e-03 1.456729576760e-03 3.153432882315e-05
9.502382386060e-04 1.878645475564e-03 1.000000000000e-04
1.935561901993e-03 1.739433790390e-03 3.139405815525e-05
8.355214880810e-04 1.934235744654e-03 2.321253434670e-05
4.444932839847e-04 1.524881045247e-03 3.915488462468e-05
6.982980654783e-04 1.536329585962e-03 4.426457770470e-05
2.870082376423e-04 1.451513068911e-03 2.802739438926e-05
8.021133520625e-04 1.598343128823e-03 7.589223289531e-05
1.091171961353e-03 -2.470036927659e-05 5.143355274544e-05
1.091171961353e-03 1.975299630723e-03 5.143355274544e-05
1.322287369183e-03 -3.240466297136e-05 3.621556818926e-05
1.322287369183e-03 1.967595337029e-03 3.621556818926e-05
4.657973243701e-05 1.660261641222e-03 2.155896166266e-05
4.726109262793e-04 1.636124293229e-03 7.558687775890e-05
1.524004983248e-03 1.503237801962e-03 4.000331831960e-05
7.678119534877e-05 1.686854442560e-03 1.868168648097e-05
8.502857360388e-04 -4.871080873338e-06 3.944496175683e-05
8.502857360388e-04 1.995128919127e-03 3.944496175683e-05
5.896643218918e-04 1.716713717551e-03 6.652637889433e-05
1.219194463230e-04 1.741477437121e-03 5.217833345955e-05
4.827033970249e-04 1.751838706762e-03 4.056684477161e-05
4.120999638543e-04 1.780186316461e-03 3.551490486878e-05
7.056197354165e-04 1.684878095449e-03 5.372000972513e-05
1.458215869650e-03 1.558184577177e-03 4.571339868696e-05
1.575700366635e-03 1.867737731354e-03 1.608961491602e-05
3.258945415875e-04 1.710043187858e-03 3.826478830525e-05
5.441929353557e-04 1.860587266237e-03 8.436203104983e-05
6.610448340874e-04 1.915001190090e-03 4.453816662359e-05
4.277207056473e-04 1.910956093096e-03 3.640309149929e-05
2.691571804673e-05 1.800470936786e-03 5.965164810277e-05
2.026915718047e-03 1.800470936786e-03 5.965164810277e-05
1.521788670309e-03 1.889933831414e-03 3.526204751693e-05
1.889819480489e-03 1.807282581526e-03 5.043397995876e-05
1.903933440407e-03 1.916084853700e-03 5.294752792315e-05
1.602855785837e-03 -5.146713403667e-05 6.476658925041e-05
1.602855785837e-03 1.948532865963e-03 6.476658925041e-05
2.811083823105e-04 1.742758655602e-03 1.547125103562e-05
2.170105707791e-04 1.794240748784e-03 5.657048566304e-05
4.812108004601e-04 1.952564895360e-03 2.711314629483e-05
3.011021692642e-04 1.829840526797e-03 2.810608997823e-05
2.278878726601e-04 1.905305044874e-03 5.502538348430e-05
7.908963868095e-07 1.921211804278e-03 4.404552544209e-05
2.000790896387e-03 1.921211804278e-03 4.404552544209e-05
1.735407727003e-03 1.940323229789e-03 4.274204226026e-05
3.763843191176e-04 1.733187303267e-03 1.727680716955e-05
3.332105707295e-04 -4.274932307030e-05 6.241109262803e-05
3.332105707295e-04 1.957250676930e-03 6.241109262803e-05
1.824361318120e-03 -2.308075536189e-05 4.721506871859e-05
1.824361318120e-03 1.976919244638e-03 4.721506871859e-05
5.779897070640e-04 1.967964052460e-03 2.262459284769e-05
5.432574385385e-04 1.966853599778e-03 1.212542272190e-05
1.225135675676e-04 1.838289158109e-03 4.024039069192e-05
1.956942793193e-03 -4.911450126520e-06 4.186390182568e-05
1.956942793193e-03 1.995088549873e-03 4.186390182568e-05
8.105468750000e-04 1.193359375000e-03 6.143104140413e-05
1.013671875000e-03 1.201171875000e-03 5.690844916142e-05
1.248046875000e-03 3.183593750000e-04 9.993785561351e-05
2.207031250000e-04 1.158203125000e-03 6.595006282096e-05
2.519531250000e-04 3.183593750000e-04 5.806945704206e-05
1.744140625000e-03 6.503906250000e-04 5.036266145278e-05
1.654296875000e-03 1.591796875000e-03 6.643373999827e-05
1.269531250000e-04 1.013671875000e-03 2.054405400264e-05
1.513671875000e-03 1.689453125000e-03 2.366690018230e-05
7.636718750000e-04 1.822265625000e-03 2.301525135344e-05
5.664062500000e-05 8.398437500000e-05 3.599487937398e-05
1.158203125000e-03 1.205078125000e-03 1.906057058569e-05
