# 2D packing, generated 2026-09-30T17:09:06.084812+00:00
# generator = preprocess/generate_packing_gravity.py
# periodic axes = xy
# porosity_achieved = 0.324921  (target 0.325000)
# 80 distinct grains; 96 rows including 16 periodic edge images.
# Centres span [-R, L+R]: a grain need only be PARTLY inside.
# Do NOT drop the out-of-box rows -- they carry the conduction
# paths that cross the domain edge, and k_eff depends on them.
# header row is 'Lx Ly'; grain rows are 'x y r', all in metres
1.000000000000e-03 1.000000000000e-03
3.673896470123e-04 3.026978330645e-05 6.195509000062e-05
3.673896470123e-04 1.030269783306e-03 6.195509000062e-05
5.909047543587e-04 3.639755445326e-05 3.273102368537e-05
5.352566099490e-04 8.818440250271e-05 4.127515427190e-05
4.574421478041e-04 6.834465109606e-05 2.226802914138e-05
2.154062455025e-04 7.116647333001e-05 5.492585665773e-05
8.315983985394e-04 2.731056096640e-05 5.551951399461e-05
8.315983985394e-04 1.027310560966e-03 5.551951399461e-05
1.335950781574e-04 7.472917065405e-05 2.696301393928e-05
9.283426408014e-04 3.140801345527e-05 3.356698133318e-05
9.283426408014e-04 1.031408013455e-03 3.356698133318e-05
8.973125754901e-04 1.166901231810e-04 5.541767194972e-05
7.518076007231e-04 5.839079388413e-05 3.011080962788e-05
9.561687727483e-04 1.759444342874e-04 2.809954396731e-05
4.339127074628e-04 1.482340337124e-04 6.076754123471e-05
1.512559277165e-04 1.467819496927e-04 4.423548778463e-05
3.546732879961e-05 2.934413468412e-05 4.157830027390e-05
3.546732879961e-05 1.029344134684e-03 4.157830027390e-05
1.035467328800e-03 2.934413468412e-05 4.157830027390e-05
1.035467328800e-03 1.029344134684e-03 4.157830027390e-05
7.928195879682e-04 1.273280558703e-04 4.791821022327e-05
5.174838241496e-04 1.497635458040e-04 2.281758996245e-05
7.063641585947e-04 1.273655761514e-04 3.853722729257e-05
7.415893485553e-04 2.175609615333e-04 5.582315479207e-05
3.019760258574e-04 1.067168068213e-04 3.865959256479e-05
2.697931593225e-04 2.415887577288e-04 1.000000000000e-04
1.453027619494e-04 2.871754482008e-04 3.257462383823e-05
1.879822521886e-04 3.368297084883e-04 2.555485061775e-05
8.447026848776e-04 1.672216833493e-04 1.752915227916e-05
6.550854761368e-04 2.623983617731e-04 4.161047597093e-05
5.946571929376e-04 3.056010506176e-04 3.267310050327e-05
4.362571465509e-04 3.524473082691e-04 1.000000000000e-04
7.230189537690e-04 3.109064744358e-04 3.935165459330e-05
7.924767413573e-04 3.173474003743e-04 3.040413214591e-05
7.629470265347e-04 4.041021797327e-04 6.123862970155e-05
2.776546011298e-04 4.053934388954e-04 6.399342907789e-05
8.863617197917e-04 2.567969808428e-04 7.871880149732e-05
1.274200588996e-04 3.582891874874e-04 3.869733134853e-05
6.536627606253e-04 3.457618950443e-04 3.827039042738e-05
2.054986182135e-05 3.757364075622e-04 6.958791309820e-05
1.020549861821e-03 3.757364075622e-04 6.958791309820e-05
8.971250034601e-04 4.935122810426e-04 1.000000000000e-04
7.482305489606e-04 5.183836737466e-04 5.095742696444e-05
5.605493462800e-04 4.874800996840e-04 8.352784640870e-05
6.771969380170e-04 5.423826045851e-04 2.402072028579e-05
4.065085385240e-04 5.240296230483e-04 7.300876879990e-05
4.958325125517e-04 5.823143904907e-04 3.128432046736e-05
2.862303576903e-04 6.003743604994e-04 6.893447046923e-05
5.216961918649e-05 5.353501573846e-04 6.039238401295e-05
1.052169619186e-03 5.353501573846e-04 6.039238401295e-05
1.369635734683e-04 5.718523105183e-04 3.192458012619e-05
-1.888577168748e-05 6.164611404314e-04 4.744017208159e-05
9.811142283125e-04 6.164611404314e-04 4.744017208159e-05
9.032194996122e-05 6.374345502296e-04 4.818809686913e-05
9.016413914567e-04 6.533858340982e-04 4.019181303567e-05
4.425507212843e-04 6.349163710251e-04 4.358849387702e-05
1.819872754641e-04 6.295680938775e-04 3.931941263125e-05
3.658239345562e-04 6.275861365024e-04 1.171875256632e-05
3.594980938057e-04 6.733334550106e-04 3.446387010514e-05
5.394666558613e-04 6.742240907366e-04 6.085414990457e-05
2.295280304034e-04 7.132531893282e-04 5.492491234228e-05
7.977653129120e-04 5.980510761535e-04 4.285402140924e-05
8.270872303283e-04 6.847741130842e-04 3.941200526165e-05
4.169703068482e-04 7.053016109564e-04 3.130121607479e-05
4.760272069692e-04 8.070644960899e-04 8.635711048664e-05
6.357603273346e-04 5.703911502360e-04 2.599399089327e-05
1.480267303756e-04 6.892129079109e-04 2.931603531168e-05
3.248929276376e-04 7.448059718284e-04 4.494546114740e-05
6.883308405778e-04 6.007546666630e-04 3.471516815593e-05
3.816693283077e-04 9.092089570755e-04 4.569885282013e-05
2.899877892510e-04 9.427345138685e-04 5.192013899037e-05
8.992037893150e-04 7.543304052919e-04 6.078218560999e-05
4.975224110937e-04 -2.753152444223e-05 8.043809313183e-05
4.975224110937e-04 9.724684755578e-04 8.043809313183e-05
7.640467007767e-04 7.153869123905e-04 3.066831901161e-05
1.545661774458e-04 7.482493493941e-04 2.780362335244e-05
6.333188961269e-04 6.198564895071e-04 2.351878816022e-05
7.866256101315e-04 8.070189717835e-04 6.313990066986e-05
1.048728271944e-04 7.695345635960e-04 2.625643031775e-05
6.700216433403e-04 6.702218074457e-04 3.712430812288e-05
6.520353799667e-04 8.264988696171e-04 7.285296844142e-05
7.405848394051e-04 9.094896449708e-04 4.768503824973e-05
1.477266694627e-04 -4.915744398130e-05 8.312635812660e-05
1.477266694627e-04 9.508425560187e-04 8.312635812660e-05
4.305809110056e-06 7.989688120652e-04 4.945090526821e-05
1.004305809110e-03 7.989688120652e-04 4.945090526821e-05
5.699087261441e-04 8.887757035865e-04 3.021638854916e-05
-8.719629830977e-05 9.054341748624e-04 9.093237174824e-05
9.128037016902e-04 9.054341748624e-04 9.093237174824e-05
6.549013999759e-04 -2.824591468348e-05 5.823246092375e-05
6.549013999759e-04 9.717540853165e-04 5.823246092375e-05
9.356768204628e-06 9.686632808712e-04 2.448172854396e-05
1.009356768205e-03 9.686632808712e-04 2.448172854396e-05
5.175781250000e-05 2.255859375000e-04 6.945452982143e-05
1.051757812500e-03 2.255859375000e-04 6.945452982143e-05
1.591796875000e-04 4.638671875000e-04 3.587971648110e-05
