# 2D packing, generated 2026-09-28T18:45:49.543673+00:00
# generator = preprocess/generate_packing_gravity.py
# periodic axes = xy
# porosity_achieved = 0.324952  (target 0.325000)
# 311 distinct grains; 345 rows including 34 periodic edge images.
# Centres span [-R, L+R]: a grain need only be PARTLY inside.
# Do NOT drop the out-of-box rows -- they carry the conduction
# paths that cross the domain edge, and k_eff depends on them.
# header row is 'Lx Ly'; grain rows are 'x y r', all in metres
2.000000000000e-03 2.000000000000e-03
1.415273998341e-03 4.298119071872e-05 2.212350020271e-05
1.379688415318e-03 8.911026414700e-05 3.613653941051e-05
7.613087707487e-04 1.924732405597e-05 3.778969297567e-05
7.613087707487e-04 2.019247324056e-03 3.778969297567e-05
8.763116101678e-04 5.141363593189e-05 6.161833321616e-05
8.763116101678e-04 2.051413635932e-03 6.161833321616e-05
1.794266784818e-03 8.628612915916e-05 1.000000000000e-04
1.794266784818e-03 2.086286129159e-03 1.000000000000e-04
-4.630111584556e-06 2.014802089231e-05 6.734578335878e-05
-4.630111584556e-06 2.020148020892e-03 6.734578335878e-05
1.995369888415e-03 2.014802089231e-05 6.734578335878e-05
1.995369888415e-03 2.020148020892e-03 6.734578335878e-05
7.769439137991e-04 1.091739751897e-04 5.331787444194e-05
1.204410283962e-03 7.850055081986e-05 5.563628974023e-05
6.285828502089e-04 1.237825869113e-04 9.576100442760e-05
7.433554839886e-04 1.862032991204e-04 3.071628141833e-05
1.548932435842e-03 4.563451937200e-05 6.537436053101e-05
1.548932435842e-03 2.045634519372e-03 6.537436053101e-05
9.944002066647e-04 8.070961702505e-05 6.005085117641e-05
1.643865567451e-03 1.172839133795e-04 5.356233005173e-05
4.220784438946e-04 2.996777079163e-05 6.564630501885e-05
4.220784438946e-04 2.029967770792e-03 6.564630501885e-05
-5.630458749363e-05 1.326438157936e-04 5.645064783115e-05
1.943695412506e-03 1.326438157936e-04 5.645064783115e-05
7.014010192808e-04 2.464321576296e-04 4.268475649295e-05
4.870639618394e-04 1.782735812796e-04 5.588627377664e-05
1.973309597213e-05 1.598885046984e-04 2.432063812120e-05
2.019733095972e-03 1.598885046984e-04 2.432063812120e-05
1.878242986956e-03 1.834303833958e-04 2.639436569484e-05
1.831357273848e-03 2.121188727488e-04 2.857198957475e-05
1.104258900823e-03 2.316139346896e-05 3.712285286408e-05
1.104258900823e-03 2.023161393469e-03 3.712285286408e-05
1.278750724598e-03 1.027919290696e-04 2.133364962982e-05
1.068907598179e-03 6.340179328063e-05 1.644129486235e-05
1.510595732886e-04 1.789717817663e-05 2.844436980118e-05
1.510595732886e-04 2.017897178177e-03 2.844436980118e-05
1.079090339875e-03 1.071874990669e-04 2.851338754585e-05
1.250657936946e-03 1.771908448770e-04 5.335290998240e-05
1.690697112891e-03 2.233888374331e-04 6.241805449136e-05
1.784205590516e-03 2.582058657365e-04 3.736201607546e-05
-1.487275404105e-05 2.153944136808e-04 3.609263504189e-05
1.985127245959e-03 2.153944136808e-04 3.609263504189e-05
8.556477846064e-04 1.425041163828e-04 3.178662963282e-05
1.043590266410e-03 1.397250558029e-04 1.677695346578e-05
5.551162647741e-04 2.116215637971e-04 1.875123031458e-05
1.541767936367e-03 1.504756346971e-04 3.971127046653e-05
1.091715779993e-03 1.817622634210e-04 4.712295127588e-05
1.734747389818e-03 3.071673530067e-04 3.223210440078e-05
9.766490291981e-05 7.111788335323e-05 4.694418573791e-05
1.367644518387e-03 1.887724358783e-04 6.420563773480e-05
3.137235325220e-04 3.544277676285e-05 4.284684064581e-05
3.137235325220e-04 2.035442776763e-03 4.284684064581e-05
7.792976796586e-05 1.654133323868e-04 3.413769192792e-05
1.596709244718e-03 1.737313867052e-04 1.994924743674e-05
5.300665240393e-04 2.579154470445e-04 3.388547520299e-05
6.004872040519e-04 2.516605083716e-04 3.452585819478e-05
9.298363258461e-04 1.635941714360e-04 4.501282295203e-05
8.603963183956e-04 2.084644179674e-04 3.434445339849e-05
2.510921573671e-04 8.034257240095e-05 3.421599763117e-05
7.922613947461e-04 2.502251349695e-04 4.557005285986e-05
7.399683870737e-04 3.351950875411e-04 5.409493470218e-05
8.239333704402e-04 3.675607951936e-04 3.589207596949e-05
1.130424993188e-03 9.672651034786e-05 2.056096722173e-05
1.862969659044e-03 2.822056417158e-04 4.497733286181e-05
1.943874994747e-04 5.433484013132e-05 2.816845975095e-05
3.481963398402e-04 1.219731787616e-04 5.029759014186e-05
1.567758926123e-03 2.549943910846e-04 6.451779984589e-05
2.476890476376e-04 1.805186743440e-04 6.601789425598e-05
1.000399185946e-03 2.519764132730e-04 6.806725872806e-05
1.472535898914e-03 2.867743553195e-04 3.586842072051e-05
1.645908976513e-03 4.051115440913e-04 1.000000000000e-04
1.781160755060e-03 5.108936498335e-04 7.170584627184e-05
1.891135725021e-03 6.194099589566e-04 8.279426196097e-05
8.976428167759e-04 2.680702943857e-04 3.594188714372e-05
9.097451490140e-04 3.810815328190e-04 5.097836562734e-05
7.764879690015e-04 4.119895946125e-04 2.903737891802e-05
6.988219390529e-04 4.334727508421e-04 5.154511427715e-05
4.375212053259e-04 3.039211190682e-04 6.946428470228e-05
1.169015790571e-03 2.407675701316e-04 5.012397537596e-05
5.971855450280e-05 2.413592768243e-04 4.288862324589e-05
5.528060716950e-04 3.724280882525e-04 6.463876681276e-05
1.381112310671e-03 3.128152339443e-04 5.919157124288e-05
3.208127823476e-04 3.217230732211e-04 4.859407365071e-05
3.748074951082e-04 3.769088465994e-04 2.676576412739e-05
8.450743454319e-04 4.260734816503e-04 2.632268359622e-05
1.082566458406e-03 3.003180280589e-04 2.726569999583e-05
3.166583344287e-04 4.111533578628e-04 4.071766346434e-05
9.057651926367e-04 5.125671992848e-04 7.933971743450e-05
1.522034943680e-04 2.459017614821e-04 4.970782161108e-05
7.403079493695e-04 5.817717465888e-04 1.000000000000e-04
1.516776938514e-03 3.376622189902e-04 3.142096451131e-05
6.083105756245e-04 6.493359951475e-04 4.828430246955e-05
1.457340846291e-03 3.999892820288e-04 5.470285243717e-05
2.162863780179e-04 3.303297839527e-04 5.628610327313e-05
8.582215479214e-04 6.036495591947e-04 1.992604140830e-05
4.506530138574e-04 4.242306641152e-04 4.985770908080e-05
6.802070925020e-04 7.089093061496e-04 4.062742281397e-05
1.793558329435e-03 5.981649926541e-04 1.644168425901e-05
8.765858829703e-04 7.115021649207e-04 8.815327960752e-05
1.971291805399e-04 4.854372954659e-04 1.000000000000e-04
1.151028075938e-03 3.413307027628e-04 5.203534515017e-05
5.383076456076e-04 5.087637363149e-04 7.191739002725e-05
3.651454990142e-04 5.798098635908e-04 9.270617272643e-05
7.707741753718e-04 7.986008433716e-04 4.889524191971e-05
4.934057467473e-06 2.626542192048e-04 1.511904449512e-05
2.004934057467e-03 2.626542192048e-04 1.511904449512e-05
1.271807170514e-03 3.565894511241e-04 5.855306040990e-05
1.197721591778e-03 4.221016471992e-04 4.034346416655e-05
7.544536859114e-05 6.441604561594e-04 1.000000000000e-04
2.075445368591e-03 6.441604561594e-04 1.000000000000e-04
4.913442212682e-04 6.855583793172e-04 7.194153959091e-05
5.968971843792e-04 7.527885216100e-04 5.320366373620e-05
6.800155800610e-04 7.970584866367e-04 4.096904152790e-05
7.091645795533e-04 9.307028407375e-04 9.581720893406e-05
8.501142285230e-04 9.623659405086e-04 4.864508962779e-05
2.423895715375e-04 6.060885168223e-04 2.886124555285e-05
5.338175420481e-04 8.015860119203e-04 2.654052541217e-05
5.563898513662e-04 8.878698344953e-04 6.264695793677e-05
1.094842889666e-03 3.810113816405e-04 1.674937538160e-05
1.255292141586e-03 4.610573938016e-04 2.916853798793e-05
5.852330562232e-04 9.820568561562e-04 3.585748620542e-05
6.355576963459e-04 1.063826637241e-03 5.630089939812e-05
2.359345419796e-04 7.138307548677e-04 7.487891779103e-05
1.519219669892e-03 4.972349011447e-04 5.664256851193e-05
1.426288364391e-03 4.963744516208e-04 3.629272165469e-05
1.695602081096e-03 6.611192557451e-04 1.000000000000e-04
1.817263433408e-03 7.035764913044e-04 2.885324695800e-05
-1.419559279764e-05 7.210619127844e-04 1.810731211245e-05
1.985804407202e-03 7.210619127844e-04 1.810731211245e-05
7.995196479327e-04 1.049963321044e-03 5.251324434689e-05
7.274039007082e-04 1.044673273561e-03 1.960346751921e-05
1.083412817953e-03 4.952577280764e-04 9.537060935372e-05
1.311294601907e-03 4.610546413194e-04 2.683392259858e-05
1.224360783133e-03 5.311990369715e-04 4.749044101895e-05
7.457414133039e-04 1.103449514784e-03 2.333444144867e-05
9.819130898539e-04 7.496864851541e-04 2.388181677560e-05
1.908144587552e-03 7.783836822017e-04 7.708677546256e-05
1.456953324115e-04 7.362346787499e-04 1.577244890736e-05
4.506155413192e-05 8.032337536640e-04 6.194904903534e-05
2.045061554132e-03 8.032337536640e-04 6.194904903534e-05
3.220152993844e-04 7.763494864613e-04 3.150946783193e-05
7.782000782669e-04 1.127021982147e-03 1.678071561225e-05
1.349193453669e-03 5.216327438134e-04 4.462256402017e-05
9.929447793753e-04 5.739924987134e-04 2.456116691622e-05
1.176071477845e-03 6.705603413410e-04 1.000000000000e-04
1.315844029060e-03 6.757695014557e-04 3.986953267155e-05
1.712268451136e-04 8.556036242373e-04 7.465360548904e-05
2.737148789385e-04 8.556014882527e-04 2.783442945404e-05
1.055916502872e-03 7.237635420436e-04 3.140699594012e-05
1.424277006367e-03 5.958202658574e-04 6.092992684280e-05
1.095272917394e-03 7.837382825011e-04 3.905989266770e-05
5.472309591168e-04 1.063822247931e-03 3.202583799241e-05
1.507283520529e-03 6.463764633181e-04 3.626066170258e-05
1.275493890006e-03 7.471345349459e-04 2.549272158984e-05
1.770956358175e-03 8.694807906393e-04 8.759259018236e-05
7.012226493525e-04 1.105635927055e-03 2.123797987190e-05
9.551729764006e-04 9.690112841332e-04 5.662361987888e-05
-2.678782199933e-05 8.859985788243e-04 4.765182262506e-05
1.973212178001e-03 8.859985788243e-04 4.765182262506e-05
1.389974868166e-03 6.845499458534e-04 3.419942088767e-05
3.746212649546e-04 7.934555420514e-04 2.380784185884e-05
1.471513582286e-03 7.475199926620e-04 6.882382258614e-05
1.632325320107e-03 8.697582565391e-04 5.103872555637e-05
4.366340723433e-04 7.949623772278e-04 3.822326995189e-05
2.685803075971e-04 9.362287437984e-04 5.175093257507e-05
1.368422960043e-03 7.725196946289e-04 3.725472850564e-05
1.160691727177e-03 7.991587647044e-04 2.815153144037e-05
9.262991945841e-04 1.104085097834e-03 8.150132147578e-05
1.674484588321e-03 9.449211481921e-04 3.487393563319e-05
1.025505474678e-03 1.183899295099e-03 4.582578520272e-05
1.919909676875e-03 9.356816330087e-04 2.521492821840e-05
1.622132796549e-03 9.786826113497e-04 2.742009702697e-05
5.695456099170e-04 1.137395512832e-03 4.254228541518e-05
1.862134637384e-03 9.378778822344e-04 2.638767367666e-05
1.235260616045e-03 7.956557362371e-04 3.753919185931e-05
7.314195856399e-04 1.181021553364e-03 5.466414552615e-05
1.580420456248e-03 9.828196928089e-04 1.449690165136e-05
1.306427912914e-03 8.268138873077e-04 4.015002567889e-05
3.985880142663e-04 9.463144298599e-04 7.864739982412e-05
1.898485608956e-03 1.020935007790e-03 6.268916248744e-05
1.239953430406e-03 8.899217954055e-04 5.150947949734e-05
1.588432581531e-03 1.034944494511e-03 3.816270555251e-05
4.928431773477e-04 1.157721728526e-03 3.680768791703e-05
3.165645651288e-05 8.747189684581e-04 1.078218870455e-05
-1.021630791581e-05 1.065756610452e-03 3.901785062244e-05
1.989783692084e-03 1.065756610452e-03 3.901785062244e-05
1.767983957001e-03 1.026048564709e-03 6.791263747498e-05
1.480654299562e-03 1.092514506456e-03 8.402757370575e-05
3.041668478508e-04 1.019116501863e-03 3.845318302906e-05
1.663915848972e-03 1.139322262055e-03 8.590901903480e-05
1.871261059306e-04 9.666508209287e-04 3.519529387280e-05
1.930408122451e-03 1.123009793723e-03 4.345508647416e-05
1.290833961419e-04 1.023034762858e-03 4.572506862696e-05
1.337559073727e-03 9.119274363539e-04 4.854605429104e-05
6.100611595516e-04 1.276902366484e-03 1.000000000000e-04
9.563556069542e-04 1.214934185477e-03 2.996912641464e-05
7.471509428986e-04 1.352738056460e-03 5.666712648711e-05
2.205382706950e-04 1.054983725823e-03 5.114676824656e-05
8.462343477333e-04 1.365505642186e-03 4.323548788754e-05
8.637374011864e-05 1.153230010733e-03 9.129421197526e-05
2.086373740119e-03 1.153230010733e-03 9.129421197526e-05
1.536438113819e-03 1.254605397037e-03 8.596527955909e-05
1.781568216398e-03 1.220302006955e-03 5.686287093524e-05
7.997762485415e-04 1.433348205730e-03 3.898962025296e-05
1.687828805461e-03 1.309689519696e-03 7.266401758262e-05
1.372563902467e-03 1.116413818523e-03 2.667342477369e-05
-3.983403661534e-05 1.213323945642e-03 4.849020751893e-05
1.960165963385e-03 1.213323945642e-03 4.849020751893e-05
1.164090141889e-03 9.144349293364e-04 2.821587581552e-05
1.197712385351e-03 9.447334958114e-04 1.704402239324e-05
1.125615012535e-03 8.371649549120e-04 2.238155965661e-05
6.450039646937e-04 1.473826210527e-03 1.000000000000e-04
8.194990927224e-04 1.571557731751e-03 1.000000000000e-04
2.207228030077e-04 1.241534018140e-03 6.947664654314e-05
1.121573676031e-03 9.264758892204e-04 1.597274923615e-05
1.805833066290e-03 1.361152241780e-03 5.569778098854e-05
1.590876053645e-03 1.379682594593e-03 4.671162940459e-05
7.110636310518e-04 1.651174635903e-03 3.436678402431e-05
2.133108999799e-05 1.244437454087e-03 2.012349298346e-05
-8.285273187536e-06 1.280998575673e-03 2.617692061480e-05
1.991714726812e-03 1.280998575673e-03 2.617692061480e-05
3.221692720403e-04 1.296614017697e-03 4.595815187124e-05
4.207514990309e-04 1.297364729199e-03 5.262693399960e-05
2.355877730206e-04 1.401450548911e-03 9.000895549815e-05
1.098646966683e-03 1.223625520336e-03 3.740792686289e-05
1.191573489996e-03 1.281672348385e-03 7.215836805257e-05
5.026087839503e-04 1.485457313545e-03 4.286941624732e-05
1.681118536437e-03 1.448797060706e-03 6.660537881335e-05
4.063265711102e-05 1.309790193141e-03 3.058504852942e-05
1.417277041195e-03 1.282685367685e-03 3.645957968282e-05
3.970746716810e-04 1.579898476074e-03 9.875184661582e-05
9.416153986383e-04 1.601594652801e-03 2.575614817835e-05
1.360877178113e-03 1.303820184015e-03 2.377018936163e-05
1.203856270730e-04 1.276797237869e-03 3.685170709653e-05
9.071128330439e-04 1.644082480539e-03 1.373656710774e-05
1.300880407171e-03 1.382163408986e-03 7.490743465205e-05
1.415552746341e-03 1.393054987779e-03 4.028066343888e-05
1.573596177728e-03 1.548871114929e-03 8.028210465019e-05
9.441493644273e-04 1.651987077926e-03 2.413409859049e-05
1.868457698252e-03 1.123009788157e-03 1.849533772495e-05
1.668380912895e-03 1.560764650065e-03 1.520351683207e-05
7.656009908000e-04 1.703024338501e-03 4.088434821486e-05
8.635571780144e-04 1.749972531794e-03 6.774164684462e-05
-4.627573482118e-05 1.404053206210e-03 9.762798670664e-05
1.953724265179e-03 1.404053206210e-03 9.762798670664e-05
1.829233102148e-03 1.450734225835e-03 3.532752188924e-05
1.477037323434e-03 1.394019998128e-03 2.121148618395e-05
1.101722219037e-03 1.333476425470e-03 3.155717222752e-05
5.817025956229e-04 1.654502239876e-03 9.095016336339e-05
1.773438432760e-03 1.518996191090e-03 4.937260393027e-05
4.578242104395e-04 1.709914967485e-03 4.475701948998e-05
6.883398230297e-04 1.735333867730e-03 4.286055411816e-05
2.988342496391e-04 1.500123782552e-03 2.706256130916e-05
1.633519787855e-04 1.307916939238e-03 1.620056140151e-05
1.048999550716e-04 1.539378419063e-03 1.000000000000e-04
1.677384884527e-03 1.626152724188e-03 4.838459922761e-05
1.183010457070e-03 1.441183159050e-03 5.691311030097e-05
1.895720589408e-03 1.574774840236e-03 8.267814942664e-05
7.500834886873e-04 1.825701934351e-03 6.658690512822e-05
1.405513815968e-03 1.566156631458e-03 8.842012980548e-05
1.585440887971e-05 1.718461893083e-03 1.000000000000e-04
2.015854408880e-03 1.718461893083e-03 1.000000000000e-04
1.775401406297e-03 1.629113241417e-03 4.934218108136e-05
1.258414879896e-03 1.476948566428e-03 2.654281744573e-05
9.867774135770e-04 1.671798115651e-03 2.287257957714e-05
1.045033909046e-03 1.478675353983e-03 8.605589014517e-05
1.614756684386e-03 1.653711706504e-03 2.003900020377e-05
6.087504091536e-04 1.818579160681e-03 6.984612914794e-05
1.218126164600e-03 1.545010386558e-03 5.254948268292e-05
1.109390001097e-03 1.653246507596e-03 1.000000000000e-04
1.283023291238e-03 1.676555746417e-03 7.519086751195e-05
1.642098279918e-03 1.694456857288e-03 2.849582131855e-05
1.723442587502e-03 1.694267865065e-03 3.384060627609e-05
4.603987327155e-04 1.837093475729e-03 7.965637840194e-05
8.618010836206e-04 1.848175612335e-03 3.047721690552e-05
1.390739615547e-03 1.684063156286e-03 3.040847267076e-05
9.516289893267e-04 1.772764622887e-03 2.323187701952e-05
1.843910170336e-03 1.673248074310e-03 2.859312877859e-05
1.857991108308e-03 1.768141669323e-03 6.549592697783e-05
2.475293355320e-04 1.599454227861e-03 5.206670345750e-05
2.987694069353e-04 1.687270404488e-03 4.682320420543e-05
1.200500556626e-03 1.740967357821e-03 2.625700298814e-05
1.785944973177e-04 1.649396398424e-03 3.144749068118e-05
6.679629519913e-04 -4.724326037130e-05 7.681589020843e-05
6.679629519913e-04 1.952756739629e-03 7.681589020843e-05
1.509492767810e-03 1.662346035151e-03 5.004781003420e-05
1.934352373901e-03 1.807698304569e-03 2.047497610245e-05
1.733076739764e-03 1.797960085443e-03 6.292812612051e-05
-1.943656566354e-05 1.878146172548e-03 6.353752476015e-05
1.980563434336e-03 1.878146172548e-03 6.353752476015e-05
1.012723188546e-03 1.719256745898e-03 1.705479148456e-05
1.988517870104e-04 1.751529623292e-03 7.197400945208e-05
1.003485628221e-03 1.805775751639e-03 3.824082538409e-05
1.611797455383e-03 1.823162406762e-03 6.008147374028e-05
1.554535284683e-03 1.876239915961e-03 1.799655246503e-05
8.228962557765e-04 -6.401165403881e-05 6.556801623284e-05
8.228962557765e-04 1.935988345961e-03 6.556801623284e-05
2.775343279524e-04 1.829581893302e-03 3.885513429094e-05
9.058219540498e-04 1.965649414970e-03 2.151718048347e-05
1.085109371036e-03 1.810010944131e-03 4.349282432530e-05
1.448229527235e-03 1.752809016415e-03 5.920797036189e-05
1.684912961982e-03 1.881310548246e-03 3.333738765015e-05
7.480209712601e-05 1.879569136249e-03 3.071187111287e-05
1.037058960350e-03 1.860239972154e-03 2.574017425012e-05
1.337830924919e-03 1.801726630926e-03 6.145329459693e-05
1.629466433378e-03 1.908498511909e-03 2.633417562884e-05
1.267161294137e-03 1.866925394076e-03 3.385663387830e-05
1.159174144288e-03 1.806740747023e-03 3.064418895492e-05
1.704558926111e-03 -4.365838838454e-05 4.422306862425e-05
1.704558926111e-03 1.956341611615e-03 4.422306862425e-05
1.910730464824e-04 1.886620181885e-03 6.313892592001e-05
1.427895886351e-03 1.843802574600e-03 3.403036234549e-05
1.370375426342e-03 1.923801654228e-03 6.450176974311e-05
1.296165750498e-03 1.901503982062e-03 1.127583845016e-05
1.444957556294e-03 -7.798964207887e-06 3.669615232825e-05
1.444957556294e-03 1.992201035792e-03 3.669615232825e-05
1.184938267692e-03 1.883096971805e-03 4.994173566250e-05
1.254064993571e-03 -2.763519950865e-05 6.154067178924e-05
1.254064993571e-03 1.972364800491e-03 6.154067178924e-05
2.942639544767e-04 1.941052616905e-03 5.352835109691e-05
1.089782291006e-03 1.909980590975e-03 4.674392046466e-05
1.154095455943e-03 -3.388106063208e-05 3.862458611514e-05
1.154095455943e-03 1.966118939368e-03 3.862458611514e-05
1.494634299341e-03 1.880779487066e-03 4.195255885007e-05
1.629527068280e-03 -1.715599629538e-05 3.535177963862e-05
1.629527068280e-03 1.982844003705e-03 3.535177963862e-05
1.567097252684e-03 1.926851417051e-03 3.378464487101e-05
1.887389754416e-03 1.909394770434e-03 2.628245505758e-05
1.923709255277e-03 1.953269504895e-03 3.067453360026e-05
1.505795838854e-03 1.956004373160e-03 3.409588836373e-05
-2.539062500000e-05 4.199218750000e-04 3.523235372884e-05
1.974609375000e-03 4.199218750000e-04 3.523235372884e-05
1.224609375000e-03 1.083984375000e-03 4.333567383376e-05
3.613281250000e-04 1.142578125000e-03 3.768333977992e-05
1.482421875000e-03 9.121093750000e-04 4.050680678261e-05
1.091796875000e-03 1.041015625000e-03 4.911513137174e-05
9.707031250000e-04 1.326171875000e-03 5.586123220539e-05
1.322265625000e-03 1.208984375000e-03 6.175520413795e-05
8.496093750000e-04 1.244140625000e-03 7.861176483398e-05
7.226562500000e-05 3.613281250000e-04 5.726564260429e-05
9.980468750000e-04 8.457031250000e-04 4.166259747022e-05
1.873046875000e-03 3.964843750000e-04 4.199803678187e-05
1.326171875000e-03 1.029296875000e-03 6.494697617091e-05
3.925781250000e-04 1.412109375000e-03 6.023668047335e-05
9.511718750000e-04 1.892578125000e-03 3.055355788384e-05
