# 2D packing, generated 2026-09-28T18:42:26.703107+00:00
# generator = preprocess/generate_packing_gravity.py
# periodic axes = xy
# porosity_achieved = 0.325023  (target 0.325000)
# 307 distinct grains; 340 rows including 33 periodic edge images.
# Centres span [-R, L+R]: a grain need only be PARTLY inside.
# Do NOT drop the out-of-box rows -- they carry the conduction
# paths that cross the domain edge, and k_eff depends on them.
# header row is 'Lx Ly'; grain rows are 'x y r', all in metres
2.000000000000e-03 2.000000000000e-03
-1.260825382820e-05 2.723272127286e-05 6.397089244394e-05
-1.260825382820e-05 2.027232721273e-03 6.397089244394e-05
1.987391746172e-03 2.723272127286e-05 6.397089244394e-05
1.987391746172e-03 2.027232721273e-03 6.397089244394e-05
1.435912457734e-03 2.985927551073e-05 3.099083455494e-05
1.435912457734e-03 2.029859275511e-03 3.099083455494e-05
3.080796579799e-04 1.070625641159e-05 4.361993046583e-05
3.080796579799e-04 2.010706256412e-03 4.361993046583e-05
6.614282429398e-04 2.092946419052e-05 5.966101761935e-05
6.614282429398e-04 2.020929464191e-03 5.966101761935e-05
8.499910590688e-04 6.316605896433e-05 8.001736682101e-05
8.499910590688e-04 2.063166058964e-03 8.001736682101e-05
1.380702911386e-03 2.899278372292e-05 2.422551345550e-05
9.346073513825e-05 2.568477259601e-05 3.589410436615e-05
9.346073513825e-05 2.025684772596e-03 3.589410436615e-05
2.059993964699e-04 1.117325131226e-04 1.000000000000e-04
6.426215779301e-05 1.004461240918e-04 4.218589049304e-05
1.895671101863e-03 1.307574481902e-05 2.883587773637e-05
1.895671101863e-03 2.013075744819e-03 2.883587773637e-05
1.805050346981e-03 3.890000993639e-05 6.539264179290e-05
1.805050346981e-03 2.038900009936e-03 6.539264179290e-05
1.520670961944e-03 5.300077946525e-05 5.536646790366e-05
1.520670961944e-03 2.053000779465e-03 5.536646790366e-05
-1.765341605640e-05 1.290796436040e-04 3.800088634048e-05
1.982346583944e-03 1.290796436040e-04 3.800088634048e-05
5.578573179217e-04 5.640719429107e-05 4.981777412685e-05
3.439487848909e-05 1.553158208885e-04 2.028600724387e-05
1.023909726981e-03 2.885090764175e-05 4.493845408151e-05
1.023909726981e-03 2.028850907642e-03 4.493845408151e-05
6.310984769997e-04 1.416104138775e-04 6.252615466025e-05
7.408665273046e-04 1.269501338026e-04 4.638109746625e-05
1.413278448738e-03 1.164092945701e-04 5.828532135893e-05
8.097957199400e-04 1.703285478928e-04 3.434071881423e-05
8.695349020700e-05 2.052199408028e-04 5.046642725798e-05
9.765702801376e-04 1.221536829231e-04 5.963161982241e-05
1.510990033242e-03 1.528326166328e-04 4.493420686307e-05
7.538993129604e-04 2.021673282794e-04 2.995683456308e-05
1.239201790827e-03 3.948415756993e-05 6.960769182447e-05
1.239201790827e-03 2.039484157570e-03 6.960769182447e-05
1.879434970696e-04 2.845975324868e-04 7.380543895065e-05
6.942885473940e-04 2.083351035357e-04 2.937144708440e-05
1.118141646717e-03 4.671250784557e-05 5.097135497390e-05
1.118141646717e-03 2.046712507846e-03 5.097135497390e-05
1.337773759053e-03 6.603936146256e-05 3.247864640465e-05
1.431077812101e-03 2.734073322259e-04 9.971857290818e-05
2.975946234211e-04 3.001364235760e-04 3.694123986450e-05
1.588350949512e-03 1.487412607200e-04 3.253497014039e-05
8.373114590568e-07 1.880625597152e-04 2.381247230153e-05
2.000837311459e-03 1.880625597152e-04 2.381247230153e-05
1.270352385958e-03 2.702806284396e-04 6.101406483838e-05
3.952248945787e-04 2.663559351964e-05 4.496921142238e-05
3.952248945787e-04 2.026635593520e-03 4.496921142238e-05
1.170319998542e-03 1.159360608796e-04 3.329807969891e-05
4.694228691224e-04 7.148995767738e-05 3.989366040518e-05
2.633242014125e-04 3.834637542589e-04 5.051986182940e-05
1.898956468219e-03 8.256288866326e-05 3.629312251740e-05
8.081163414285e-04 2.459614216596e-04 3.973827860995e-05
4.019943106406e-04 1.094421469978e-04 3.748191179400e-05
2.485593576055e-05 3.417789353757e-04 9.901604701168e-05
2.024855935761e-03 3.417789353757e-04 9.901604701168e-05
1.829571692902e-03 3.801384297733e-04 1.000000000000e-04
1.558412522900e-03 1.949190569190e-04 1.847061201796e-05
1.686063634341e-03 3.999901901403e-04 4.487462049087e-05
1.327067369602e-03 3.286087263659e-04 1.795506833950e-05
6.102417184922e-04 2.971793176566e-04 9.292803709774e-05
1.338035726726e-03 4.419705425035e-04 9.281896728388e-05
1.114732116253e-03 1.200461986505e-04 2.244155426473e-05
4.725841701998e-04 1.661787607728e-04 5.305107221683e-05
1.944200569567e-03 4.578641837683e-04 3.844670248309e-05
1.159900158076e-03 2.703999622818e-04 4.943822750918e-05
3.643587471146e-04 3.001227021290e-04 2.982288578109e-05
4.905775751882e-04 2.971793177638e-04 2.673610620630e-05
1.612434180325e-04 4.940790446402e-04 1.000000000000e-04
5.063166328008e-04 3.415639161924e-04 2.007822831776e-05
3.611083022406e-04 5.014938371202e-04 1.000000000000e-04
1.596392007736e-03 2.025284846588e-04 2.026370717875e-05
1.208052002640e-03 3.432358730557e-04 3.492234577894e-05
9.466419146897e-06 5.246729641418e-04 5.482973003440e-05
2.009466419147e-03 5.246729641418e-04 5.482973003440e-05
1.593781536864e-03 2.898290129330e-04 6.372087453679e-05
7.191648845759e-05 5.862885125645e-04 2.838179903432e-05
1.625002030929e-03 4.234834921789e-04 2.055056417589e-05
1.065908672363e-03 1.459195662442e-04 3.281385648388e-05
4.656508011500e-04 3.433264079838e-04 2.062577936161e-05
1.241328880407e-04 6.299480812198e-04 3.968152991356e-05
1.885212329192e-03 5.100471246332e-04 4.031034050301e-05
1.530193324188e-03 3.706234199618e-04 3.905420998830e-05
5.318431727646e-04 3.809932032061e-04 2.183737312287e-05
9.010234767379e-04 1.476433888622e-04 1.842092626005e-05
1.474279475560e-03 4.304201613993e-04 4.281158723487e-05
-7.566591856333e-05 6.312444413020e-04 8.157039705091e-05
1.924334081437e-03 6.312444413020e-04 8.157039705091e-05
5.050962908378e-04 5.058893202952e-04 4.405506284967e-05
2.451194982011e-05 6.312429304747e-04 1.860644852062e-05
5.752258047820e-04 4.146516932254e-04 2.965203157058e-05
6.233761123366e-05 6.624173787653e-04 3.012471277835e-05
1.146518380835e-03 4.643346543072e-04 1.000000000000e-04
1.261881855969e-03 5.496864765339e-04 3.909843520820e-05
6.270907853306e-04 5.107906343811e-04 7.803785081161e-05
1.567042678093e-03 4.413133221374e-04 4.008926998041e-05
1.375088332506e-03 6.311954592235e-04 1.000000000000e-04
4.853123797915e-04 6.305643048856e-04 7.912520350148e-05
6.524543479886e-04 6.860367847097e-04 9.698167754139e-05
5.181404245004e-04 7.685582448330e-04 6.065709345532e-05
1.507261876883e-03 6.373259923037e-04 3.212360468847e-05
9.223421272983e-04 2.459550638906e-04 7.448750747419e-05
1.728479993246e-03 4.759355537882e-04 3.927175143317e-05
1.211446525756e-03 6.381837895118e-04 6.276192508840e-05
1.319757834202e-05 7.496662674435e-04 6.648516680633e-05
2.013197578342e-03 7.496662674435e-04 6.648516680633e-05
1.601810044449e-03 6.555850920768e-04 6.415755262004e-05
2.587953701159e-04 6.257264737866e-04 6.094000153171e-05
1.051212516854e-03 2.806392098541e-04 5.896872988692e-05
1.268231695541e-03 7.196386611610e-04 3.653285375737e-05
9.819853838152e-04 3.378359514053e-04 3.082898352640e-05
3.894983956119e-04 7.685587409337e-04 6.798493826595e-05
4.594397823069e-04 8.727231412461e-04 5.748201821542e-05
1.015656553150e-03 4.876810991323e-04 3.292819644491e-05
1.485889814448e-03 6.963654227100e-04 2.854457039021e-05
6.081134268714e-04 8.181840117242e-04 4.209435008041e-05
1.044334642362e-03 5.567019510746e-04 3.774342991945e-05
1.784035609838e-03 6.312429304682e-04 5.872807455672e-05
7.302436791900e-04 8.506200249162e-04 8.426978974395e-05
9.065019105882e-04 9.043637407534e-04 1.000000000000e-04
7.753980697144e-04 9.751549814805e-04 4.819810969192e-05
1.785461827211e-04 6.945525454527e-04 4.478114213646e-05
1.109641497812e-03 5.871288078935e-04 2.821190249663e-05
1.436291744356e-03 8.216001958492e-04 1.000000000000e-04
1.836830077055e-03 7.323487027134e-04 5.214206481678e-05
5.840002113860e-04 9.690833278838e-04 1.000000000000e-04
1.053223166845e-04 6.855450089642e-04 1.868688606162e-05
3.788745568758e-04 8.829773522319e-04 2.373315519275e-05
1.179001830866e-04 7.520985806967e-04 3.824568627963e-05
7.123670829614e-04 1.083570359198e-03 7.200387802950e-05
4.461688969911e-04 9.895189318742e-04 3.933802473943e-05
8.457573944276e-04 1.048657227107e-03 5.355165535047e-05
1.197918658689e-03 7.352568054895e-04 3.524924867890e-05
1.693910384452e-03 6.938498733189e-04 3.557542142677e-05
4.783297205103e-04 1.078430395524e-03 5.206259843723e-05
9.572820990300e-04 1.070349440057e-03 6.006309650573e-05
1.527812812575e-03 6.840877131334e-04 1.513929304260e-05
1.912911435293e-03 7.749269171176e-04 3.504287461805e-05
2.471597274163e-04 7.122291284490e-04 2.607279284296e-05
1.264982056443e-03 8.547484086532e-04 7.448739813142e-05
1.843857232784e-03 8.596072833869e-04 7.422398822538e-05
2.819732767520e-04 8.829773523077e-04 7.316812493098e-05
1.673459206744e-04 8.285601523044e-04 5.281063090005e-05
1.067445274051e-03 6.095149837380e-04 1.955484502366e-05
1.111191856151e-03 8.547249135899e-04 7.930286421891e-05
5.618454845927e-04 1.103466201333e-03 3.512498337775e-05
3.727713746062e-04 9.404468388162e-04 3.405949764544e-05
1.034938624482e-03 9.362706761027e-04 3.234064132250e-05
1.196127053610e-03 9.764212184017e-04 6.531707777306e-05
1.082107911575e-03 1.010974763617e-03 5.382281783640e-05
6.218438490136e-04 1.115435328883e-03 2.396399251784e-05
3.193327237951e-04 9.888278324692e-04 3.802663102967e-05
6.821030682534e-05 8.548798089856e-04 4.975929531111e-05
1.642306937923e-03 7.396666325311e-04 2.916287274751e-05
1.275103309253e-03 9.922927273904e-04 1.523820654622e-05
-3.006957250151e-05 8.876073195951e-04 5.382653688228e-05
1.969930427498e-03 8.876073195951e-04 5.382653688228e-05
7.974634572884e-04 1.097840045529e-03 1.428063316210e-05
1.834401817744e-04 9.130269582827e-04 2.984522189907e-05
1.747348638348e-03 8.903119791014e-04 2.705131547235e-05
8.068019768018e-04 1.168526945923e-03 5.502198863812e-05
1.592879797971e-03 7.458850518962e-04 2.065390056490e-05
6.792666094873e-04 1.256654961022e-03 1.000000000000e-04
1.574045162264e-03 8.248020116901e-04 3.779034895167e-05
1.901665459774e-03 9.831386082911e-04 6.216435196642e-05
1.962477861635e-04 1.036627964102e-03 9.401409926186e-05
1.048039714276e-03 1.095059102624e-03 3.399811839883e-05
1.557820587385e-03 9.159706190826e-04 5.386733227093e-05
3.682256682540e-04 1.070533192086e-03 5.719041475530e-05
1.350479888147e-03 9.221102377114e-04 3.215886803582e-05
1.143981462681e-03 1.112987348594e-03 6.360434617289e-05
6.604669992187e-05 1.073337050937e-03 4.126294947412e-05
5.508712656053e-04 1.270944488299e-03 2.918806028565e-05
1.478310180334e-03 9.461700244948e-04 3.099520191544e-05
1.703060340348e-03 7.684937895806e-04 3.808280287392e-05
1.677810433962e-03 9.758994180934e-04 8.025611227360e-05
1.300276576918e-03 1.161342486400e-03 1.000000000000e-04
-5.854299360994e-06 1.073337050937e-03 3.063804980874e-05
1.994145700639e-03 1.073337050937e-03 3.063804980874e-05
1.412965129394e-03 1.188557902351e-03 1.592837756317e-05
8.815522370395e-04 1.189098461757e-03 2.250728756966e-05
2.905500647619e-04 1.145258520696e-03 4.983831668825e-05
1.156524703012e-03 1.250000887554e-03 6.889284204844e-05
2.003212810449e-04 1.181443011528e-03 4.737562669331e-05
4.639349059227e-04 1.275928879325e-03 5.789106918158e-05
3.707893188920e-04 1.275928879418e-03 3.525451784914e-05
1.780444255534e-03 1.013802967079e-03 2.915326699496e-05
1.246281166070e-03 1.278322495109e-03 2.522589208682e-05
8.300991093675e-04 1.284861055545e-03 5.344714656296e-05
1.146998839848e-04 1.135800688010e-03 3.438095327885e-05
1.070409537822e-03 1.136062216645e-03 1.271017171023e-05
7.773421704946e-04 1.389582061637e-03 6.381232519168e-05
2.576617787272e-04 1.295357061957e-03 7.952916836319e-05
1.668612990141e-05 1.179059616455e-03 7.275461915061e-05
2.016686129901e-03 1.179059616455e-03 7.275461915061e-05
1.310840997451e-03 1.309099508949e-03 4.629470920273e-05
1.209140715989e-03 1.392039728730e-03 8.257786529139e-05
1.226991444776e-04 1.203007746808e-03 3.318636119783e-05
5.311791067954e-04 1.313227218221e-03 1.745537835523e-05
1.523291023839e-03 1.009452389045e-03 4.578777935593e-05
1.457135706629e-03 1.309096818949e-03 1.000000000000e-04
8.475603156095e-05 1.243910549097e-03 2.126216114144e-05
3.981168002954e-04 1.338470195813e-03 3.290231877404e-05
1.154831744605e-04 1.327245474722e-03 6.618159438245e-05
1.008680662866e-03 1.197552807436e-03 7.441931101011e-05
1.868124057798e-03 1.194840536950e-03 7.664326142148e-05
1.076821186026e-03 1.392039728730e-03 4.974166467247e-05
1.355259257339e-03 1.453767208632e-03 7.604404335066e-05
1.588824015194e-03 1.027884761180e-03 2.227748765689e-05
-3.905911284576e-05 1.291835431680e-03 5.304648016298e-05
1.960940887154e-03 1.291835431680e-03 5.304648016298e-05
1.615493275634e-03 1.309099031744e-03 5.835671543002e-05
4.894898942944e-04 1.429748355271e-03 9.625163858312e-05
8.637668489322e-04 1.394277928573e-03 2.273983370294e-05
1.256871824182e-03 1.499254273296e-03 3.234949914643e-05
1.936873186233e-04 1.404602287588e-03 4.381824498597e-05
3.620722935732e-04 1.429748355378e-03 3.116596213805e-05
1.123460294483e-03 1.450004096481e-03 2.086778497164e-05
2.353814277352e-05 1.348395193114e-03 2.816457374323e-05
2.023538142774e-03 1.348395193114e-03 2.816457374323e-05
9.229298569823e-04 1.271312231618e-03 3.868972207431e-05
5.124414856618e-05 1.387461201706e-03 1.972880559360e-05
3.036115866572e-06 1.404690812488e-03 3.146566583110e-05
2.003036115867e-03 1.404690812488e-03 3.146566583110e-05
1.746751688765e-03 1.059099763887e-03 2.719490398589e-05
1.881493010288e-03 1.307142412916e-03 2.786253548482e-05
1.566408157407e-03 1.398378599251e-03 4.110884023704e-05
6.806073616720e-04 1.389582061730e-03 3.292248363091e-05
6.030231390727e-04 1.454435387647e-03 1.993462238349e-05
9.935358118979e-04 1.317444681652e-03 4.565127516737e-05
6.937179761534e-04 1.503710483506e-03 7.767372556097e-05
1.078222787116e-03 1.473698057285e-03 3.019918920288e-05
9.676661665853e-04 1.424673012953e-03 6.418703894615e-05
1.911226292140e-03 1.393746647166e-03 6.034415789527e-05
3.719320571323e-04 1.507199938433e-03 4.452688539131e-05
1.629670598573e-03 1.406909951325e-03 2.272626319724e-05
2.976382564112e-04 1.402711466195e-03 3.502687415491e-05
5.108351659348e-05 1.428838033428e-03 2.164833792740e-05
1.513195862551e-03 1.515186509841e-03 8.724861494283e-05
8.019646014239e-04 1.522955461268e-03 3.227035591459e-05
1.303874280973e-03 1.558307271321e-03 4.044218117060e-05
5.568609618813e-04 1.616299978371e-03 9.954432292566e-05
1.017699267883e-03 1.517686017250e-03 4.142891720513e-05
8.767882611005e-04 1.449989347303e-03 3.015123796323e-05
1.365569757264e-03 1.558307271321e-03 2.125329512053e-05
7.445783850368e-04 1.684083296130e-03 1.000000000000e-04
1.663116118500e-03 1.515212558558e-03 6.263747448920e-05
1.128482039968e-03 1.575878711217e-03 8.353419208267e-05
1.005268007179e-03 1.622333694921e-03 4.814634499803e-05
9.206527971324e-04 1.627704099506e-03 3.663912612736e-05
1.355239842147e-03 1.608148250877e-03 2.964690516857e-05
1.070366294240e-03 1.750396649582e-03 9.551267827980e-05
2.522986385216e-04 1.452256230557e-03 3.172105009073e-05
1.202353629180e-04 1.528099248845e-03 9.932590204145e-05
-5.353062326418e-06 1.542637886879e-03 2.710124912182e-05
1.994646937674e-03 1.542637886879e-03 2.710124912182e-05
4.044363685337e-04 1.599023811929e-03 5.288027042189e-05
2.816352123257e-04 1.527932857850e-03 4.811961551181e-05
6.190814203049e-04 1.730315315986e-03 3.034363901776e-05
1.754703801697e-03 1.194840536950e-03 3.677699467915e-05
9.034625718670e-04 1.727855802953e-03 6.480357149723e-05
1.775759623969e-03 1.287413023419e-03 5.412697176454e-05
1.837822659034e-05 1.579110426070e-03 1.459080622728e-05
1.611071204569e-03 1.636038011107e-03 6.826558998239e-05
4.358799453751e-04 1.700145630122e-03 4.765112426065e-05
1.808174860229e-03 1.378660618533e-03 4.270727401616e-05
6.523121656600e-04 1.861528906844e-03 1.000000000000e-04
1.765253585573e-03 1.515212558558e-03 3.949999258444e-05
2.343150299995e-04 1.604327501504e-03 3.787802262904e-05
5.068935441853e-04 1.731436560572e-03 2.596733148201e-05
1.717313031395e-03 1.635932158456e-03 3.797628957709e-05
8.340303193268e-04 1.856155344274e-03 8.107860697582e-05
9.503860892280e-04 1.856973906182e-03 3.413048708118e-05
1.440842524821e-03 1.637595864287e-03 5.494007761903e-05
1.536892194471e-03 1.607925593901e-03 8.436310694333e-06
1.372610381585e-03 1.665250002554e-03 1.868313022854e-05
1.265783427496e-03 1.756505057624e-03 1.000000000000e-04
1.519922721007e-03 1.679984614884e-03 3.292408359769e-05
9.305786882192e-04 1.944483574185e-03 4.977804641014e-05
3.392793207721e-04 1.564515199158e-03 2.015271368629e-05
5.417678670858e-04 1.909657329549e-03 2.056693999484e-05
1.800781141439e-03 1.670538406109e-03 5.238143157201e-05
1.161496362425e-03 1.860405470529e-03 4.721103548784e-05
1.623985344108e-04 1.698324004555e-03 7.601643203968e-05
7.569954143726e-04 1.922520720647e-03 2.050186863045e-05
3.116132600077e-04 1.663051498890e-03 5.919681567304e-05
2.737709963939e-04 1.770268856137e-03 5.450278243753e-05
4.972976871393e-05 1.718643393355e-03 3.846993538041e-05
3.646680180567e-04 1.734886501131e-03 3.010645917525e-05
1.238273315247e-03 1.901233382599e-03 3.461747153873e-05
9.194776699374e-05 1.766970927310e-03 2.199302299765e-05
1.890744892137e-03 1.668701471990e-03 3.760107098862e-05
1.970890830223e-04 1.797133078417e-03 2.674869310000e-05
1.390727268377e-03 1.760776498535e-03 1.831700891035e-05
1.385878013069e-03 1.810555014772e-03 3.169721971874e-05
-6.343015424479e-05 1.798447872176e-03 1.000000000000e-04
1.936569845755e-03 1.798447872176e-03 1.000000000000e-04
1.714866447533e-03 1.725861800788e-03 4.980473494750e-05
5.910016578318e-05 1.841775616785e-03 2.586114948690e-05
1.315740443738e-03 1.904816787841e-03 4.293249164458e-05
3.423053403732e-05 1.918300994982e-03 5.460394913097e-05
2.034230534037e-03 1.918300994982e-03 5.460394913097e-05
1.007402025221e-03 1.957637438020e-03 2.816327281555e-05
1.770907374663e-03 1.832161733654e-03 6.905821123546e-05
4.052930914997e-04 1.758225592168e-03 1.674553931671e-05
1.614075000006e-03 1.764169025408e-03 5.802086197933e-05
1.658807567091e-03 1.858078745732e-03 4.599855029284e-05
1.160333049686e-03 -4.582084434159e-05 4.656987594842e-05
1.160333049686e-03 1.954179155658e-03 4.656987594842e-05
4.397950887759e-04 1.908372339282e-03 8.141393427478e-05
2.308113874036e-04 1.835479630265e-03 2.358673713414e-05
1.479484892728e-03 -9.680682672661e-05 1.000000000000e-04
1.479484892728e-03 1.903193173273e-03 1.000000000000e-04
1.315082131405e-04 1.800691124641e-03 2.998851802728e-05
1.045168177532e-04 1.958725018684e-03 2.647788220016e-05
1.243210299723e-03 1.952050455915e-03 1.635208527925e-05
8.925781250000e-04 6.582031250000e-04 4.356726711526e-05
8.417968750000e-04 4.511718750000e-04 5.757949742418e-05
1.736328125000e-03 1.972656250000e-04 4.177448751296e-05
1.580078125000e-03 1.150390625000e-03 4.889346267600e-05
1.017578125000e-03 7.089843750000e-04 2.368714108715e-05
1.654296875000e-03 -5.859375000000e-06 3.751222320939e-05
1.654296875000e-03 1.994140625000e-03 3.751222320939e-05
1.880859375000e-03 2.011718750000e-04 5.555216750785e-05
1.884765625000e-03 1.548828125000e-03 2.867953663026e-05
7.949218750000e-04 5.800781250000e-04 4.000230497021e-05
2.089843750000e-04 1.935546875000e-03 3.509814048265e-05
1.400390625000e-03 1.017578125000e-03 5.642203191729e-05
9.277343750000e-04 5.488281250000e-04 7.297477223543e-05
1.681640625000e-03 9.960937500000e-05 2.849134253425e-05
7.636718750000e-04 3.496093750000e-04 3.164606009670e-05
3.496093750000e-04 2.011718750000e-04 4.531456392395e-05
1.513671875000e-03 5.371093750000e-04 2.981453667920e-05
1.634765625000e-03 5.253906250000e-04 3.871673099174e-05
1.466796875000e-03 1.123046875000e-03 6.525166108719e-05
8.417968750000e-04 7.519531250000e-04 1.481679648650e-05
