# 2D packing, generated 2026-10-01T15:39:40.072779+00:00
# generator = preprocess/generate_packing_gravity.py
# periodic axes = xy
# porosity_achieved = 0.425028  (target 0.425000)
# 264 distinct grains; 291 rows including 27 periodic edge images.
# Centres span [-R, L+R]: a grain need only be PARTLY inside.
# Do NOT drop the out-of-box rows -- they carry the conduction
# paths that cross the domain edge, and k_eff depends on them.
# header row is 'Lx Ly'; grain rows are 'x y r', all in metres
2.000000000000e-03 2.000000000000e-03
1.428223237442e-04 2.234139042576e-05 3.408627601523e-05
1.428223237442e-04 2.022341390426e-03 3.408627601523e-05
1.543247513524e-03 8.348068290639e-06 5.139429832305e-05
1.543247513524e-03 2.008348068291e-03 5.139429832305e-05
3.830818812823e-05 5.258684132651e-05 7.471626100778e-05
3.830818812823e-05 2.052586841327e-03 7.471626100778e-05
2.038308188128e-03 5.258684132651e-05 7.471626100778e-05
2.038308188128e-03 2.052586841327e-03 7.471626100778e-05
3.078932904920e-04 2.720191968345e-05 7.202952080052e-05
3.078932904920e-04 2.027201919683e-03 7.202952080052e-05
2.122316297671e-04 5.099262316440e-05 2.654611548856e-05
7.241464177452e-04 6.429037480034e-05 9.219812106062e-05
7.241464177452e-04 2.064290374800e-03 9.219812106062e-05
1.492293217869e-03 7.319110413852e-05 2.708215305711e-05
1.932892330623e-03 8.299763316228e-05 3.499845826827e-05
1.587578325250e-03 1.509068431357e-04 9.587714011128e-05
1.829075435528e-03 7.777836231315e-05 6.894955199313e-05
1.417835313703e-03 2.024913377233e-04 8.134308490436e-05
4.082754261884e-04 6.677831815154e-05 3.579787109553e-05
-1.562779172417e-05 1.824936927387e-04 6.594036179407e-05
1.984372208276e-03 1.824936927387e-04 6.594036179407e-05
8.402621136091e-04 1.362184885744e-04 4.439070855975e-05
3.558692283939e-04 1.414857441393e-04 5.191614118561e-05
6.009229346104e-04 1.120421738172e-04 3.995429513070e-05
2.386028848363e-04 1.169079730790e-04 4.132103576734e-05
1.336709329137e-03 2.732422385046e-04 2.630037905451e-05
1.514420254830e-03 2.451209618014e-04 2.340573134776e-05
4.450714405816e-04 5.195340520826e-06 3.536025392454e-05
4.450714405816e-04 2.005195340521e-03 3.536025392454e-05
1.126622438618e-04 2.111683952446e-04 6.475000549345e-05
5.160903969029e-04 2.311803352075e-05 3.788532670213e-05
5.160903969029e-04 2.023118033521e-03 3.788532670213e-05
1.484187144441e-03 2.893284035102e-04 2.794205332028e-05
1.577597704239e-03 3.474331152765e-04 8.206562918984e-05
5.502720168604e-04 5.652285189089e-05 9.908658623007e-06
1.656985863384e-04 2.869763792138e-04 2.776866319987e-05
7.793569995024e-04 1.783915138569e-04 2.969030780630e-05
1.633681692077e-03 4.230890349172e-04 1.211097017815e-05
6.501737705552e-04 1.763421222027e-04 4.104032323145e-05
1.443790416100e-03 3.264411523022e-04 2.691459425816e-05
2.807443879003e-05 2.905425770460e-04 5.061197130986e-05
2.028074438790e-03 2.905425770460e-04 5.061197130986e-05
1.723232922508e-03 7.906131213435e-05 3.690073712948e-05
9.741978652605e-04 1.720024296599e-04 9.424289490649e-05
4.219167498832e-04 1.845381716780e-04 2.692423892355e-05
1.698818091976e-03 4.495916828601e-04 5.821072590300e-05
1.765246295211e-03 4.841465508258e-04 1.666747576604e-05
1.256598019383e-04 3.487683072081e-04 4.586113118722e-05
1.363379115944e-03 4.019541526394e-04 8.339492669389e-05
5.015545164888e-04 2.257799089552e-04 6.275890775606e-05
1.112286729681e-03 2.476181158515e-04 6.319365255088e-05
6.986275199984e-04 2.374224117101e-04 3.692484592394e-05
1.264214218517e-03 5.434863553974e-05 4.576371235886e-05
3.820719099240e-04 3.370185907769e-04 1.000000000000e-04
1.943470366802e-04 4.057938628868e-04 4.341288640447e-05
1.244525963259e-03 4.558830800285e-04 4.712097698256e-05
1.610369974141e-03 4.979085231423e-04 4.257412714192e-05
6.184625314780e-04 2.578212310064e-04 4.579478423219e-05
8.768002813531e-04 2.494423939187e-04 3.018876270286e-05
1.763758671340e-03 1.345725853471e-04 1.760599959289e-05
1.891986463080e-03 1.561722857080e-04 3.012181798314e-05
1.208752011996e-03 5.119895898682e-04 1.942010833606e-05
1.457123851852e-03 4.566423719575e-04 2.513560745530e-05
2.596140053186e-04 3.406442065870e-04 2.251156472093e-05
1.004317573464e-03 3.574094007457e-04 9.079162250159e-05
9.179554112466e-04 4.605762629157e-04 4.375139854706e-05
1.148357902375e-03 5.416049536233e-04 4.784443096364e-05
5.693387301954e-04 3.869317853865e-04 9.234530084377e-05
8.085947452977e-04 2.251580058660e-04 2.546357287342e-05
2.576924925191e-04 4.104064750701e-04 2.010028519470e-05
9.936231570128e-04 4.842304021043e-04 3.552738833880e-05
1.954452557623e-03 3.360952267155e-04 3.596299781189e-05
1.096684824969e-04 4.595794240706e-04 5.690333427019e-05
7.423835918121e-04 2.897925602865e-04 3.131902766535e-05
1.307372384664e-03 5.028967900506e-04 3.136444595342e-05
1.219302194508e-03 5.648190844485e-04 2.680132213840e-05
4.502399661529e-04 4.359638748085e-04 2.015428882114e-05
1.047809884710e-03 5.531837134527e-04 5.216959339033e-05
1.492572280912e-03 5.778053700640e-04 9.976280649854e-05
1.405095300109e-03 6.572951348773e-04 1.843552208767e-05
-3.497736982012e-06 4.793814986965e-04 5.798232797985e-05
1.996502263018e-03 4.793814986965e-04 5.798232797985e-05
9.629509048542e-04 6.724543559811e-04 9.420845356761e-05
1.438561849969e-03 7.105341208844e-04 4.353425538702e-05
1.280795636923e-03 6.185847140600e-04 5.488213020969e-05
3.976926808237e-04 4.951568708285e-04 5.890791075714e-05
3.005539194351e-04 4.951568709043e-04 3.823085063150e-05
1.627855745021e-04 5.380976931384e-04 3.789404987354e-05
1.110682028077e-03 6.203875395704e-04 3.948349900532e-05
6.934611838046e-04 3.411683917996e-04 3.962375257983e-05
6.355597408929e-05 6.050906654567e-04 8.183302282852e-05
2.063555974089e-03 6.050906654567e-04 8.183302282852e-05
1.206447213224e-03 7.036003251399e-04 5.805742102817e-05
1.279041885212e-03 7.657056867476e-04 3.747823902391e-05
1.744536238067e-03 5.668191366993e-04 6.761623788315e-05
1.910535483231e-03 6.528004537819e-04 7.845264254641e-05
7.411438230344e-04 3.914579184535e-04 2.967755025783e-05
1.793289706909e-03 6.608883426471e-04 3.833618649596e-05
3.337906293212e-04 5.543917325355e-04 2.822555599174e-05
4.709958207738e-04 5.645707501867e-04 4.204572698855e-05
1.836212346709e-03 7.500664525357e-04 4.395897102024e-05
5.695499222449e-04 5.645707502795e-04 5.650837448254e-05
1.678353826707e-03 6.365851211209e-04 2.854718632649e-05
1.095326823187e-03 8.029818241143e-04 9.102116033184e-05
2.795914068091e-04 5.681721256242e-04 2.769809691646e-05
1.196999342670e-03 9.268520454975e-04 6.923217961339e-05
6.674311634325e-04 6.341305348246e-04 6.357201943082e-05
1.183305903007e-05 7.230190273159e-04 4.480256802100e-05
2.011833059030e-03 7.230190273159e-04 4.480256802100e-05
8.054130864462e-04 3.996338658529e-04 3.510967329264e-05
7.594121773979e-04 7.288940877596e-04 6.849098786099e-05
4.292970249182e-04 6.299296759050e-04 3.548219538050e-05
1.946132284399e-03 7.533004129075e-04 2.754073920594e-05
1.613969891627e-03 7.321590283619e-04 8.669023312427e-05
1.525266121806e-04 6.524763653068e-04 1.896965071068e-05
1.904048777243e-03 8.388051464348e-04 6.773855403060e-05
1.293436681054e-04 6.827978079858e-04 1.919890679577e-05
1.492170945814e-03 7.861359398060e-04 4.653322640993e-05
1.352432676334e-03 7.760450641720e-04 3.663728530832e-05
3.181849545063e-04 6.060631834296e-04 2.575106787389e-05
5.547082686106e-04 6.785650870741e-04 5.759266375141e-05
4.816148683692e-04 7.667450255824e-04 5.694268762175e-05
3.834671187120e-04 8.356985602438e-04 6.300551246922e-05
2.026506910621e-04 7.767896148975e-04 1.000000000000e-04
4.981279214179e-04 8.871564491362e-04 6.267270364805e-05
-9.872171972784e-06 9.675499210112e-04 8.713177871493e-05
1.990127828027e-03 9.675499210112e-04 8.713177871493e-05
2.819768064678e-04 8.885078071684e-04 3.701674010731e-05
9.412476919185e-04 8.307874806774e-04 6.554682244013e-05
1.016236604045e-03 9.217989119735e-04 5.171202827961e-05
6.530941788040e-04 7.349530338670e-04 3.799951712860e-05
1.872352669704e-03 1.028729245735e-03 4.558558145974e-05
1.408181654294e-03 8.723925318796e-04 7.385946758001e-05
9.556860572059e-04 9.698516283852e-04 2.558889200665e-05
8.213053400301e-04 8.334687263730e-04 5.302698867635e-05
1.095143165991e-03 9.746666578020e-04 4.326820159475e-05
-5.143792784943e-05 1.119244284574e-03 7.015424100216e-05
1.948562072151e-03 1.119244284574e-03 7.015424100216e-05
5.434533867515e-04 9.626995535941e-04 2.542473353850e-05
3.513172861660e-04 9.487706955763e-04 5.454838802501e-05
1.743585079607e-03 8.500186765697e-04 8.849821863744e-05
1.307563308624e-03 9.875156035350e-04 5.688069776779e-05
1.042981537421e-04 8.797335994668e-04 4.237515779193e-05
2.413179560237e-04 9.856465739914e-04 6.146748606399e-05
5.751441078765e-04 1.003699883810e-03 2.639542550448e-05
3.028863165419e-05 1.199926792903e-03 4.468868511205e-05
2.030288631654e-03 1.199926792903e-03 4.468868511205e-05
1.258238617187e-03 1.053183692489e-03 2.524860937813e-05
1.807878494297e-03 9.448389065613e-04 2.606407528249e-05
1.727381814910e-03 1.042093855321e-03 1.000000000000e-04
6.130880991816e-04 1.058980597544e-03 4.065458409359e-05
1.966467499302e-03 1.205585940190e-03 1.802447420714e-05
1.859131973458e-03 1.142237680952e-03 2.218447692856e-05
1.026902873794e-03 1.042365953443e-03 5.285636399320e-05
9.234481784016e-04 1.002119686681e-03 2.002369853600e-05
1.786647766436e-03 1.240599696663e-03 1.000000000000e-04
1.692061924929e-03 1.335339990413e-03 3.387383864446e-05
1.929723837084e-03 1.296393099882e-03 5.356974257522e-05
1.558355989858e-03 8.474343350167e-04 4.129922891965e-05
1.752088930199e-03 1.376654505974e-03 3.899680398837e-05
1.512296560921e-03 9.095291306731e-04 3.601334859296e-05
1.154330642462e-03 1.126788887445e-03 1.000000000000e-04
1.589166741863e-04 8.984092275494e-04 1.534799059578e-05
1.409879663869e-03 1.059950716004e-03 6.848070805078e-05
-1.064517970290e-05 1.362510730063e-03 3.546617815244e-05
1.989354820297e-03 1.362510730063e-03 3.546617815244e-05
8.882098565179e-04 1.037796175478e-03 3.012160216121e-05
1.276471402491e-03 1.174592170010e-03 3.116218618381e-05
1.934738956297e-03 1.391011082217e-03 2.613871348291e-05
1.584637316855e-04 1.091235416287e-03 7.274810955758e-05
7.841248946532e-04 1.115885560561e-03 1.000000000000e-04
9.487908746679e-04 1.130276599495e-03 6.474366192783e-05
2.897018950463e-04 1.045452604672e-03 1.545953689331e-05
6.226938276122e-04 1.198439007471e-03 8.131481186824e-05
1.243233569248e-03 1.257310565518e-03 5.792288889936e-05
3.304569730676e-04 1.056553125573e-03 2.678023049234e-05
7.318892376763e-04 1.343185072785e-03 1.000000000000e-04
2.426267917276e-04 1.108461661643e-03 1.315977252970e-05
1.318067928775e-03 1.257310565518e-03 1.691147062721e-05
4.658599021817e-04 1.014595121204e-03 6.792353256900e-05
1.219418278734e-04 1.211969210583e-03 4.775225928362e-05
8.544764976010e-04 1.353227566962e-03 2.299791862121e-05
1.061341133481e-03 1.223433309732e-03 3.411634180729e-05
2.709553039564e-04 1.138529017175e-03 2.815064351495e-05
1.130563339646e-03 1.345210124214e-03 8.497887126335e-05
2.220887237410e-04 1.177703123023e-03 3.447964652836e-05
6.744608702357e-05 1.258594849700e-03 2.396758451029e-05
-1.822400591602e-05 1.436711292866e-03 3.912043007601e-05
1.981775994084e-03 1.436711292866e-03 3.912043007601e-05
6.203379675223e-04 1.450060487903e-03 5.448637554746e-05
1.615312623608e-03 1.397817537218e-03 6.509029176773e-05
1.906809590979e-04 1.226633102760e-03 2.253357069143e-05
3.918005357185e-04 1.114651753227e-03 5.655987746073e-05
6.992007114948e-04 1.465294004814e-03 2.583418486098e-05
5.363247143803e-04 1.542650816842e-03 7.053840486221e-05
2.535659360779e-04 1.251154362249e-03 4.496318846576e-05
1.273036964700e-03 1.393028273782e-03 6.530522391687e-05
8.415314857628e-04 1.396057816969e-03 2.172489327588e-05
1.032678929077e-03 1.464226671654e-03 6.911946226769e-05
1.827510487743e-03 1.417170121868e-03 4.661818578325e-05
1.730124821079e-03 1.487006695498e-03 7.314607954138e-05
1.824046057413e-03 1.497949753389e-03 2.056265655038e-05
8.162622274284e-04 1.447199381342e-03 3.393198939925e-05
1.638384666675e-03 1.551134362131e-03 3.878524015048e-05
1.108834720314e-03 1.529697207341e-03 3.131009305288e-05
9.261469064272e-04 1.355357332535e-03 4.870412739355e-05
1.477466671716e-03 1.140301130156e-03 3.651544751848e-05
3.984822586463e-05 1.453338687111e-03 2.128531752604e-05
1.500098174119e-03 1.426025087831e-03 5.352688777446e-05
1.238565837567e-03 1.554699416688e-03 1.000000000000e-04
1.120362320753e-03 1.699838170489e-03 8.711741648588e-05
1.508518378578e-05 1.508500097839e-03 3.917946136635e-05
2.015085183786e-03 1.508500097839e-03 3.917946136635e-05
2.113387948178e-04 1.312168611709e-03 2.923836203163e-05
9.966362052126e-04 1.709244409564e-03 3.696573708599e-05
2.645105610120e-04 1.320734887566e-03 2.461902188426e-05
1.240939038522e-03 1.703870543582e-03 3.352670853095e-05
5.262982644877e-05 1.556716201697e-03 2.193021760485e-05
1.377305548133e-04 1.302728255720e-03 4.436987797292e-05
1.830614842876e-03 1.589993377927e-03 7.074483982643e-05
1.691894898845e-03 1.568033031362e-03 1.594922227574e-05
6.372555492439e-04 1.546159033497e-03 3.045338198387e-05
1.451463311296e-04 1.558455694666e-03 7.060263858232e-05
1.369941161476e-03 1.581829210735e-03 3.414731252345e-05
1.315297271431e-03 1.741094310732e-03 4.962830119405e-05
1.231515433017e-03 1.788419589688e-03 4.525405527132e-05
7.628910071098e-04 1.500334265594e-03 4.137938479323e-05
1.918459879085e-03 1.630622606240e-03 2.604183324039e-05
1.014609474602e-03 1.810343484509e-03 6.570627900639e-05
1.435726951078e-03 1.594666888719e-03 3.287936939890e-05
8.832089308247e-04 1.414090257515e-03 2.368632052595e-05
1.319447321074e-03 1.856760831959e-03 6.611264681009e-05
1.726395210075e-03 1.613839477948e-03 3.616856294176e-05
8.410969757171e-04 1.486062358406e-03 1.218845843933e-05
1.410441903465e-03 1.873218759868e-03 2.533529187490e-05
3.235907293118e-04 1.177027636234e-03 3.587025004586e-05
6.216330003700e-04 1.615244821592e-03 4.037676802348e-05
2.432729333333e-04 1.558455694742e-03 2.752396362132e-05
1.647037419039e-03 1.651614984575e-03 5.172177100451e-05
3.772682640934e-04 1.188152510184e-03 1.836373825446e-05
1.495559894261e-03 1.608197403432e-03 2.846438267422e-05
6.355882225424e-05 1.599834338439e-03 2.087803568839e-05
9.644575242011e-04 1.880393757271e-03 2.044625341805e-05
4.280154602891e-06 1.706207078869e-03 8.831877458932e-05
2.004280154603e-03 1.706207078869e-03 8.831877458932e-05
8.970891568667e-04 -1.976234934980e-05 1.000000000000e-04
8.970891568667e-04 1.980237650650e-03 1.000000000000e-04
4.582686964819e-04 1.599584187261e-03 2.607500309658e-05
1.594641026542e-03 1.732386847437e-03 4.455651843899e-05
1.698244600294e-03 1.818836680700e-03 9.037783491410e-05
3.585402187177e-04 1.221663898605e-03 2.002575037819e-05
1.398993730843e-03 -4.899466884002e-06 9.346650039771e-05
1.398993730843e-03 1.995100533116e-03 9.346650039771e-05
3.439428116129e-04 1.620202645919e-03 9.009525466545e-05
1.104469591682e-04 1.652611154745e-03 2.974324861355e-05
5.620949661117e-04 1.628411942325e-03 1.901089171991e-05
1.603756471563e-04 1.811553384405e-03 1.000000000000e-04
3.076642939443e-04 1.888838506640e-03 6.633434103988e-05
6.905244852422e-04 1.662351578911e-03 4.308030640996e-05
5.817809929149e-04 1.690389502410e-03 4.468147997991e-05
3.804669356261e-04 1.954025247847e-03 3.053845258227e-05
1.892057796542e-03 1.771415604900e-03 4.147343919505e-05
1.850532576528e-03 1.878807156802e-03 7.329284458492e-05
1.949507893813e-03 1.804899530264e-03 2.438491100075e-05
1.142479055713e-03 1.876117775147e-03 7.808832131764e-05
2.113869750180e-04 1.941338694012e-03 2.856219554557e-05
1.220112162531e-03 1.959192818321e-03 3.561463410866e-05
1.604773044252e-03 1.906234589453e-03 3.758828145448e-05
1.746065629435e-03 -3.876191080786e-05 5.966956559227e-05
1.746065629435e-03 1.961238089192e-03 5.966956559227e-05
1.942554082611e-03 1.949966880756e-03 4.303284598293e-05
4.055290272995e-05 1.917769627465e-03 6.011962627001e-05
2.040552902730e-03 1.917769627465e-03 6.011962627001e-05
6.495295768133e-04 1.726790175502e-03 3.222677459513e-05
1.035538082738e-03 -1.976234934980e-05 3.844892587111e-05
1.035538082738e-03 1.980237650650e-03 3.844892587111e-05
1.120142539922e-03 -2.018778578310e-06 4.580525993533e-05
1.120142539922e-03 1.997981221422e-03 4.580525993533e-05
1.707845143292e-04 1.966271164592e-03 1.908429334113e-05
7.254252428687e-04 1.550738690318e-03 2.142419410104e-05
7.217685168635e-04 1.756908745216e-03 4.603939115493e-05
6.141075212891e-04 1.781671710711e-03 3.309324472908e-05
4.550781250000e-04 1.349609375000e-03 8.053919769441e-05
1.791015625000e-03 2.832031250000e-04 7.716000347555e-05
8.574218750000e-04 1.634765625000e-03 5.192076917189e-05
4.667968750000e-04 1.798828125000e-03 3.735026344192e-05
6.738281250000e-04 9.082031250000e-04 7.364536576840e-05
1.439453125000e-03 1.279296875000e-03 9.744805576263e-05
7.949218750000e-04 5.332031250000e-04 2.196415741145e-05
5.996093750000e-04 1.916015625000e-03 2.553020040445e-05
2.910156250000e-04 1.439453125000e-03 2.759676195960e-05
