# 2D packing, generated 2026-10-01T15:39:43.274132+00:00
# generator = preprocess/generate_packing_gravity.py
# periodic axes = xy
# porosity_achieved = 0.474996  (target 0.475000)
# 222 distinct grains; 247 rows including 25 periodic edge images.
# Centres span [-R, L+R]: a grain need only be PARTLY inside.
# Do NOT drop the out-of-box rows -- they carry the conduction
# paths that cross the domain edge, and k_eff depends on them.
# header row is 'Lx Ly'; grain rows are 'x y r', all in metres
2.000000000000e-03 2.000000000000e-03
1.072152071817e-03 8.588734530537e-06 8.439744489928e-05
1.072152071817e-03 2.008588734531e-03 8.439744489928e-05
1.208677506518e-03 1.392636956265e-04 1.000000000000e-04
9.837222033946e-04 1.145165265806e-04 5.255555607362e-05
4.075694338842e-04 2.342052662524e-06 1.000000000000e-04
4.075694338842e-04 2.002342052663e-03 1.000000000000e-04
8.157783594995e-04 2.680323791237e-05 2.376641146665e-05
2.824116314271e-04 1.207527822975e-06 2.342929637207e-05
2.824116314271e-04 2.001207527823e-03 2.342929637207e-05
2.076214842483e-04 5.180478683609e-05 6.564877306109e-05
2.076214842483e-04 2.051804786836e-03 6.564877306109e-05
9.326682500377e-04 1.739955034885e-04 2.582974131935e-05
1.379262658170e-03 1.668146901409e-04 6.424908806180e-05
1.087473462352e-03 1.154201609714e-04 2.352705965520e-05
1.525253845714e-03 1.044712468566e-04 9.437684884680e-05
1.618231265249e-03 1.895039278472e-04 3.162060104732e-05
1.306099726129e-03 2.143488792475e-04 2.299948647590e-05
8.710796275919e-04 2.249732454804e-04 5.411954631577e-05
9.769910326250e-04 3.200335797306e-04 8.819590005704e-05
3.058281226148e-04 1.117692730810e-04 4.941774669957e-05
2.296261949749e-04 1.557959856592e-04 2.617288601741e-05
1.670889690234e-03 2.631745097411e-04 5.893470999777e-05
5.544093598305e-04 4.187981113688e-05 4.153910705893e-05
1.591063415125e-03 3.619312281981e-04 6.805002781857e-05
1.659008999879e-03 4.470513589408e-04 4.086296105484e-05
1.081037700289e-03 3.350300814956e-04 1.692595360383e-05
1.123578938112e-03 3.791960677519e-04 4.439607553330e-05
6.495408359608e-04 5.099367472313e-05 5.402837031052e-05
6.495408359608e-04 2.050993674723e-03 5.402837031052e-05
-1.380714242374e-06 5.903945347425e-05 1.602430666634e-05
1.998619285758e-03 5.903945347425e-05 1.602430666634e-05
5.047926932861e-04 1.172690239741e-04 4.871372294775e-05
9.592101408012e-05 7.603170006756e-05 3.331602970751e-05
3.013632273949e-04 2.319017366011e-04 7.079780726601e-05
8.613674864266e-04 3.200335798378e-04 2.742764614136e-05
5.936651787115e-04 1.265630305015e-04 3.995469449395e-05
1.602358036709e-03 5.248932705452e-04 5.541109999133e-05
8.602049481346e-04 4.058548503269e-04 5.673263411530e-05
1.464130947624e-03 2.226739323258e-04 3.735249407300e-05
-3.492477743355e-05 1.299969967496e-04 6.103021305861e-05
1.965075222566e-03 1.299969967496e-04 6.103021305861e-05
1.416099887598e-03 2.663469252215e-04 2.754959826250e-05
1.309295208156e-03 3.373068499852e-04 1.000000000000e-04
1.743953012950e-03 4.511792725485e-04 4.418129229152e-05
1.197790302575e-03 4.504555673235e-04 5.848853407716e-05
1.393529023869e-03 4.495814327199e-04 4.035995738778e-05
7.234353403950e-04 7.909356083133e-05 1.919939198385e-05
1.680817378272e-03 6.114722495051e-04 6.142976561721e-05
9.566760058438e-04 4.951198855281e-04 7.470142343831e-05
4.562259945268e-05 1.543157690270e-04 2.310825976051e-05
4.506356262356e-04 2.323505192615e-04 7.847536455019e-05
2.038689566006e-04 3.044965779580e-04 5.075540027237e-05
3.706080354606e-04 3.918768648475e-04 1.000000000000e-04
6.473270752693e-04 1.796601436972e-04 3.553638160377e-05
1.755121925617e-03 6.767465888287e-04 3.747374862913e-05
1.858135660409e-03 6.767465888287e-04 6.553998616297e-05
1.937825763903e-03 7.329903414351e-04 3.199909473335e-05
7.662845457692e-04 8.036761409869e-05 2.366875018406e-05
1.888168288073e-03 7.797953116402e-04 3.623997136276e-05
1.536413225321e-03 5.843898545791e-04 3.340647518845e-05
5.541866607308e-04 1.776856756066e-04 2.463693211230e-05
1.294853132467e-03 5.146116534561e-04 5.786092374081e-05
1.412283269779e-04 1.251854892439e-04 3.330971103038e-05
5.038635889780e-04 3.899512642071e-04 3.230810639971e-05
1.711614408910e-03 7.190440614740e-04 2.320557406143e-05
1.615163304545e-03 7.328040973598e-04 7.422211256189e-05
7.820291250400e-04 4.557691046222e-04 3.601914267834e-05
7.985461035248e-05 3.902146982927e-04 1.000000000000e-04
2.079854610352e-03 3.902146982927e-04 1.000000000000e-04
-1.578229124061e-05 4.666844779939e-04 2.245023550533e-05
1.984217708759e-03 4.666844779939e-04 2.245023550533e-05
8.516969101389e-04 5.610350212787e-04 4.925589040818e-05
2.279476101245e-04 4.188923663498e-04 4.519597065619e-05
2.772775782530e-04 4.666592775069e-04 1.959572131718e-05
-4.171932420750e-05 8.444396681654e-04 5.912584925592e-05
1.958280675793e-03 8.444396681654e-04 5.912584925592e-05
9.389340297705e-04 6.272262171180e-04 5.859096404543e-05
1.716990343521e-04 5.069132329168e-04 4.799327509086e-05
2.124000229716e-04 5.613377344557e-04 1.996698419622e-05
1.096761813693e-03 5.309147197831e-04 6.988524164552e-05
2.455156163774e-04 4.761048741479e-04 1.354130926487e-05
1.701077997193e-03 7.863544838803e-04 2.701512519843e-05
7.659425416948e-04 6.090700205283e-04 4.903537502350e-05
1.079316066997e-03 7.010095316334e-04 1.000000000000e-04
2.552475313850e-04 5.886329033261e-04 3.083592143817e-05
6.027768604440e-04 2.299367178784e-04 3.163843177442e-05
9.551322678526e-04 7.068979292690e-04 2.271072495326e-05
9.678052367971e-04 7.842973126231e-04 3.918160695343e-05
4.802373218518e-04 5.179502293001e-04 6.707233117548e-05
6.784950540832e-04 6.950356111520e-04 7.359066568914e-05
8.409002428332e-04 8.180250977147e-04 9.212886856237e-05
1.511091788138e-03 7.419480573610e-04 3.025033611136e-05
3.034811400092e-04 6.524587655754e-04 4.916546412972e-05
1.408864314859e-03 5.998795954478e-04 8.450891731393e-05
1.224064486149e-03 7.622673429843e-04 5.717704761957e-05
1.859484664870e-03 8.538497897584e-04 4.011729742215e-05
2.354412458384e-04 7.242751071738e-04 4.976387489230e-05
1.137407154957e-03 8.835715847984e-04 9.158151726141e-05
6.131276891966e-04 7.763859030021e-04 3.076814982886e-05
1.462306733188e-03 6.815370645579e-04 1.308224180570e-05
5.395090347393e-04 8.539962426019e-04 7.620414142872e-05
7.082993201197e-04 8.189726556189e-04 4.047543970266e-05
6.465455597428e-04 8.162867929669e-04 2.127832067424e-05
1.529067694030e-03 8.157782012361e-04 4.534860318411e-05
1.797557718800e-03 8.641367845643e-04 2.265824647599e-05
9.343022591092e-04 9.106487741905e-04 3.941231163732e-05
1.073729795755e-04 5.478306275729e-04 2.824368778514e-05
1.898214698696e-03 9.601330074562e-04 7.123085506258e-05
3.654407866175e-04 5.439682463505e-04 4.647695274094e-05
1.456634603405e-03 8.428487263979e-04 3.197775681026e-05
8.532665097252e-04 9.762404964619e-04 6.484250460041e-05
6.528867566647e-05 5.823314651469e-04 2.617502617266e-05
1.659494946284e-03 8.333048801544e-04 3.562187590162e-05
1.724907069107e-03 9.077842287366e-04 6.209561056638e-05
1.631206663137e-06 9.601330074562e-04 3.218565290424e-05
2.001631206663e-03 9.601330074562e-04 3.218565290424e-05
4.703873012044e-04 9.519465201142e-04 4.367943088876e-05
-9.160332526412e-06 1.055166348119e-03 6.147453547791e-05
1.990839667474e-03 1.055166348119e-03 6.147453547791e-05
7.986235289217e-04 1.050166880998e-03 2.708662941995e-05
6.815764400952e-04 1.099674953540e-03 1.000000000000e-04
1.736486171053e-04 7.752213057457e-04 3.032260408313e-05
1.892145001259e-03 1.182968493909e-03 1.000000000000e-04
8.336258314324e-04 1.124363027718e-03 5.404063886778e-05
1.585508035441e-03 9.272696757375e-04 7.865869036917e-05
5.321225079766e-04 1.206007581594e-03 8.342057033985e-05
9.181739961943e-04 1.253126866736e-03 1.000000000000e-04
6.239129226927e-04 1.248005282957e-03 1.752140558572e-05
6.079110631421e-04 1.313694288019e-03 4.826212341959e-05
1.364561107975e-03 8.955081133611e-04 7.409080401785e-05
1.073392893296e-03 1.315215892705e-03 6.717641339833e-05
1.498152805455e-04 1.083464405583e-03 1.000000000000e-04
7.485528520719e-04 1.360040850062e-03 9.972455960114e-05
1.217002344111e-03 1.319748218286e-03 7.650454009293e-05
9.911425242262e-04 1.347204388035e-03 1.905734048336e-05
1.722339163156e-03 1.284587236256e-03 9.788983984413e-05
3.876651194632e-04 1.258211991570e-03 7.018033305651e-05
6.196260385154e-04 1.448624990075e-03 5.670202302934e-05
1.861677702585e-03 1.333794819700e-03 4.988233222643e-05
5.245015383898e-04 1.502269812907e-03 5.250622277529e-05
8.738545324101e-04 1.369365494517e-03 2.440109912411e-05
1.010549322911e-03 1.417892271082e-03 5.320528411317e-05
-2.862599000476e-05 1.362639844433e-03 6.354304108743e-05
1.971374009995e-03 1.362639844433e-03 6.354304108743e-05
2.402071069202e-04 1.156089165773e-03 1.595274066639e-05
1.455919610184e-03 1.009084573810e-03 7.166923266548e-05
3.691979450625e-05 1.172028478184e-03 4.348862576455e-05
2.036919794506e-03 1.172028478184e-03 4.348862576455e-05
1.551786146897e-03 1.384946876343e-03 1.000000000000e-04
1.439660749657e-03 1.461611937681e-03 3.582943840031e-05
1.081833427995e-03 1.505839497233e-03 6.000310155524e-05
1.325591683139e-03 1.319747906089e-03 3.208479904441e-05
1.386848819902e-03 1.529502136088e-03 5.018322906316e-05
1.482336473792e-03 1.597851409285e-03 6.716573970061e-05
1.791643426098e-03 1.397121383337e-03 3.427296328536e-05
1.389733611885e-03 1.640792994324e-03 3.490908461484e-05
9.263833761604e-05 1.203141977282e-03 2.032834589962e-05
1.169476111758e-03 1.514505333254e-03 2.806697161795e-05
1.839327751173e-03 1.439511189639e-03 2.952900013453e-05
2.709612179375e-04 1.299830422156e-03 5.372242881524e-05
6.859190532557e-04 1.550370274963e-03 6.473465577387e-05
9.769185209562e-04 1.573077640587e-03 6.460873092827e-05
5.557738962175e-04 1.651535237665e-03 1.000000000000e-04
1.273999196095e-03 1.640094343765e-03 8.028434642128e-05
1.752235263979e-03 1.502745632408e-03 7.809858033549e-05
6.248090815899e-05 1.234342450509e-03 2.306451158888e-05
-5.829792056958e-05 1.523468644170e-03 1.000000000000e-04
1.941702079430e-03 1.523468644170e-03 1.000000000000e-04
1.825185476094e-03 1.589790479151e-03 3.406977529705e-05
1.362964616933e-03 1.690667217104e-03 2.169495401050e-05
1.181220707020e-03 1.698782662500e-03 2.927591196869e-05
2.005710847574e-04 1.373254421161e-03 4.799214477419e-05
4.534815519370e-04 1.339062821669e-03 3.407246327558e-05
1.335208172981e-03 1.795241272763e-03 8.650002414376e-05
7.949665972194e-04 1.614461646561e-03 6.095096295760e-05
1.762044772200e-03 1.669001182777e-03 6.722723382604e-05
7.029079420162e-04 1.673951466384e-03 4.865681955956e-05
5.238935471380e-05 1.585648112485e-03 2.695652480126e-05
1.852032783299e-03 1.735060195007e-03 4.440446076985e-05
3.415139231056e-04 1.344585890981e-03 2.775016998204e-05
8.761615098377e-04 1.666046037173e-03 3.524452315404e-05
1.655472650693e-03 1.721300551026e-03 5.148603839651e-05
4.180219851372e-04 1.750221355050e-03 6.945366326274e-05
8.203974606846e-04 1.711287421896e-03 3.547588173873e-05
1.445082339349e-03 1.882517158114e-03 5.051397932310e-05
1.554988321136e-03 1.658021706385e-03 2.716747595287e-05
1.101096632484e-04 1.246693413200e-03 2.613959993404e-05
1.213763843525e-03 1.874575630246e-03 5.751431247266e-05
1.583761045806e-03 1.781551952164e-03 4.217711131796e-05
9.578566404806e-04 1.680090712800e-03 4.408882616954e-05
1.331873696030e-03 -1.828851441742e-05 1.000000000000e-04
1.331873696030e-03 1.981711485583e-03 1.000000000000e-04
6.665075841904e-04 1.818082532292e-03 1.000000000000e-04
9.006493889680e-04 1.725154729804e-03 2.873591892663e-05
1.775209688253e-03 1.785973668387e-03 4.666011276056e-05
1.930729163880e-03 1.787204236529e-03 4.999051826593e-05
8.644317729612e-04 1.754663458679e-03 1.798120034470e-05
8.398650538780e-04 1.844752248837e-03 7.539726279264e-05
5.171222982115e-04 1.850782109638e-03 3.318570355870e-05
1.668936069627e-03 1.826408840826e-03 5.408570976728e-05
-8.415459269705e-06 1.840371948812e-03 3.081902665975e-05
1.991584540730e-03 1.840371948812e-03 3.081902665975e-05
9.291664420056e-04 1.911166054804e-03 3.589321342580e-05
5.567249018525e-04 -6.212305093903e-05 6.249052734715e-05
5.567249018525e-04 1.937876949061e-03 6.249052734715e-05
1.850666033114e-03 1.832817863562e-03 4.215451997041e-05
1.876446226475e-03 1.907326708644e-03 3.668827981337e-05
2.576295434169e-04 1.424382972613e-03 2.862244966800e-05
6.477387928773e-04 1.968558768076e-03 2.618912935063e-05
-4.145220820356e-05 1.909651687217e-03 4.544621692507e-05
1.958547791796e-03 1.909651687217e-03 4.544621692507e-05
7.153902053701e-04 -1.849258704477e-05 4.170314312167e-05
7.153902053701e-04 1.981507412955e-03 4.170314312167e-05
7.920443227069e-04 1.950752511226e-03 4.089070690934e-05
8.781407196205e-04 -1.948523921255e-05 5.020480765808e-05
8.781407196205e-04 1.980514760787e-03 5.020480765808e-05
1.033734004132e-04 -7.692684687419e-05 1.000000000000e-04
1.033734004132e-04 1.923073153126e-03 1.000000000000e-04
1.589288054687e-03 1.857816210169e-03 3.153104754673e-05
1.751376878969e-03 1.870084892703e-03 3.920997369401e-05
3.105727233215e-04 1.750056521793e-03 3.799573175987e-05
1.681751044629e-03 -5.822689823703e-05 6.072478565269e-05
1.681751044629e-03 1.941773101763e-03 6.072478565269e-05
1.796397458318e-03 -2.355333295536e-05 5.905023804200e-05
1.796397458318e-03 1.976446667045e-03 5.905023804200e-05
1.251953125000e-03 1.095703125000e-03 2.998440136296e-05
2.207031250000e-04 1.591796875000e-03 2.243762005687e-05
2.988281250000e-04 9.003906250000e-04 2.546399815626e-05
1.861328125000e-03 3.027343750000e-04 3.062520524075e-05
1.091796875000e-03 1.099609375000e-03 7.027627874616e-05
1.427734375000e-03 1.201171875000e-03 3.169227976964e-05
3.535156250000e-04 1.537109375000e-03 8.527891117405e-05
1.347656250000e-04 1.705078125000e-03 2.344625584751e-05
6.542968750000e-04 3.691406250000e-04 5.748431565418e-05
3.652343750000e-04 1.072265625000e-03 2.150947689372e-05
1.052734375000e-03 1.810546875000e-03 2.382865383664e-05
1.791015625000e-03 1.464843750000e-04 6.895919235556e-05
1.701171875000e-03 1.076171875000e-03 3.065505772486e-05
1.560546875000e-03 1.154296875000e-03 3.244860111900e-05
4.550781250000e-04 6.894531250000e-04 3.661885551425e-05
3.730468750000e-04 7.988281250000e-04 3.662468028581e-05
1.113281250000e-04 8.886718750000e-04 3.722335823282e-05
1.873046875000e-03 5.136718750000e-04 4.178174750357e-05
6.445312500000e-05 7.089843750000e-04 7.346226881235e-05
2.064453125000e-03 7.089843750000e-04 7.346226881235e-05
6.425781250000e-04 5.214843750000e-04 5.619645136392e-05
1.425781250000e-04 1.501953125000e-03 1.729718595734e-05
