# 2D packing, generated 2026-09-28T19:12:46.612318+00:00
# generator = preprocess/generate_packing_gravity.py
# periodic axes = xy
# porosity_achieved = 0.424963  (target 0.425000)
# 254 distinct grains; 278 rows including 24 periodic edge images.
# Centres span [-R, L+R]: a grain need only be PARTLY inside.
# Do NOT drop the out-of-box rows -- they carry the conduction
# paths that cross the domain edge, and k_eff depends on them.
# header row is 'Lx Ly'; grain rows are 'x y r', all in metres
2.000000000000e-03 2.000000000000e-03
8.145774359409e-05 2.384212996963e-05 6.147221434509e-05
8.145774359409e-05 2.023842129970e-03 6.147221434509e-05
1.508951201570e-03 5.108468093224e-05 4.831989282585e-05
8.449381513869e-04 2.125983702570e-05 3.211894034432e-05
8.449381513869e-04 2.021259837026e-03 3.211894034432e-05
1.773460157087e-03 1.308989068325e-05 2.051693027088e-05
1.773460157087e-03 2.013089890683e-03 2.051693027088e-05
1.910902698504e-03 3.403592474180e-05 4.127513983330e-05
1.910902698504e-03 2.034035924742e-03 4.127513983330e-05
1.077267863935e-03 7.009927126059e-05 8.686465730034e-05
1.077267863935e-03 2.070099271261e-03 8.686465730034e-05
9.698426429796e-04 4.572556917625e-05 2.329097514666e-05
5.833127777097e-04 4.005064340455e-05 1.000000000000e-04
5.833127777097e-04 2.040050643405e-03 1.000000000000e-04
1.433405053544e-03 1.121098008948e-04 4.879491422252e-05
7.949514524537e-04 6.397125352439e-05 3.363009151260e-05
6.869908271026e-04 1.249382282231e-04 3.354835507303e-05
1.250714245588e-03 1.873922926230e-05 2.162497959371e-05
1.250714245588e-03 2.018739229262e-03 2.162497959371e-05
1.586297112196e-03 8.116137384513e-05 3.466804212289e-05
2.924031671476e-04 7.153784457792e-05 9.007402364070e-05
2.924031671476e-04 2.071537844578e-03 9.007402364070e-05
9.917117152963e-04 1.484518446598e-04 2.914822371713e-05
3.735753733546e-04 1.740719752072e-04 4.070126280196e-05
1.225224620822e-03 8.705239850095e-05 5.128877208863e-05
4.475364523163e-04 8.711043286088e-05 4.370085872176e-05
1.785101879663e-03 1.012446179537e-04 6.840317794253e-05
-1.517155164947e-05 1.313927041487e-04 8.096789263403e-05
1.984828448351e-03 1.313927041487e-04 8.096789263403e-05
1.303069854382e-04 1.419266859761e-04 6.489152436164e-05
8.973534074253e-04 5.774776624203e-05 3.174598906732e-05
6.166901770970e-04 2.039462218654e-04 6.726028445456e-05
9.015452524740e-04 1.525002195635e-04 6.110909294749e-05
1.530723855218e-03 1.501164596162e-04 5.307705799698e-05
1.952814159823e-04 2.201188461634e-04 3.677307389792e-05
7.327739945432e-04 3.156399144681e-04 9.383305239579e-05
1.891711805160e-03 2.374660891134e-04 6.017838693770e-05
-3.807907861344e-05 3.170677893711e-04 4.596185371228e-05
1.961920921387e-03 3.170677893711e-04 4.596185371228e-05
1.887282907890e-03 3.805145457118e-04 5.199897493274e-05
1.630239708087e-03 1.489515579353e-04 4.611847155745e-05
4.282774359510e-04 1.478081679286e-04 1.997913819127e-05
4.677315833105e-04 2.778362339119e-04 9.901802017750e-05
1.019895775431e-04 3.100865503793e-04 9.283230763095e-05
1.358211671127e-03 1.253283755823e-04 2.755150334977e-05
5.979726863433e-04 3.310915704677e-04 4.143984976294e-05
1.059120704726e-03 2.421596556892e-04 8.615017786931e-05
8.646441342891e-04 2.575732774400e-04 5.025536145255e-05
2.517084252690e-04 2.548036431607e-04 2.946167921388e-05
3.008100893412e-04 1.978620880157e-04 3.585434169312e-05
9.453620391797e-04 3.179203386557e-04 5.052732080880e-05
1.132518252338e-03 3.210753830444e-04 2.162226443435e-05
1.085910195727e-03 3.590247357235e-04 3.374615111737e-05
5.448669186128e-04 4.303773977912e-04 7.115632278747e-05
1.002516452548e-03 4.320138543139e-04 7.707771548755e-05
6.484484239974e-04 4.846594282832e-04 4.578668509277e-05
3.362862260262e-04 2.579484946780e-04 3.392342650281e-05
2.886258585464e-04 3.090976227786e-04 3.598900700502e-05
1.386584186601e-03 1.981699348983e-04 4.917722592967e-05
7.217786043979e-04 4.871770711472e-04 2.758670165717e-05
1.193284328574e-03 1.898818162567e-04 5.638701627088e-05
3.507515903127e-04 3.877969671370e-04 6.153013941708e-05
1.106200296509e-03 5.134677932865e-04 5.476813941343e-05
2.161992309092e-04 3.330757526134e-04 2.366811443419e-05
4.137878749240e-04 5.282817315605e-04 9.244891872794e-05
5.739186971325e-04 5.579173829661e-04 5.871885596067e-05
2.040479551022e-04 3.984884025889e-04 4.218917178650e-05
4.863237155639e-04 6.235160735679e-04 2.726337087524e-05
1.805406237618e-03 4.299061413528e-04 4.362172813337e-05
2.570178645515e-04 5.686489914226e-04 6.942537604063e-05
1.658709878682e-06 4.462415394775e-04 7.629623538485e-05
2.001658709879e-03 4.462415394775e-04 7.629623538485e-05
8.637457956843e-04 3.804994366690e-04 5.231904225152e-05
5.177566410935e-04 6.552186705475e-04 1.738060163127e-05
1.691426501802e-03 5.172893240330e-04 1.000000000000e-04
1.585525838867e-03 2.216377815102e-04 3.702597689818e-05
3.394260896041e-04 6.223738514372e-04 2.748024164965e-05
1.478106624025e-03 2.407114648775e-04 5.168948244773e-05
1.823513158248e-03 5.172893240330e-04 3.208665644636e-05
1.667915779059e-04 5.865318765153e-04 2.255603719644e-05
1.200912387705e-03 5.830002239694e-04 6.272713340861e-05
1.005978725354e-03 5.668451754128e-04 5.779805411183e-05
1.038454818748e-04 4.920995045429e-04 3.570862759406e-05
1.769026492212e-03 6.102649763490e-04 2.110421311930e-05
1.066891996532e-03 6.221135209882e-04 2.445166803253e-05
6.996428860887e-04 5.932886098680e-04 7.188585184031e-05
2.935860916683e-04 6.721897393924e-04 4.021708852900e-05
1.733021779472e-03 6.288451956242e-04 1.905830341042e-05
1.015017518966e-03 6.725657632533e-04 4.789004328392e-05
6.235062814885e-04 6.568747425447e-04 2.731081558766e-05
7.780677160678e-04 6.856276940971e-04 4.926265386041e-05
9.383771756141e-04 7.412790532296e-04 5.504322854032e-05
8.361961203093e-04 7.690805719508e-04 5.085243948443e-05
1.829160085852e-03 6.484457589177e-04 5.012654738186e-05
6.664393971013e-04 6.987691297735e-04 3.267578372830e-05
1.818771372709e-04 6.497795963255e-04 4.115626907544e-05
3.582265582256e-04 7.548044466936e-04 6.468086117545e-05
1.776972869016e-03 7.113832380056e-04 3.163305067866e-05
1.006198334160e-03 8.112118543025e-04 4.237497413465e-05
1.704626247642e-03 7.566559799754e-04 5.371128006274e-05
2.231673877139e-04 7.094967873507e-04 3.144557446578e-05
1.556219108509e-03 2.990024576792e-04 4.570356778209e-05
5.217963089210e-04 7.739021589991e-04 1.000000000000e-04
1.513498219166e-03 5.172893241845e-04 7.792828263559e-05
6.543128002662e-04 8.266564452768e-04 4.263111603904e-05
3.972474578964e-04 8.759457118831e-04 6.100980603132e-05
1.441641013782e-03 6.239955047082e-04 5.071722613774e-05
6.085251629027e-05 5.542966158473e-04 3.990139650568e-05
4.848393320724e-04 8.959334902604e-04 2.750206284592e-05
5.192469514471e-04 9.420678582602e-04 3.005021062586e-05
7.707188924071e-04 9.062838641844e-04 9.840400080803e-05
1.312325438470e-03 6.338300770211e-04 5.973323504564e-05
2.516079545068e-04 7.510308641993e-04 1.889273479430e-05
-6.863917652753e-06 6.323292219432e-04 6.341657405159e-05
1.993136082347e-03 6.323292219432e-04 6.341657405159e-05
1.869670527800e-04 7.898001312820e-04 5.648230088561e-05
1.228761931260e-03 6.750851659080e-04 3.277270693348e-05
1.280229626505e-03 7.339815005411e-04 4.543543319141e-05
1.081028364434e-03 8.293506437815e-04 3.462209798231e-05
4.405782728487e-04 9.872560491348e-04 5.843704701852e-05
1.599438377414e-03 7.566559799754e-04 5.147659016473e-05
6.160974637354e-04 1.008718321764e-03 8.706880595949e-05
1.910528702961e-03 7.079638230519e-04 4.858597955308e-05
3.224866423887e-04 9.872560492106e-04 5.965458344147e-05
2.488720479202e-04 9.872560492642e-04 1.396001102703e-05
1.823966681432e-03 8.090490220879e-04 7.662355794718e-05
3.810382056255e-04 1.091520091745e-03 5.992499726981e-05
-1.179185895688e-05 7.289817868529e-04 3.188668601179e-05
1.988208141043e-03 7.289817868529e-04 3.188668601179e-05
1.506185212909e-03 7.062094725470e-04 5.380592990326e-05
2.241186003032e-04 1.019926711062e-03 2.702907668241e-05
1.396490315972e-03 7.522791636812e-04 6.517048311721e-05
9.231379222413e-04 9.840709364421e-04 7.271697775212e-05
1.731274321519e-04 1.060402457328e-03 3.807380547488e-05
8.347282060154e-05 1.097499527909e-03 5.895269615218e-05
1.311306535372e-03 8.112921560540e-04 3.788750315018e-05
1.947815287691e-03 7.866469077972e-04 3.848478032577e-05
4.438460950741e-04 1.135784015822e-03 1.691331317309e-05
1.649299182666e-03 8.218489247052e-04 3.059788785907e-05
4.152720080204e-04 1.209844207530e-03 6.246798466667e-05
1.133116288820e-03 8.676866240501e-04 3.005246618280e-05
1.878667700524e-03 8.938549116224e-04 2.429343957792e-05
1.712602205791e-03 8.750207169291e-04 5.207322091030e-05
1.263095146563e-03 8.380032581324e-04 1.722892802227e-05
1.562813201623e-04 1.205000688518e-03 7.088403647989e-05
1.775185592980e-03 9.727175523967e-04 6.394984581521e-05
-6.397166067029e-05 1.004484876640e-03 1.000000000000e-04
1.936028339330e-03 1.004484876640e-03 1.000000000000e-04
5.360049922293e-04 1.099193796420e-03 3.374617666280e-05
1.188807201195e-03 9.329244180184e-04 5.572309842044e-05
1.037109005200e-03 8.562571533806e-04 1.225604775939e-05
2.327566184945e-04 1.253013195866e-03 1.941364963009e-05
3.476876801622e-04 1.286757128294e-03 3.991970381403e-05
6.053921189228e-04 1.146403200789e-03 5.017820981327e-05
8.209711621527e-04 1.034348974769e-03 3.916766479968e-05
1.025813647124e-03 1.008624849688e-03 3.285384751579e-05
1.489933886797e-03 8.019053010513e-04 4.063336576705e-05
7.217712558322e-04 1.156682960638e-03 6.665406875237e-05
8.392535057584e-05 1.265923328420e-03 2.370430522997e-05
1.560938588970e-03 8.430311533348e-04 4.142151499412e-05
8.750627946409e-04 1.077312275186e-03 2.991018904058e-05
1.418911381841e-03 8.792301308912e-04 6.374519579817e-05
8.796878046978e-04 1.209936428181e-03 1.000000000000e-04
1.109198996339e-03 1.003518679445e-03 5.067716486294e-05
2.594127852292e-04 1.328802793153e-03 5.785705727398e-05
1.691739872488e-03 1.037809436165e-03 4.188087562707e-05
1.177387585231e-03 1.079175069345e-03 5.117357390561e-05
1.626008939211e-03 1.101502322517e-03 4.964693086459e-05
6.496176769441e-04 1.197353939582e-03 1.617266593622e-05
-8.538373218449e-06 1.127099264969e-03 3.456276447449e-05
1.991461626782e-03 1.127099264969e-03 3.456276447449e-05
7.792369669252e-04 1.304874131226e-03 3.801950222769e-05
1.728881900812e-04 1.393268306302e-03 4.943769535712e-05
1.905186629469e-03 1.174020581960e-03 6.364612081321e-05
1.323494211332e-03 9.832228323000e-04 7.738920246887e-05
6.654104128715e-04 1.287734597801e-03 7.557739677482e-05
6.007628649959e-04 1.373594593796e-03 3.189931897195e-05
1.766771822619e-03 1.133024448751e-03 7.934491437730e-05
1.667363515013e-03 1.167529292316e-03 2.588148844380e-05
9.796318576300e-04 1.298235473114e-03 3.336246258963e-05
3.100451679996e-04 1.387917790490e-03 1.997751791723e-05
5.045153669494e-04 1.282452337453e-03 5.258121195713e-05
2.591210860838e-04 1.453852745124e-03 5.595012838573e-05
1.303848921832e-03 1.162006100924e-03 1.000000000000e-04
1.065153383511e-03 1.114186212868e-03 6.639468799594e-05
3.108324822888e-04 1.526342564529e-03 3.309398435366e-05
5.614509606727e-04 1.413065129438e-03 2.380839166132e-05
3.963936520561e-04 1.548542117453e-03 5.530033354505e-05
1.179644333686e-03 1.162006100924e-03 2.420458814622e-05
1.108694491792e-03 1.331826669402e-03 1.000000000000e-04
1.810798966453e-03 1.307703123556e-03 1.000000000000e-04
1.374769159533e-03 1.271909897620e-03 3.079955903514e-05
1.674238321917e-03 1.387975131397e-03 5.840582337439e-05
1.190895165613e-03 1.442712897305e-03 3.394028567689e-05
1.763961466480e-03 1.455650362181e-03 5.397824814741e-05
7.487383950437e-04 1.404457372767e-03 6.612935702007e-05
1.871635278760e-03 1.506243984753e-03 6.498759115580e-05
1.255397035614e-03 1.477793312799e-03 3.795527999958e-05
1.500448425212e-03 1.117831347049e-03 7.697091826371e-05
4.687762855849e-04 1.633435763783e-03 5.626232250469e-05
9.402025084771e-04 1.406142905022e-03 8.152308896327e-05
1.574075198272e-03 1.473519977092e-03 7.331574647358e-05
1.123489360662e-03 1.469703602401e-03 3.866862200236e-05
1.191171099951e-03 1.516428244859e-03 3.699578462157e-05
-2.687414055396e-05 1.533597798098e-03 4.012458260356e-05
1.973125859446e-03 1.533597798098e-03 4.012458260356e-05
1.922775947368e-03 1.602947941156e-03 4.437379931186e-05
6.924462357554e-04 1.486990521159e-03 3.377323444237e-05
5.658508415285e-04 1.640864670643e-03 3.965790958119e-05
1.673593530975e-04 1.489465277362e-03 4.244483752188e-05
1.432707527178e-03 1.205350606714e-03 3.370179779069e-05
1.045551021473e-03 1.463305552539e-03 3.833465031138e-05
1.755139200742e-03 1.586448164976e-03 7.644807166928e-05
2.271410135664e-04 1.539674281797e-03 3.383827710919e-05
1.425414740548e-03 1.320326963003e-03 3.926603235365e-05
1.093697978167e-03 1.589633189403e-03 8.490614714829e-05
1.251440100395e-03 1.555973068518e-03 3.508854846604e-05
1.003780784501e-03 1.697418333880e-03 5.546121394842e-05
9.060926295947e-04 1.736230479104e-03 4.965589048184e-05
5.319686740977e-04 1.776350181377e-03 1.000000000000e-04
3.828708434106e-04 1.784312642278e-03 4.931041157761e-05
1.648425403979e-03 1.644021435355e-03 4.480585973806e-05
7.546343747911e-04 1.506065986029e-03 3.127472631913e-05
7.912103837864e-04 1.808157850401e-03 8.588674629996e-05
6.586020219875e-04 1.888542899804e-03 6.918447154817e-05
1.568201331043e-03 1.686646659902e-03 4.603912716917e-05
7.681783181882e-05 1.550034069757e-03 6.486196968104e-05
1.136070088534e-03 1.779073740074e-03 1.000000000000e-04
1.297840424597e-03 1.590787825912e-03 2.292058683321e-05
1.719681587908e-03 1.715319668012e-03 5.599175273917e-05
9.001130432760e-04 1.832057549560e-03 2.352548778235e-05
1.534726199367e-05 1.672845201022e-03 7.162221453505e-05
2.015347261994e-03 1.672845201022e-03 7.162221453505e-05
1.335241348730e-03 1.306842935440e-03 2.195235996590e-05
4.225360568895e-04 1.889880499370e-03 5.768527089980e-05
1.382861889200e-03 1.376767021498e-03 3.141794999566e-05
8.795956497812e-04 1.875243486801e-03 2.295283327189e-05
5.159060974192e-04 1.915369255724e-03 3.803354320098e-05
1.611831513078e-03 1.820143674280e-03 9.440675433767e-05
4.676116917822e-04 1.967747752771e-03 3.177693880164e-05
1.910455756552e-03 1.735446181885e-03 5.052978388820e-05
1.256470835103e-03 1.626370812035e-03 3.146369514000e-05
1.445957845408e-03 1.440724082366e-03 5.842416331791e-05
1.342134229013e-03 1.882704231572e-03 9.529049258380e-05
7.738802122676e-04 -4.316526796481e-05 6.379679465823e-05
7.738802122676e-04 1.956834732035e-03 6.379679465823e-05
1.817243985085e-03 1.799920403986e-03 6.280758706933e-05
1.498033977060e-03 1.885484131325e-03 3.681540282584e-05
1.184223317307e-03 -5.211690758437e-05 7.554320875752e-05
1.184223317307e-03 1.947883092416e-03 7.554320875752e-05
9.678808607186e-04 1.768227086478e-03 1.583610116344e-05
1.707536178062e-03 1.888147378592e-03 2.201837154284e-05
1.668527560615e-03 -7.862989105037e-06 8.648714896739e-05
1.668527560615e-03 1.992137010895e-03 8.648714896739e-05
1.538354835843e-03 -4.028225035016e-05 4.766182335180e-05
1.538354835843e-03 1.959717749650e-03 4.766182335180e-05
9.990607193723e-04 1.782156790091e-03 1.831386557740e-05
9.021560410845e-04 -2.389991822496e-05 4.077338042175e-05
9.021560410845e-04 1.976100081775e-03 4.077338042175e-05
1.908342199448e-03 1.817725290339e-03 3.001427801818e-05
1.626746697656e-04 1.564535610012e-03 2.221093822956e-05
7.120159705670e-05 1.753591712558e-03 2.655978926690e-05
1.306640625000e-03 3.886718750000e-04 4.374153199278e-05
2.050781250000e-04 1.857421875000e-03 3.362109180866e-05
2.285156250000e-04 1.701171875000e-03 2.617878603736e-05
1.408203125000e-03 1.677734375000e-03 1.712404915206e-05
1.724609375000e-03 2.910156250000e-04 6.188143262920e-05
9.765625000000e-06 1.384765625000e-03 8.416401157682e-05
2.009765625000e-03 1.384765625000e-03 8.416401157682e-05
8.691406250000e-04 1.583984375000e-03 3.740018441852e-05
7.089843750000e-04 1.634765625000e-03 4.811777941531e-05
1.230468750000e-04 9.316406250000e-04 3.293701815819e-05
2.539062500000e-05 1.873046875000e-03 4.984778496723e-05
2.025390625000e-03 1.873046875000e-03 4.984778496723e-05
1.556640625000e-03 1.283203125000e-03 5.157302928577e-05
8.535156250000e-04 5.292968750000e-04 2.614631691021e-05
4.199218750000e-04 1.400390625000e-03 3.047075507324e-05
1.576171875000e-03 9.707031250000e-04 4.062531913285e-05
