# periodic 2D packing, generated 2026-08-03T18:14:00.853197+00:00
# porosity_achieved = 0.325945  (target 0.325000)
# 75 distinct grains; 90 rows including 15 periodic edge images.
# Centres span [-R, L+R]: a grain need only be PARTLY inside.
# Do NOT drop the out-of-box rows -- they carry the conduction
# paths that cross the domain edge, and k_eff depends on them.
# header row is 'Lx Ly'; grain rows are 'x y r', all in metres
2.000000000000e-03 2.000000000000e-03
1.341479465639e-04 5.205138811286e-04 6.370573625880e-05
1.182005120165e-03 7.728946399430e-04 8.086746175030e-05
1.946882977279e-04 1.632465197491e-03 2.000000000000e-04
2.194688297728e-03 1.632465197491e-03 2.000000000000e-04
9.394778058009e-04 1.724202764970e-03 1.227002097175e-04
9.847790654607e-04 1.230435246940e-03 3.884081158087e-05
1.496006937088e-03 5.513935204018e-04 8.802039543243e-05
1.077186920597e-03 3.734857329673e-04 6.461446586339e-05
7.908017458443e-04 -3.240896046648e-06 9.505787794495e-05
7.908017458443e-04 1.996759103953e-03 9.505787794495e-05
3.807373914381e-04 1.783266854252e-03 3.949113806277e-05
1.656873966454e-03 1.054211627906e-03 9.958943895962e-05
2.028236666002e-04 1.205825990864e-03 9.927171090889e-05
1.629175142345e-05 2.871716585699e-04 1.940242597890e-04
2.016291751423e-03 2.871716585699e-04 1.940242597890e-04
1.699519926744e-03 1.420677510009e-04 1.033883921559e-04
1.392392837405e-03 1.603376800268e-03 1.139139702798e-04
8.273440576218e-04 1.603803908088e-03 4.182991876839e-05
8.197697100454e-04 5.299241532203e-04 2.000000000000e-04
1.377012915092e-03 1.796201491526e-04 3.386382742240e-05
1.771666337124e-03 5.670387827779e-04 1.530969091314e-04
1.411529326453e-04 7.389838059342e-04 7.482994574519e-05
1.893381776644e-03 7.380615247082e-04 5.681764489380e-05
1.039346527314e-03 1.881428552384e-03 6.356275467732e-05
1.488665159012e-03 3.528552948017e-04 6.306480482167e-05
3.863621350287e-04 1.112293840084e-03 1.067259924904e-04
1.084525796351e-04 1.362376532046e-03 8.352456985623e-05
-8.045490888291e-05 1.171254840701e-03 1.852036013033e-04
1.919545091117e-03 1.171254840701e-03 1.852036013033e-04
1.638980686491e-03 1.718877023295e-03 3.535246687704e-05
6.204587904464e-04 6.410259033251e-05 8.811384782803e-05
6.204587904464e-04 2.064102590333e-03 8.811384782803e-05
1.206598417626e-03 1.214156484863e-03 5.649444370586e-05
1.653916929758e-03 8.245670109673e-04 1.300743369497e-04
3.733734709625e-04 9.276420143783e-04 3.060428907224e-05
1.280487966434e-03 5.029539235332e-04 7.431575767037e-05
1.883885727189e-03 1.722025797385e-03 9.802834285435e-05
5.939539245423e-04 1.936701265201e-03 4.201538639733e-05
1.548787074566e-03 -1.196948356809e-04 1.444275470656e-04
1.548787074566e-03 1.880305164319e-03 1.444275470656e-04
1.219995970906e-03 1.753538983211e-03 9.649844561005e-05
4.903854143887e-04 6.358532276656e-04 1.459988246512e-04
9.134361312349e-05 -4.093714521676e-05 1.425599503325e-04
9.134361312349e-05 1.959062854783e-03 1.425599503325e-04
2.091343613123e-03 -4.093714521676e-05 1.425599503325e-04
2.091343613123e-03 1.959062854783e-03 1.425599503325e-04
1.364915801130e-03 7.748320395369e-04 5.406802104214e-05
1.905533553947e-03 1.880385964744e-03 5.922076893938e-05
8.387174975350e-04 1.239675356902e-03 7.971868046615e-05
1.426980241934e-03 9.480262755052e-04 1.282716202730e-04
8.929351229038e-04 2.029600628187e-04 1.350511818598e-04
1.369712829434e-03 1.214651010749e-03 6.188808978736e-05
8.377414290141e-04 1.497339647573e-03 6.514213620442e-05
1.374151198167e-03 1.775546263351e-03 5.921996480742e-05
6.083702130833e-04 2.560627579160e-04 6.589424256199e-05
1.190845229463e-03 2.707798173528e-04 7.835176512031e-05
1.840687769237e-03 2.094377298979e-05 8.262089892489e-05
1.840687769237e-03 2.020943772990e-03 8.262089892489e-05
1.116195689579e-03 1.454191177922e-03 2.000000000000e-04
-5.973312135352e-05 1.521400301829e-03 6.850922146227e-05
1.940266878646e-03 1.521400301829e-03 6.850922146227e-05
7.698710427144e-04 1.099572648550e-03 7.638665456711e-05
1.260794499434e-03 -4.072317417950e-05 1.109921025447e-04
1.260794499434e-03 1.959276825821e-03 1.109921025447e-04
9.795021122499e-04 3.399766253231e-05 5.479687425600e-05
9.795021122499e-04 2.033997662532e-03 5.479687425600e-05
3.315722434736e-04 7.872203659349e-04 7.339505857053e-05
5.696522523321e-04 1.180487773042e-03 8.883932726541e-05
6.743132247189e-04 1.372633798986e-03 1.299621376901e-04
2.882350809545e-04 1.912780630109e-03 4.570294585820e-05
3.637446050031e-04 1.226673756996e-04 1.751959242173e-04
3.637446050031e-04 2.122667375700e-03 1.751959242173e-04
2.520057522763e-04 4.147282057184e-04 7.399085489279e-05
1.897430097095e-03 8.908741047193e-04 9.605091318294e-05
4.090320700040e-04 1.375233692481e-03 1.347895048101e-04
1.072768339025e-03 1.094840436526e-03 1.228011827095e-04
5.694600870964e-04 9.325226144694e-04 1.498726793127e-04
1.604587531502e-04 1.014967338884e-03 9.623268820679e-05
1.737994183172e-03 3.289238663353e-04 8.738848376706e-05
4.281253872220e-04 3.937015665643e-04 1.033797866094e-04
1.616030851810e-03 3.997348433695e-04 5.364093508645e-05
8.779613826762e-04 8.871608070120e-04 1.619461496623e-04
8.683164247395e-04 1.376106876990e-03 5.988805452838e-05
1.062711652153e-03 4.841528611096e-04 4.699533051580e-05
6.033156361265e-04 1.694867105811e-03 2.000000000000e-04
2.716834543617e-04 5.699060247719e-04 8.242985722366e-05
1.727847607582e-03 -4.669862764011e-05 4.894062114105e-05
1.727847607582e-03 1.953301372360e-03 4.894062114105e-05
1.676675927338e-03 1.470244875115e-03 2.000000000000e-04
1.269538715200e-03 1.076342959310e-03 7.483710916398e-05
