# 2D packing, generated 2026-09-30T17:08:57.877107+00:00
# generator = preprocess/generate_packing_gravity.py
# periodic axes = xy
# porosity_achieved = 0.325087  (target 0.325000)
# 62 distinct grains; 74 rows including 12 periodic edge images.
# Centres span [-R, L+R]: a grain need only be PARTLY inside.
# Do NOT drop the out-of-box rows -- they carry the conduction
# paths that cross the domain edge, and k_eff depends on them.
# header row is 'Lx Ly'; grain rows are 'x y r', all in metres
1.000000000000e-03 1.000000000000e-03
4.176767647245e-05 3.228271888492e-05 3.911394238942e-05
4.176767647245e-05 1.032282718885e-03 3.911394238942e-05
1.025755768620e-04 5.818866608736e-05 2.698234230801e-05
8.274775433437e-04 8.263511246550e-06 1.553529310582e-05
8.274775433437e-04 1.008263511247e-03 1.553529310582e-05
6.495774432598e-04 2.152950430285e-05 4.596166776485e-05
6.495774432598e-04 1.021529504303e-03 4.596166776485e-05
5.432711518730e-04 1.329959052847e-04 1.000000000000e-04
8.609639603700e-04 5.717178504395e-05 4.373830448283e-05
7.472091235473e-04 1.450383865163e-04 1.000000000000e-04
2.706494122075e-04 4.356461622769e-05 6.799370831119e-05
2.706494122075e-04 1.043564616228e-03 6.799370831119e-05
6.397900943938e-04 2.306178388376e-04 3.728200765797e-05
1.654461226813e-04 1.745402243244e-04 1.000000000000e-04
-3.987411297113e-05 8.741338860343e-05 5.939886149338e-05
9.601258870289e-04 8.741338860343e-05 5.939886149338e-05
3.112071028410e-05 1.874256481060e-04 3.494202666964e-05
1.031120710284e-03 1.874256481060e-04 3.494202666964e-05
4.691855788917e-05 2.877223573443e-04 6.388709177502e-05
1.046918557889e-03 2.877223573443e-04 6.388709177502e-05
5.879623750426e-04 2.515171618327e-04 1.837803383107e-05
5.107329018518e-04 3.078240114993e-04 7.719839029487e-05
8.998546398363e-04 1.425393710948e-04 2.228037200435e-05
3.622404346098e-04 1.645657416692e-04 8.376345358885e-05
3.840927271471e-04 3.233788992024e-04 5.039349181638e-05
1.815649528636e-04 3.811532257490e-04 1.000000000000e-04
8.802490691354e-04 2.123326332248e-04 4.909105527203e-05
4.278773371476e-05 3.935011741115e-04 3.932547643356e-05
7.021872669867e-04 2.878434347369e-04 4.738431871917e-05
9.566732615953e-04 2.123320178968e-04 2.733313719042e-05
8.163125556355e-04 2.519338938087e-04 2.611551038348e-05
7.732422724061e-04 3.321886889516e-04 3.637374124999e-05
7.043561504387e-04 3.849838547481e-04 4.978062896543e-05
6.083236422820e-05 5.107459134923e-04 7.711753915163e-05
1.060832364228e-03 5.107459134923e-04 7.711753915163e-05
9.352512405260e-04 2.904107396889e-04 4.641512027025e-05
4.372592219500e-04 4.099861169833e-04 4.864070313496e-05
3.320299521468e-04 4.634853169861e-04 6.931586234585e-05
1.833362667944e-04 5.293861501072e-04 4.679640100449e-05
4.309858636170e-04 4.927573266094e-04 3.387877257806e-05
8.158332416160e-04 4.339759315985e-04 7.198711533549e-05
1.353533967174e-04 6.126757291118e-04 4.914833745594e-05
5.483129127568e-04 5.572388441782e-04 1.000000000000e-04
6.820911025437e-04 5.628424554369e-04 3.389555619842e-05
7.434329631153e-04 5.991882980067e-04 3.740256754563e-05
5.500169934574e-05 6.365509342711e-04 3.467541032414e-05
2.723068522907e-04 5.692035392115e-04 5.067764455958e-05
6.719334174819e-04 6.824493295835e-04 7.234578545208e-05
3.880786188056e-04 6.459122705329e-04 8.278267909305e-05
5.188532088554e-04 7.157336666132e-04 6.120962302165e-05
6.095759945738e-04 8.099383453305e-04 6.957735578032e-05
7.068826493763e-04 8.173584068518e-04 2.801187409112e-05
4.242445306913e-04 7.768699902511e-04 5.143355395439e-05
6.928732532925e-04 8.986375904685e-04 5.107873278131e-05
7.779696224988e-04 9.166083337742e-04 3.589447957203e-05
9.544348777140e-04 5.132463124152e-04 2.930932367587e-05
8.279467279843e-04 9.579036337472e-04 2.893616806139e-05
2.266958777211e-04 7.317325400285e-04 1.000000000000e-04
7.774428923530e-04 -1.999106175605e-05 2.619351450950e-05
7.774428923530e-04 9.800089382440e-04 2.619351450950e-05
7.582768297608e-05 7.195337327228e-04 5.088080764420e-05
5.260241974431e-04 8.719481112161e-04 3.225102624443e-05
5.833850476486e-04 9.106813079127e-04 3.451592179042e-05
4.032780779945e-04 -7.315502923570e-05 1.000000000000e-04
4.032780779945e-04 9.268449707643e-04 1.000000000000e-04
1.080719022568e-04 8.074150533195e-04 4.062908264462e-05
1.840376489159e-04 9.021482419354e-04 7.567366319830e-05
5.666575744544e-05 9.377542362264e-04 5.658133884972e-05
5.415868845854e-04 -1.646835882158e-05 4.947519863514e-05
5.415868845854e-04 9.835316411784e-04 4.947519863514e-05
8.851838915739e-04 5.628019413122e-04 5.584617783029e-05
9.219546309794e-04 -4.209636615997e-05 6.507173493365e-05
9.219546309794e-04 9.579036338400e-04 6.507173493365e-05
8.720703125000e-04 7.587890625000e-04 8.701222954950e-05
