# 2D packing, generated 2026-09-28T19:12:24.500807+00:00
# generator = preprocess/generate_packing_gravity.py
# periodic axes = xy
# porosity_achieved = 0.474954  (target 0.475000)
# 220 distinct grains; 242 rows including 22 periodic edge images.
# Centres span [-R, L+R]: a grain need only be PARTLY inside.
# Do NOT drop the out-of-box rows -- they carry the conduction
# paths that cross the domain edge, and k_eff depends on them.
# header row is 'Lx Ly'; grain rows are 'x y r', all in metres
2.000000000000e-03 2.000000000000e-03
9.175468141311e-04 1.517346607383e-05 6.742968298640e-05
9.175468141311e-04 2.015173466074e-03 6.742968298640e-05
6.794672294250e-04 4.710750294248e-05 1.000000000000e-04
6.794672294250e-04 2.047107502942e-03 1.000000000000e-04
1.212707524126e-03 3.387827298260e-05 5.020445374517e-05
1.212707524126e-03 2.033878272983e-03 5.020445374517e-05
3.501126558051e-04 5.812604341949e-05 4.084922454864e-05
8.106836751109e-04 1.539359505030e-05 3.222613571550e-05
8.106836751109e-04 2.015393595050e-03 3.222613571550e-05
5.440742730560e-04 1.040231112385e-04 4.686999138850e-05
1.451544020545e-03 4.652858390229e-05 4.544194709901e-05
7.906116881217e-04 5.408713495076e-05 1.136395191217e-05
1.131551683147e-03 1.190792183410e-04 6.745253153032e-05
8.326254042869e-04 1.131404102894e-04 6.111025624528e-05
1.521984169187e-03 7.760964533569e-05 3.155056500796e-05
1.804033541310e-03 2.093468874473e-05 2.868593578232e-05
1.804033541310e-03 2.020934688745e-03 2.868593578232e-05
7.291966547678e-04 1.957732994204e-04 5.676299753828e-05
1.467439700650e-03 1.495048215421e-04 5.869363375142e-05
9.938520293923e-04 7.619793005226e-05 3.027636361441e-05
9.433448400527e-04 1.431768839524e-04 5.361146932869e-05
1.766777999358e-03 7.480451869798e-05 3.681165184749e-05
1.033171343499e-03 2.044874303238e-04 5.514448444749e-05
1.561952063616e-03 1.495048215421e-04 3.581872921422e-05
1.007718662877e-04 2.730457048344e-05 3.872318855384e-05
1.007718662877e-04 2.027304570483e-03 3.872318855384e-05
4.085761114757e-04 9.864341932327e-05 3.028188013198e-05
1.422052976073e-03 2.223139917402e-04 2.710339436040e-05
4.595337085209e-04 2.023717502503e-04 8.282069635481e-05
1.492113916800e-03 2.658250465048e-04 5.536931204824e-05
6.625528778394e-04 1.890496202524e-04 9.795562767863e-06
6.101419736060e-04 2.586182669554e-04 7.730609906715e-05
1.724857221893e-04 9.542511408783e-05 6.018212187885e-05
3.512873439399e-04 2.940150817649e-04 5.900972477148e-05
1.235744220827e-03 1.124707123406e-04 2.439303830639e-05
6.984168903126e-04 3.434963758477e-04 4.448209321591e-05
1.896719808972e-03 3.680221727336e-05 5.505070385244e-05
1.896719808972e-03 2.036802217273e-03 5.505070385244e-05
9.464499287494e-04 2.318669095758e-04 3.405555612931e-05
7.508267870979e-04 4.149356231957e-04 4.412018295515e-05
9.934788062613e-04 2.951994453251e-04 4.387154208465e-05
1.227135568449e-03 1.871604651194e-04 4.923548965237e-05
1.846498829838e-03 1.567734920964e-04 7.500795033023e-05
9.079001003073e-05 1.728846034241e-04 5.239745830034e-05
1.938658395377e-03 2.521296231824e-04 5.760493462430e-05
6.336391353341e-04 3.548312133033e-04 2.126693905469e-05
6.795986519886e-04 4.255095060687e-04 2.788035393412e-05
1.841189389910e-03 2.754225626364e-04 4.260867750072e-05
3.000100629744e-04 3.616718196381e-04 2.588328601993e-05
1.139748748722e-03 2.645351543009e-04 6.718511956498e-05
5.762656309043e-04 3.684395741161e-04 3.762138293691e-05
5.319197913571e-04 4.448927716664e-04 5.076212750451e-05
1.137899253244e-05 3.226441228777e-04 4.368958604651e-05
2.011378992532e-03 3.226441228777e-04 4.368958604651e-05
1.060251612031e-03 3.143941420130e-04 2.501935987432e-05
1.450268089128e-03 3.251123200639e-04 1.719827093251e-05
1.896252329849e-03 3.515839532767e-04 5.051277053125e-05
9.222649253040e-04 3.180368275062e-04 3.091457937675e-05
4.163705241942e-04 3.772597305210e-04 4.602536982260e-05
-2.830077497286e-05 4.315479194680e-04 5.942571172636e-05
1.971699225027e-03 4.315479194680e-04 5.942571172636e-05
1.361496501462e-04 2.500804700497e-04 3.713856113029e-05
1.580749527477e-03 3.497309179378e-04 6.668177039298e-05
1.356277711237e-03 2.295819762689e-04 3.907219829505e-05
1.275873751387e-03 2.825881296681e-04 5.723174273441e-05
1.831066751265e-03 3.869506397969e-04 2.364895929450e-05
1.457365620080e-03 4.454927370581e-04 8.950374303841e-05
1.102929679945e-03 3.670279691862e-04 4.153805658378e-05
5.891381605984e-04 4.989845873787e-04 2.797710229874e-05
1.325406466305e-03 4.454927373337e-04 4.245541040843e-05
4.031570748731e-04 5.233107664506e-04 1.000000000000e-04
1.204996115980e-03 3.512243327712e-04 4.131492203299e-05
5.924260948394e-05 4.428133130474e-04 2.883953202593e-05
3.157784659036e-04 6.733923909892e-04 7.366495142646e-05
1.366797441787e-03 5.186238176244e-04 2.690394512871e-05
4.561243968481e-04 7.330006280319e-04 7.881495629780e-05
9.706488281235e-04 4.063375885498e-04 6.958725373733e-05
1.094502270282e-03 4.861020033759e-04 7.772886188123e-05
5.531003341468e-04 5.507095611616e-04 3.506413696964e-05
2.131849122890e-04 7.690761224667e-04 6.662337212411e-05
5.737618634463e-04 8.283941549486e-04 7.263965250915e-05
9.972824149109e-04 5.500916315086e-04 3.864207718086e-05
1.853706090556e-03 5.294510646978e-04 9.389553803465e-05
1.423016456940e-03 6.323956666161e-04 1.000000000000e-04
1.558909032457e-03 6.367021950779e-04 3.596079682335e-05
8.062472566223e-04 1.903472119499e-04 2.047851056909e-05
3.527673143578e-04 7.754778075968e-04 3.291837735829e-05
1.652537820882e-03 6.650165157773e-04 6.185561683190e-05
1.039866936534e-03 6.118639546919e-04 3.638632672974e-05
1.191637127842e-04 4.529026581368e-04 3.192504239906e-05
6.464150319074e-04 9.447702369758e-04 6.455318753007e-05
4.184991910511e-05 5.321649716755e-04 6.218916992136e-05
2.041849919105e-03 5.321649716755e-04 6.218916992136e-05
3.004178386520e-04 8.125839780164e-04 3.075839551021e-05
9.018453423471e-04 5.778225623112e-04 6.074222410828e-05
1.303022795899e-03 6.486357845999e-04 2.108764322917e-05
4.625143222760e-04 8.532366775433e-04 4.133907495840e-05
1.022536775121e-04 6.018538016340e-04 3.003418422861e-05
7.782227699402e-04 6.319696116849e-04 7.421867157770e-05
-2.650416886304e-05 6.194542981103e-04 4.867880494698e-05
1.973495831137e-03 6.194542981103e-04 4.867880494698e-05
7.138426620086e-04 6.900105101124e-04 1.246203093193e-05
1.084909746412e-03 6.689481716265e-04 3.632861358311e-05
1.793692929709e-03 6.904933808729e-04 7.796547288366e-05
1.310847949016e-03 7.027742284799e-04 3.241947042032e-05
3.606394108874e-04 8.463337904617e-04 3.827556426746e-05
1.249984450828e-03 7.980604060288e-04 8.064609043396e-05
2.675998314570e-04 9.201053592728e-04 8.046199384051e-05
1.378449699676e-03 8.874655345897e-04 7.586779779102e-05
4.406766701928e-05 6.769011904228e-04 4.231860961061e-05
1.276849907915e-03 9.024612030205e-04 2.683069851304e-05
1.581762597715e-04 1.003715261272e-03 5.724833166670e-05
1.696676636394e-03 8.396897225508e-04 1.000000000000e-04
7.798058527234e-04 1.041127076103e-03 1.000000000000e-04
1.133767097701e-03 7.371824142025e-04 4.759368759428e-05
1.296630578181e-03 9.605086472460e-04 3.381203268436e-05
2.664098280718e-04 1.078249155645e-03 7.416630495135e-05
1.479408675235e-03 8.906549289008e-04 2.514154379152e-05
1.134340791155e-03 8.245664202367e-04 3.799633378222e-05
1.801218906482e-03 9.358332899972e-04 4.203053121269e-05
1.667587350499e-04 1.211478806455e-03 9.220821291534e-05
1.720648340725e-03 1.001371517833e-03 6.182935216086e-05
9.715196947786e-04 6.597465821390e-04 4.680339603263e-05
9.574789824027e-04 1.133001970263e-03 1.000000000000e-04
5.137742117833e-04 9.583806930940e-04 6.878290261112e-05
4.327907242407e-04 1.032203326969e-03 4.079860370671e-05
1.350563020533e-03 1.041041366754e-03 6.311180273550e-05
3.715866497242e-04 1.131808107787e-03 4.386218808067e-05
1.233208662387e-03 1.154325827406e-03 1.000000000000e-04
1.641503213514e-03 1.027678386606e-03 2.157330070915e-05
1.135490216611e-03 1.285169925474e-03 6.330694282279e-05
8.745205249892e-04 1.229862035360e-03 2.753031476815e-05
3.250595516346e-04 1.232899904731e-03 6.742268180790e-05
2.534724107005e-04 1.276315977972e-03 1.606514470505e-05
1.841671175365e-03 1.035158016366e-03 6.382117106756e-05
9.239925506344e-04 1.258812206255e-03 2.978978931596e-05
6.614666249288e-04 1.137032734027e-03 5.232072256125e-05
7.699784344242e-04 1.294686246713e-03 9.547876409161e-05
4.717254932220e-04 1.255418783109e-03 8.096194780366e-05
1.362589950021e-03 1.244540124406e-03 5.765991391556e-05
1.415164109231e-03 1.294503652980e-03 1.486867633885e-05
1.300789485200e-03 1.294824034038e-03 2.201297355484e-05
6.134122842171e-04 1.295435172616e-03 6.108920688743e-05
1.552537609913e-03 1.077787706539e-03 8.053361662904e-05
1.385552089914e-03 1.328790068837e-03 2.966312430140e-05
1.199400035711e-03 1.329214666990e-03 1.431013227906e-05
6.811503808768e-05 1.305514548199e-03 4.407568053986e-05
3.756825778910e-04 1.321710538446e-03 3.480265481756e-05
1.455474166301e-03 1.341262048703e-03 4.136255449156e-05
9.096879349975e-04 1.359549923228e-03 5.618963797510e-05
1.055103169911e-03 1.398641168543e-03 7.575381962458e-05
1.205882842074e-05 1.369854258676e-03 4.125835127894e-05
2.012058828421e-03 1.369854258676e-03 4.125835127894e-05
1.933677933689e-03 1.097967616587e-03 4.758030763510e-05
8.304555005475e-04 1.419339810890e-03 4.307089170290e-05
2.303648537223e-04 1.365597760988e-03 7.452028038749e-05
7.341383759061e-04 1.496018402913e-03 8.004168104128e-05
6.256749672403e-05 1.411893918384e-03 2.445662846043e-05
1.218106248444e-03 1.429249937407e-03 8.745921550247e-05
1.822374629275e-05 1.438608198637e-03 2.731229051372e-05
2.018223746293e-03 1.438608198637e-03 2.731229051372e-05
9.041038114481e-04 1.458667643446e-03 4.042021812506e-05
1.742086563501e-03 1.155114921171e-03 9.208506335133e-05
1.117023020375e-03 1.480688615717e-03 2.595959158781e-05
3.425544081353e-04 1.413240652431e-03 4.736631126393e-05
1.397340703056e-03 1.399209703018e-03 4.071929604456e-05
1.631966368019e-03 1.239136104650e-03 4.642853427041e-05
1.050809743039e-03 1.532348061352e-03 5.802243426305e-05
6.269793610949e-04 1.624003387692e-03 8.688165682825e-05
4.694777661926e-04 1.488122498529e-03 1.000000000000e-04
1.597653241336e-04 1.483574782403e-03 6.296743237256e-05
9.762696455528e-04 1.658344361357e-03 8.837285410112e-05
1.890832938605e-03 1.202313272597e-03 6.396995413894e-05
5.232677454745e-04 1.668512497722e-03 2.597758872808e-05
4.239581323759e-04 1.659315042039e-03 6.452702674988e-05
8.667849102856e-04 1.767931703551e-03 6.653542260579e-05
7.541412619134e-04 1.856754767452e-03 7.691610345828e-05
1.330949069564e-03 1.532705683305e-03 6.563104495155e-05
1.077088352741e-03 1.777996315878e-03 6.809141249176e-05
2.676103075668e-04 1.584732510963e-03 8.489543145497e-05
1.219916637918e-03 1.587343277959e-03 5.780240136211e-05
1.813685629933e-03 1.246544472252e-03 2.404326706340e-05
3.741657611042e-04 1.746585796105e-03 3.058480564138e-05
4.971338938932e-04 1.715280830773e-03 2.759739244551e-05
1.199088422825e-03 1.820823527160e-03 6.120749405397e-05
4.475563337373e-04 1.770479755005e-03 4.659748485843e-05
1.456910182639e-03 1.429065742853e-03 2.591332368822e-05
9.255096550274e-04 1.848596871993e-03 3.324171623439e-05
1.570670802591e-03 1.259771386343e-03 1.824728185686e-05
8.691148675848e-04 1.908922565127e-03 4.933892580598e-05
1.301939072164e-03 1.626930238099e-03 3.295826378514e-05
1.091263353800e-03 -5.451110607648e-05 1.000000000000e-04
1.091263353800e-03 1.945488893924e-03 1.000000000000e-04
1.855581899001e-03 1.325742974835e-03 6.439486653902e-05
5.812633472538e-04 1.788769968261e-03 8.410996180676e-05
1.952374307487e-03 1.383115284443e-03 1.988162617801e-05
1.278019818342e-03 -4.032784195837e-05 4.865020507337e-05
1.278019818342e-03 1.959672158042e-03 4.865020507337e-05
1.598420120752e-04 1.636825334211e-03 3.480264505773e-05
1.786448671795e-03 1.367100064731e-03 1.616450280225e-05
1.710987398481e-03 1.392102266315e-03 6.333086721515e-05
2.113936897997e-04 1.731258705316e-03 7.204479202108e-05
6.404372331611e-04 1.905567784606e-03 4.682328227502e-05
1.519213539065e-03 1.277350569081e-03 3.612989750487e-05
4.518713382191e-04 1.897438139448e-03 8.043431105875e-05
3.510745533705e-04 -2.778736462498e-05 4.506958313518e-05
3.510745533705e-04 1.972212635375e-03 4.506958313518e-05
-1.861772582232e-05 1.488775675213e-03 3.492973526929e-05
1.981382274178e-03 1.488775675213e-03 3.492973526929e-05
1.322873313827e-04 1.838246893006e-03 6.101267017900e-05
2.129263751056e-04 1.907992318072e-03 4.560383740896e-05
1.945818018366e-03 1.548913692982e-03 3.493726318207e-05
5.441677000778e-04 -1.387224965493e-05 4.756755183869e-05
5.441677000778e-04 1.986127750345e-03 4.756755183869e-05
2.738162635928e-04 1.954813562279e-03 3.120636652946e-05
1.573666069345e-03 1.480532039297e-03 1.000000000000e-04
1.553942430863e-04 -2.899694343765e-05 3.972083299613e-05
1.553942430863e-04 1.971003056562e-03 3.972083299613e-05
1.703932228042e-03 1.487267540591e-03 3.044017433051e-05
1.808161149321e-03 1.401871827558e-03 2.482948663988e-05
1.698095267333e-03 1.570921844838e-03 5.341751899179e-05
1.768947938604e-03 1.588757354850e-03 1.964551162985e-05
7.048229979927e-06 1.571876931074e-03 3.045730171399e-05
2.007048229980e-03 1.571876931074e-03 3.045730171399e-05
1.628577693336e-03 1.673591077020e-03 7.057306263176e-05
1.856704121725e-03 1.435768416951e-03 3.437692299898e-05
1.876953125000e-03 1.783203125000e-03 3.839082123108e-05
1.427734375000e-03 1.802734375000e-03 3.846839100384e-05
1.638671875000e-03 1.912109375000e-03 6.689052958557e-05
-9.765625000000e-06 8.691406250000e-04 6.768472325291e-05
1.990234375000e-03 8.691406250000e-04 6.768472325291e-05
9.511718750000e-04 8.574218750000e-04 4.338692950552e-05
7.949218750000e-04 8.222656250000e-04 2.417751098616e-05
1.107421875000e-03 9.785156250000e-04 6.705799496206e-05
9.765625000000e-06 1.712890625000e-03 2.492263290991e-05
2.009765625000e-03 1.712890625000e-03 2.492263290991e-05
1.451171875000e-03 1.658203125000e-03 5.125675123590e-05
1.970703125000e-03 1.892578125000e-03 2.868722751524e-05
1.662109375000e-03 4.980468750000e-04 4.582181723257e-05
1.681640625000e-03 2.167968750000e-04 3.801597961723e-05
1.802734375000e-03 1.896484375000e-03 3.600986700386e-05
1.865234375000e-03 1.650390625000e-03 6.936402085905e-05
