# 2D packing, generated 2026-09-28T18:42:16.485808+00:00
# generator = preprocess/generate_packing_gravity.py
# periodic axes = xy
# porosity_achieved = 0.299953  (target 0.300000)
# 338 distinct grains; 368 rows including 30 periodic edge images.
# Centres span [-R, L+R]: a grain need only be PARTLY inside.
# Do NOT drop the out-of-box rows -- they carry the conduction
# paths that cross the domain edge, and k_eff depends on them.
# header row is 'Lx Ly'; grain rows are 'x y r', all in metres
2.000000000000e-03 2.000000000000e-03
7.935699992756e-04 1.607895046518e-05 5.073722107232e-05
7.935699992756e-04 2.016078950465e-03 5.073722107232e-05
5.614578354470e-04 1.100175153188e-04 6.604089853764e-05
7.359778716145e-04 1.104259744733e-04 5.979880973991e-05
1.169535489875e-04 1.859660740085e-05 7.116091609817e-05
1.169535489875e-04 2.018596607401e-03 7.116091609817e-05
1.493026454972e-03 2.314664586307e-05 3.906345416531e-05
1.493026454972e-03 2.023146645863e-03 3.906345416531e-05
1.570695618925e-03 5.087669049176e-05 4.181143579803e-05
1.746170114897e-03 3.131937538952e-05 4.491382268807e-05
1.746170114897e-03 2.031319375390e-03 4.491382268807e-05
1.401983102832e-03 4.151453464791e-05 5.381426817621e-05
1.401983102832e-03 2.041514534648e-03 5.381426817621e-05
8.941080299305e-04 1.334588341578e-04 1.000000000000e-04
1.050059187021e-03 3.689102197445e-06 4.288168075863e-05
1.050059187021e-03 2.003689102197e-03 4.288168075863e-05
1.496413743568e-03 1.637839923661e-04 9.333979910513e-05
1.118121823548e-03 3.691406001331e-06 2.518095594857e-05
1.118121823548e-03 2.003691406001e-03 2.518095594857e-05
2.963306850701e-04 1.975736424365e-05 7.420650993989e-05
2.963306850701e-04 2.019757364244e-03 7.420650993989e-05
-1.432691512968e-05 2.951066917891e-05 3.800475606538e-05
-1.432691512968e-05 2.029510669179e-03 3.800475606538e-05
1.985673084870e-03 2.951066917891e-05 3.800475606538e-05
1.985673084870e-03 2.029510669179e-03 3.800475606538e-05
6.510403308872e-04 1.269838444398e-04 2.513409965011e-05
1.655188220886e-03 4.643113363982e-05 4.279803642503e-05
6.263680435340e-04 1.670002635435e-04 2.033252783815e-05
1.836285987358e-03 6.976973682236e-05 5.306231149139e-05
1.719146729256e-03 1.231646020363e-04 5.082442186812e-05
1.183532396699e-03 3.013051113336e-06 4.023313489262e-05
1.183532396699e-03 2.003013051113e-03 4.023313489262e-05
1.268206999931e-03 9.626701442776e-05 8.572753455152e-05
1.627797641651e-03 1.599382890502e-04 3.734911027924e-05
2.863579427797e-05 8.110306196235e-05 2.913389453795e-05
2.028635794278e-03 8.110306196235e-05 2.913389453795e-05
1.614263951539e-03 2.479737379256e-04 5.149315671115e-05
4.194810064171e-04 1.588469666146e-04 8.409816091119e-05
1.804152096904e-03 1.584517656499e-04 4.121413839890e-05
1.046338449098e-03 1.439593457796e-04 5.259155180321e-05
1.147083564462e-03 1.541632330197e-04 4.852170668303e-05
1.008601460457e-03 2.591894298109e-04 6.866046912019e-05
1.699459880279e-03 2.476743025571e-04 3.370329872370e-05
-6.031989182902e-05 1.165137528399e-04 6.040748729291e-05
1.939680108171e-03 1.165137528399e-04 6.040748729291e-05
6.792836066852e-04 1.719401486410e-04 2.385663419173e-05
1.209781159313e-03 1.922744248801e-04 2.475844253726e-05
2.921175762504e-04 1.363260205361e-04 4.243885433236e-05
1.995807256032e-04 1.029052932549e-04 4.688655243007e-05
1.362204260297e-03 1.831252022294e-04 4.225617526451e-05
1.167960996338e-03 3.144243110710e-04 1.000000000000e-04
3.032013894524e-04 2.278366399716e-04 4.974107371124e-05
9.232620019566e-05 1.618682692191e-04 7.372290632544e-05
7.674593411685e-04 2.224249892706e-04 5.477359955976e-05
1.801086408617e-03 2.699741747706e-04 7.034109379636e-05
1.304374147795e-03 2.539817594162e-04 4.920405541802e-05
1.386521846523e-03 2.562719990596e-04 3.289694317339e-05
1.016905227739e-03 4.204352004750e-04 8.454309527660e-05
1.676211623352e-03 3.555961853663e-04 7.268456002843e-05
-1.446403451120e-05 2.080229859454e-04 4.194860600012e-05
1.985535965489e-03 2.080229859454e-04 4.194860600012e-05
1.547818327259e-03 3.553035457468e-04 5.549703638119e-05
3.705377073322e-04 2.532377199545e-04 2.222711181955e-05
1.460262654180e-03 3.702984348608e-04 3.333337838696e-05
1.141600938987e-03 4.613556191203e-04 4.640586583239e-05
1.317414447578e-03 3.618746563055e-04 5.651631558624e-05
1.255626663674e-03 4.654210404172e-04 6.406388138831e-05
2.248996091194e-04 2.229754294750e-04 2.728767334736e-05
-5.958932731243e-05 3.153134798550e-04 7.444542692244e-05
1.940410672688e-03 3.153134798550e-04 7.444542692244e-05
1.826857647440e-03 4.194219429873e-04 7.960938598890e-05
1.084624741344e-03 5.751309586304e-04 8.083844633340e-05
1.521937893878e-04 2.789503352029e-04 5.777753746334e-05
1.416052841294e-03 4.997779714553e-04 1.000000000000e-04
5.880443182851e-04 2.174538430373e-04 4.302575183634e-05
1.600037573169e-03 4.238845895274e-04 2.961789386632e-05
1.650917624038e-03 4.582201976708e-04 3.175453510210e-05
1.935640468655e-03 4.189887801388e-04 2.879471661749e-05
1.588879529129e-03 4.915127379306e-04 3.865227179130e-05
1.926498446557e-03 4.939134742234e-04 4.479835700613e-05
6.666349832072e-04 2.314509439798e-04 3.680160732241e-05
2.506909349271e-04 3.058993501499e-04 4.433981054000e-05
1.882300693933e-04 4.112231627016e-04 7.811242224953e-05
1.544310161324e-03 5.568373606127e-04 4.037704239813e-05
1.723014711961e-03 4.447951393727e-04 2.728853065465e-05
1.656528262614e-03 5.306274989506e-04 3.949064645363e-05
1.609685323533e-03 5.813946030265e-04 2.945826377825e-05
7.059837754344e-04 3.084124998005e-04 4.963570246964e-05
1.681880521278e-03 6.220396129968e-04 5.339198313079e-05
8.395745589428e-04 2.416472825346e-04 1.985951100764e-05
1.576056744822e-03 6.656080580996e-04 6.104962238086e-05
1.486819180255e-03 6.656080580996e-04 2.818794218551e-05
3.132903496404e-04 4.097150540781e-04 4.613641598038e-05
5.069225412076e-04 2.609356457967e-04 4.901451049062e-05
1.859096519259e-03 5.225399458868e-04 2.843073414850e-05
7.980732055359e-04 3.179399135883e-04 4.294526074574e-05
8.910898850559e-04 2.745631280445e-04 4.113656844256e-05
1.416461133638e-03 6.419474896070e-04 4.217010443171e-05
1.832702518136e-03 6.500007601889e-04 1.000000000000e-04
1.304878412111e-03 5.258188081298e-04 1.386958426535e-05
1.502152417795e-03 7.408038253651e-04 4.438402010550e-05
4.256473454145e-05 2.552775488382e-04 3.211422851878e-05
7.319220623703e-05 3.033870293125e-04 2.491713327694e-05
8.629380092790e-04 3.355217731986e-04 2.426013004987e-05
1.432846224618e-03 7.408038253651e-04 2.492217307172e-05
8.806093423050e-04 4.098596559789e-04 5.214927269071e-05
2.994081339530e-05 4.938684636240e-04 5.864411302693e-05
2.029940813395e-03 4.938684636240e-04 5.864411302693e-05
1.240919009247e-03 6.087813054948e-04 7.903726796831e-05
1.323293493858e-03 7.501998279867e-04 8.462321662913e-05
1.707779775944e-03 7.145411097507e-04 4.060991514995e-05
5.872235799593e-04 3.528401239254e-04 7.302926587846e-05
1.637582977061e-03 7.379731716567e-04 3.339449078986e-05
1.765901331359e-03 7.988675878252e-04 6.180624621325e-05
7.993240404710e-04 4.224083210997e-04 3.009894486176e-05
1.431328101941e-03 8.060188705945e-04 3.697958786707e-05
1.223695637274e-04 5.021414949852e-04 3.415426320511e-05
1.578471714007e-03 8.159193422765e-04 6.269994627219e-05
1.149152836762e-03 6.647468235946e-04 2.844840376808e-05
1.869245768854e-03 7.988675878252e-04 4.153819128120e-05
1.832066598364e-03 8.560792157610e-04 2.566382254628e-05
6.854057910177e-04 3.916908259167e-04 3.256014463951e-05
9.095971669687e-04 5.775166018276e-04 9.420538556324e-05
3.934532187869e-04 4.097150540781e-04 3.402645316608e-05
1.008036110461e-03 6.505711270550e-04 2.666521589470e-05
9.609267900718e-04 7.249821689922e-04 6.140459294866e-05
7.879861555588e-04 5.775166018276e-04 2.740562584670e-05
1.471965580811e-03 9.389141230953e-04 1.000000000000e-04
1.786313554207e-03 8.954107161774e-04 3.467114223027e-05
1.958359113480e-03 6.500007602961e-04 2.565659534381e-05
1.045164299475e-03 7.249821689922e-04 2.283291645427e-05
1.052363556238e-03 8.200321053001e-04 7.048616714892e-05
3.662218173709e-04 4.659589248219e-04 2.846292368568e-05
7.223758244611e-04 4.784832649917e-04 6.177813419471e-05
1.678747250058e-03 7.988675878252e-04 2.534783508814e-05
1.676684201700e-03 8.907216628195e-04 6.075482235790e-05
6.180623740118e-04 4.784832649917e-04 4.253531625456e-05
1.193463241339e-03 7.117211007840e-04 3.431462377542e-05
-6.910776681091e-05 9.167770835548e-04 9.031349098260e-05
1.930892233189e-03 9.167770835548e-04 9.031349098260e-05
7.935341552264e-04 6.541037794850e-04 4.484934638149e-05
6.858413598305e-04 6.752047799324e-04 6.489121312168e-05
1.064296074037e-04 6.277649411641e-04 9.247654862714e-05
8.519938343083e-04 6.782000451447e-04 1.838169106924e-05
2.581886640932e-04 6.441943243822e-04 6.016413932801e-05
1.383060754088e-03 8.330719193668e-04 1.755265589069e-05
8.688002247901e-04 7.329902731037e-04 3.106936966817e-05
1.612294374457e-03 9.785799442633e-04 4.582662707637e-05
1.182834586009e-03 8.200321053001e-04 5.998486262208e-05
5.984063421368e-04 6.846433867357e-04 2.305177760231e-05
1.346763836601e-03 9.533670657248e-04 2.603318731206e-05
1.260249678671e-03 8.271070805768e-04 1.482148224525e-05
1.751956134744e-03 9.975074841533e-04 6.989384982098e-05
3.770666569300e-04 6.441943244580e-04 5.871385350878e-05
3.161213018257e-04 7.057362744637e-04 2.435569345983e-05
4.540172738403e-04 6.441943245236e-04 1.823676340153e-05
1.565344765366e-03 1.090207906358e-03 7.527279020780e-05
1.844526086482e-03 9.873003319507e-04 2.118825726095e-05
1.265889706207e-03 9.116269563286e-04 6.365885831019e-05
6.162781222855e-04 7.372615060941e-04 2.832939232398e-05
1.705586588596e-03 1.134971671101e-03 7.193986010603e-05
1.355215635849e-03 1.026091990218e-03 4.570700108355e-05
1.125512675097e-03 9.228324146616e-04 5.568315239665e-05
1.469546499923e-03 1.090210844417e-03 2.052214496131e-05
1.854813616690e-03 1.056601029320e-03 4.873037828144e-05
4.432888467500e-04 6.759613358666e-04 1.473355242498e-05
1.805772893032e-03 1.116558721008e-03 2.872875532284e-05
-9.494917805375e-05 1.198503694171e-03 1.000000000000e-04
1.905050821946e-03 1.198503694171e-03 1.000000000000e-04
1.755451807643e-03 1.261956982611e-03 6.247445528487e-05
1.850086827020e-03 1.361102997072e-03 7.163800097969e-05
9.495424077415e-04 8.251922509438e-04 3.246438253999e-05
2.020505751628e-04 7.353396946446e-04 4.688240918726e-05
2.900866441312e-04 7.822115848239e-04 5.285386009126e-05
2.521855672545e-05 1.198539261880e-03 2.016776472632e-05
1.873601626171e-04 8.606520674033e-04 7.639643705280e-05
1.731691523703e-03 1.369698502437e-03 4.703526327492e-05
4.941503137639e-04 3.528401240011e-04 2.004400031690e-05
2.947478689379e-04 8.707335384591e-04 3.146345135607e-05
6.947305814978e-05 8.606520689040e-04 4.149066675948e-05
6.589806207162e-04 7.530534928823e-04 1.719961182666e-05
-2.211657941750e-05 1.360363059762e-03 5.616076413452e-05
1.977883420583e-03 1.360363059762e-03 5.616076413452e-05
1.628657886359e-03 1.370857051467e-03 5.600495306301e-05
5.015277273037e-04 7.591482731007e-04 8.681364711562e-05
3.877982783858e-04 7.291488426994e-04 2.691580180234e-05
7.983181755415e-04 7.409989526118e-04 3.986622234137e-05
9.773424440579e-04 8.807358149821e-04 2.601827648937e-05
1.770928958891e-03 1.491238652543e-03 8.068174715007e-05
1.201826492762e-03 1.021982619972e-03 6.394391523014e-05
1.289982455135e-03 1.087728117533e-03 4.403919692143e-05
1.438953634092e-03 1.196516342462e-03 8.988230393012e-05
1.925010926473e-03 1.426353725970e-03 2.757707964861e-05
1.103778494907e-03 1.021982620065e-03 3.410408262480e-05
-6.256619333761e-06 1.468317324604e-03 5.295230611981e-05
1.993743380666e-03 1.468317324604e-03 5.295230611981e-05
3.995433430189e-04 7.720479566102e-04 1.598332011890e-05
1.007818502393e-04 9.479755129808e-04 4.657180405948e-05
1.671311178909e-03 1.444699483743e-03 2.927127564940e-05
7.827114677149e-05 1.467534420281e-03 3.058462728526e-05
1.131562703626e-03 1.071177280652e-03 2.182970952165e-05
1.887231236473e-03 1.492504433221e-03 3.502370192347e-05
6.959229756518e-04 7.612489804675e-04 2.064089034951e-05
7.460151870545e-04 8.170982483010e-04 5.247393906772e-05
8.593357150877e-04 9.249513996454e-04 1.000000000000e-04
2.717936187829e-04 9.432068149145e-04 4.168952620949e-05
1.901861152375e-04 1.039620927488e-03 8.145946027208e-05
1.543717197112e-03 1.207806306327e-03 1.548784266224e-05
9.946893376684e-04 9.415479489370e-04 3.636732964348e-05
9.667664664281e-04 1.010420482175e-03 3.728193763955e-05
1.545586554852e-03 1.256202807905e-03 3.231854870783e-05
6.345855691005e-04 7.859409945990e-04 2.367883019894e-05
1.666493772256e-03 1.512133483877e-03 2.582346174587e-05
2.982833187689e-04 1.039621157634e-03 2.663756663384e-05
3.902402762317e-04 8.393564310966e-04 5.036596279499e-05
1.079457621926e-03 1.084877618975e-03 3.204643370723e-05
1.321465596174e-03 1.197824072654e-03 2.761062576048e-05
1.939367264931e-03 1.552677745957e-03 4.459411278128e-05
9.883165893116e-04 1.108987252020e-03 6.222955597999e-05
5.993156608191e-04 8.315352821675e-04 3.396495081044e-05
1.527605108636e-03 1.371854339319e-03 4.505289056175e-05
6.856139103087e-05 1.061922305471e-03 4.219297609010e-05
3.056591974967e-04 1.133407207019e-03 6.730175467302e-05
1.687667296187e-03 1.571077690065e-03 3.419461477037e-05
1.144931126332e-04 1.159193985824e-03 6.005774236211e-05
1.263433563333e-03 1.197824072654e-03 3.042140707985e-05
1.384237027951e-04 1.471375214291e-03 2.967226567509e-05
5.439025601922e-04 8.805103091539e-04 3.998885226555e-05
6.675605665683e-04 8.685920608057e-04 4.137029464915e-05
7.357383599130e-05 1.593809738884e-03 9.577415544007e-05
2.073573835991e-03 1.593809738884e-03 9.577415544007e-05
1.602260733873e-03 1.511419151851e-03 3.841370433967e-05
4.694235670979e-04 8.805103092074e-04 3.449014082872e-05
1.310776338511e-03 1.308045521764e-03 8.002408871354e-05
1.422513180837e-03 1.319564547474e-03 3.228108344310e-05
4.995794121908e-04 1.013297120660e-03 1.000000000000e-04
1.177345261543e-03 1.136772815322e-03 5.342780040212e-05
1.445806405889e-03 1.389836204600e-03 3.869911355988e-05
1.204894688410e-03 1.215855938122e-03 3.031652019625e-05
1.498806548068e-03 1.479942066917e-03 6.581356448749e-05
2.164638240469e-04 1.216139541150e-03 5.435536212171e-05
7.001408823863e-04 9.643410213335e-04 5.976990715490e-05
1.375885814361e-03 1.398980558232e-03 3.181702206531e-05
7.719633349908e-04 1.009157780738e-03 2.134515820821e-05
1.860232696301e-03 1.564536361584e-03 3.485139753153e-05
6.327457004545e-04 1.029746222637e-03 3.414468652040e-05
7.311204298918e-04 1.058407199403e-03 3.926633984710e-05
1.640995513972e-03 1.551314240745e-03 1.638843216131e-05
1.900111290872e-03 1.622488150118e-03 3.549667653122e-05
1.202511442406e-03 1.315245954473e-03 2.848000277783e-05
4.086568959052e-04 1.133408343289e-03 3.569594464565e-05
8.097916948299e-04 1.049014198897e-03 3.358962572555e-05
3.861440095625e-04 1.212264881862e-03 4.537583453758e-05
-4.690557457642e-05 1.690021892348e-03 5.034166983338e-05
1.953094425424e-03 1.690021892348e-03 5.034166983338e-05
6.700851094388e-04 1.076175121699e-03 2.430259443323e-05
3.068053977220e-04 1.277241283948e-03 5.470901073955e-05
1.279596104530e-03 1.489002747737e-03 1.000000000000e-04
1.827219954737e-03 1.634280143154e-03 3.834247987870e-05
7.906944691758e-04 1.136880287196e-03 5.632785589288e-05
1.553361228648e-03 1.588531256410e-03 5.289593613413e-05
1.146520615645e-03 1.488961762673e-03 3.307551492839e-05
8.959441573238e-04 1.188721434426e-03 5.979587594027e-05
7.002752987312e-04 1.115699112903e-03 2.543263865347e-05
1.411378159669e-03 1.533280351883e-03 3.660076918218e-05
1.311051608189e-04 1.259116076152e-03 4.121182530625e-05
1.444329419988e-03 1.629557365828e-03 6.359906224586e-05
1.071246906208e-03 1.145539883691e-03 2.839898446180e-05
1.156011351339e-03 1.571041414594e-03 4.833590401625e-05
4.910457873164e-04 1.166823524614e-03 5.321133213498e-05
2.112826784906e-04 1.321273370120e-03 5.029347847936e-05
9.822904761774e-04 1.198399421296e-03 2.709112083956e-05
1.641740971856e-03 1.635742339556e-03 4.497470260466e-05
3.963470717931e-04 1.294858335472e-03 3.644906114630e-05
1.213373063109e-04 1.343885924587e-03 4.245078062109e-05
3.516064752598e-04 1.383009478759e-03 6.015647677384e-05
6.180049579269e-04 1.168534692852e-03 7.234265211367e-05
2.507025399568e-04 1.408479758162e-03 4.283863444908e-05
3.097380593127e-04 1.523602379819e-03 8.653848004513e-05
8.017055228671e-04 1.244847596533e-03 4.989034150353e-05
5.928753897842e-05 1.774208946187e-03 8.517506587346e-05
2.059287538978e-03 1.774208946187e-03 8.517506587346e-05
1.871802027297e-03 1.667858799062e-03 1.660245049679e-05
1.237408200194e-03 1.638771577215e-03 5.559735089536e-05
1.130989904285e-03 1.673276710906e-03 5.627516605395e-05
4.198166173249e-04 1.545017428730e-03 2.560384166109e-05
1.012837333177e-03 1.673267611302e-03 6.187741005054e-05
1.215522564447e-03 1.746040418975e-03 5.388137124061e-05
4.009091877336e-04 1.611215763774e-03 3.963757234988e-05
1.296071159149e-03 1.745986022554e-03 2.663831490857e-05
2.044410345997e-04 1.585512026467e-03 3.535585072473e-05
1.565801426711e-03 1.680624914857e-03 4.003417265624e-05
1.285246338061e-03 1.825888002469e-03 5.212354737923e-05
2.671367409286e-04 1.700148059876e-03 9.507493824379e-05
1.703754703385e-03 1.644361908115e-03 1.763523557067e-05
1.076810625337e-03 1.775292480008e-03 5.853796526749e-05
1.840919187412e-03 1.697947716423e-03 2.651474731692e-05
1.159937214243e-03 1.813720624317e-03 3.304124666536e-05
5.332651346401e-04 1.255221884272e-03 4.475163700978e-05
1.720381797106e-04 1.777689421736e-03 2.763045390054e-05
4.037070075318e-04 1.692514023392e-03 4.170881874908e-05
9.570625815317e-04 1.249497112363e-03 2.639661100788e-05
2.239574956265e-04 1.877795814185e-03 8.513951325430e-05
4.722599153761e-04 1.611302236304e-03 3.171245778007e-05
6.105296623606e-04 1.276910990403e-03 3.549937283657e-05
1.889786432825e-03 1.702939817491e-03 1.427099779849e-05
1.340351502943e-03 1.635052874766e-03 4.052399607503e-05
1.938139632476e-03 1.803866717699e-03 3.577747095118e-05
7.103095259740e-04 1.327885133572e-03 7.359431667510e-05
1.201161647540e-03 1.897898805011e-03 5.858212494058e-05
5.532115717428e-04 1.401744591722e-03 1.000000000000e-04
1.177431266047e-04 1.868006512939e-03 2.094937147323e-05
1.487567416372e-03 1.751369720821e-03 6.544278986673e-05
1.756133514157e-03 1.656442668586e-03 3.611875978348e-05
1.200915782044e-04 1.919135374095e-03 2.627091557864e-05
1.875011340629e-03 1.755994892466e-03 4.080305603784e-05
1.287171380343e-03 1.909718858893e-03 2.823600571569e-05
1.079617515152e-03 1.900370084808e-03 6.298712833424e-05
1.084762991357e-05 1.923071759263e-03 7.137140132866e-05
2.010847629914e-03 1.923071759263e-03 7.137140132866e-05
6.982504907296e-04 1.459686470019e-03 5.618434390608e-05
1.781278651302e-03 1.732355768463e-03 4.233950159086e-05
1.879583425754e-03 1.822231281922e-03 2.559099195196e-05
6.331909927810e-04 1.483164005302e-03 1.298163715592e-05
1.819597449093e-03 1.780684399542e-03 1.902090631718e-05
8.544348346357e-04 1.459686470019e-03 1.000000000000e-04
3.614959662995e-04 1.910198955324e-03 5.326736143386e-05
1.687830934132e-03 1.732272130582e-03 5.110825300822e-05
4.936878382794e-04 1.910300033331e-03 7.892459091020e-05
1.918865646414e-03 1.870545860307e-03 3.287782801013e-05
1.604844820043e-03 1.742810693373e-03 3.254434071895e-05
7.322398597331e-04 1.610396763118e-03 9.402372106881e-05
6.076689454721e-04 1.610396763118e-03 3.054719319223e-05
1.570866005007e-03 1.792044030115e-03 2.632421130733e-05
6.074102990829e-04 1.914007444320e-03 3.485830737213e-05
4.072558312570e-04 -9.262094995383e-06 3.913109967701e-05
4.072558312570e-04 1.990737905005e-03 3.913109967701e-05
1.740917535222e-03 1.795889770989e-03 3.171548622714e-05
1.826686340419e-03 1.891648764297e-03 6.168384099500e-05
6.086098545778e-04 1.699388316333e-03 5.830445990384e-05
1.904301668549e-03 1.927990829468e-03 2.401846433632e-05
1.528381331218e-03 1.871770030447e-03 6.168710776840e-05
1.693425988134e-03 1.888312226015e-03 6.926844927260e-05
1.393282815395e-03 1.896041450758e-03 7.557436133131e-05
1.597368766315e-03 -3.852108936746e-05 5.148068732095e-05
1.597368766315e-03 1.961478910633e-03 5.148068732095e-05
1.870739158366e-03 -1.620354396898e-05 3.955748471467e-05
1.870739158366e-03 1.983796456031e-03 3.955748471467e-05
1.666501332800e-03 1.980166203480e-03 1.967619371456e-05
1.763779998644e-03 1.958437402838e-03 3.006547820569e-05
8.574218750000e-04 1.822265625000e-03 8.035878659645e-05
1.056640625000e-03 1.361328125000e-03 4.464471660119e-05
4.824218750000e-04 5.253906250000e-04 4.230289283848e-05
6.894531250000e-04 1.822265625000e-03 5.680608255689e-05
1.029296875000e-03 1.521484375000e-03 3.062151334521e-05
-9.765625000000e-06 7.558593750000e-04 4.566081474668e-05
1.990234375000e-03 7.558593750000e-04 4.566081474668e-05
9.355468750000e-04 1.958984375000e-03 1.493254825313e-05
1.099609375000e-03 1.248046875000e-03 2.528451317603e-05
5.800781250000e-04 5.878906250000e-04 5.284204889961e-05
6.542968750000e-04 9.765625000000e-06 4.448355237793e-05
6.542968750000e-04 2.009765625000e-03 4.448355237793e-05
4.941406250000e-04 1.759765625000e-03 4.760137334065e-05
8.925781250000e-04 1.626953125000e-03 6.382883925200e-05
2.871093750000e-04 5.214843750000e-04 6.686422956494e-05
3.886718750000e-04 1.798828125000e-03 5.403495234429e-05
9.511718750000e-04 1.333984375000e-03 4.010698234620e-05
4.160156250000e-04 3.183593750000e-04 5.167583062420e-05
