# 2D packing, generated 2026-09-21T18:09:35.553890+00:00
# generator = preprocess/generate_packing_gravity.py
# periodic axes = xy
# porosity_achieved = 0.324866  (target 0.325000)
# 724 distinct grains; 758 rows including 34 periodic edge images.
# Centres span [-R, L+R]: a grain need only be PARTLY inside.
# Do NOT drop the out-of-box rows -- they carry the conduction
# paths that cross the domain edge, and k_eff depends on them.
# header row is 'Lx Ly'; grain rows are 'x y r', all in metres
3.200000000000e-03 3.200000000000e-03
1.014071172240e-03 1.051867608309e-05 4.619083293454e-05
1.014071172240e-03 3.210518676083e-03 4.619083293454e-05
2.799360638290e-03 3.716680561351e-05 1.595766644650e-05
6.300072555259e-04 3.356244021820e-05 5.268279747165e-05
6.300072555259e-04 3.233562440218e-03 5.268279747165e-05
4.472577320345e-04 9.721646510901e-05 8.912184487587e-05
-2.074363613191e-05 6.631207063680e-05 1.000000000000e-04
-2.074363613191e-05 3.266312070637e-03 1.000000000000e-04
3.179256363868e-03 6.631207063680e-05 1.000000000000e-04
3.179256363868e-03 3.266312070637e-03 1.000000000000e-04
7.172921320936e-04 1.114727483442e-04 6.431577427057e-05
2.236530840523e-03 4.706874522574e-05 5.254323184700e-05
2.236530840523e-03 3.247068745226e-03 5.254323184700e-05
1.792166389856e-03 4.883562690190e-05 8.753679122166e-05
1.792166389856e-03 3.248835626902e-03 8.753679122166e-05
2.149663679600e-03 3.581181059431e-05 3.274788073294e-05
1.654227911912e-03 5.523409778739e-05 4.936948486781e-05
1.561207351193e-03 4.685650896581e-05 4.402756385886e-05
2.580454700070e-03 7.565054867406e-05 6.442823927624e-05
6.151862957447e-04 1.276906698024e-04 3.907002162486e-05
2.951380941762e-03 1.382502972314e-05 4.174722313600e-05
2.951380941762e-03 3.213825029723e-03 4.174722313600e-05
1.424468823511e-03 6.008637690590e-05 9.334948793074e-05
1.424468823511e-03 3.260086376906e-03 9.334948793074e-05
1.701953322005e-03 9.978034288029e-05 1.591514364780e-05
1.912212638060e-03 6.005731183315e-05 3.254805776095e-05
3.011581553360e-03 3.328436423278e-05 1.411883555517e-05
2.365892254100e-03 8.209315129875e-05 7.522733489684e-05
2.670497671390e-03 9.180092941710e-05 2.705167000561e-05
1.541680690166e-03 1.338184955099e-04 4.509047178530e-05
8.816079063642e-04 1.114727484514e-04 1.000000000000e-04
1.046322538717e-03 1.166844656138e-04 6.476557970749e-05
1.891030768159e-03 2.081961950467e-04 1.000000000000e-04
1.248621891305e-03 1.045927137787e-04 8.747020585508e-05
2.263970283720e-03 1.360182321131e-04 4.008100974369e-05
5.538773038665e-04 2.456600433838e-04 9.364365810022e-05
1.355105101664e-03 1.714871230579e-04 3.788104263186e-05
1.137015103924e-03 1.967687751681e-04 5.622465965346e-05
2.987248994809e-03 7.330222085644e-05 2.770820468423e-05
3.621439090726e-04 2.727925066244e-04 1.000000000000e-04
1.048738376966e-03 2.148381670899e-04 3.341784754942e-05
1.728557025147e-03 1.392089827202e-04 2.263545600388e-05
4.793104677904e-04 3.925648400933e-04 6.752004534170e-05
2.070886839318e-03 6.735010019466e-05 5.210760981316e-05
1.363072536777e-04 6.689187226286e-05 4.729243889312e-05
1.667427740242e-03 1.432903419001e-04 3.862992545839e-05
2.186126827017e-04 1.121885025597e-04 4.665418618234e-05
6.817843768803e-04 2.570759367984e-04 3.477184937781e-05
3.046272895732e-03 1.006602115981e-04 3.734782467797e-05
9.152768804092e-05 1.430794821614e-04 3.600770092274e-05
1.295489654030e-03 2.569004607641e-04 6.627960182998e-05
8.095248439964e-04 3.000389902016e-04 1.000000000000e-04
1.424223761707e-03 2.941121525822e-04 6.772480290148e-05
2.178366359850e-03 1.530394431494e-04 4.719882106471e-05
1.171191152528e-03 3.258089159617e-04 7.584179935015e-05
1.604341916917e-03 2.022326768654e-04 4.768306726772e-05
1.688116817583e-03 2.216084427519e-04 3.830329377439e-05
1.326230679324e-03 3.853581568037e-04 6.580518271369e-05
1.754648424394e-03 3.544830144876e-04 1.000000000000e-04
-5.329443354305e-06 2.657170345157e-04 1.000000000000e-04
3.194670556646e-03 2.657170345157e-04 1.000000000000e-04
2.477417378215e-03 8.758883711604e-05 3.643313746036e-05
1.917886122280e-03 3.696863438355e-04 6.370807092881e-05
2.832387349710e-03 9.809945884746e-05 5.334999472724e-05
1.562385094022e-03 4.057247627108e-04 9.897466276545e-05
2.065153426789e-03 1.975457186202e-04 7.444822306070e-05
2.160912870316e-03 2.319233809259e-04 2.729506478860e-05
2.514897661643e-03 1.354940862662e-04 2.433535118631e-05
1.639902478995e-04 2.260873829701e-04 7.389560866091e-05
2.732364245016e-03 1.534555569226e-04 6.029116415201e-05
2.026650781468e-03 3.186369511550e-04 5.050317618306e-05
1.056933764086e-03 3.288153574248e-04 3.845513632087e-05
2.186456377856e-04 3.532494398956e-04 6.451465913321e-05
2.838266945455e-03 2.128948554904e-04 6.115191778499e-05
3.467719556926e-04 4.514495694059e-04 7.751052478633e-05
2.929428665310e-03 2.198476855688e-04 2.923664611780e-05
9.810542436271e-04 2.003056773361e-04 3.334490334932e-05
2.127716834274e-03 2.993672911190e-04 4.505835371138e-05
1.427690908975e-03 4.405548676965e-04 4.014997701608e-05
2.319137116816e-03 1.942639224616e-04 4.014332252584e-05
2.631465801593e-03 1.677329120823e-04 4.078673711350e-05
1.351653084770e-03 5.300141258497e-04 7.725833841513e-05
9.261598604713e-04 3.000156518212e-04 1.663502005678e-05
6.723137573188e-04 3.343624079683e-04 4.142319726598e-05
6.032435950100e-04 4.094737168246e-04 5.756124876240e-05
2.902136694269e-03 2.600391434189e-04 1.823282347857e-05
4.548278416294e-04 5.000510858122e-04 4.097230891791e-05
1.250659648851e-03 5.346401663083e-04 2.384099328722e-05
2.421515570933e-03 2.118590878698e-04 6.373612730957e-05
2.090662636771e-03 3.702752490057e-04 3.174055564017e-05
1.087147853584e-03 3.953631036965e-04 3.325018536329e-05
1.856101914205e-03 4.639151162631e-04 4.897005865596e-05
1.680575368126e-03 4.610161854459e-04 2.975414772543e-05
1.514948826098e-03 5.989707699475e-04 1.000000000000e-04
5.434423697847e-04 4.952811991393e-04 4.702884867695e-05
2.675820799207e-03 2.401923836836e-04 4.324839129940e-05
7.187250925030e-04 3.983501401038e-04 3.382704166619e-05
6.372529576224e-04 5.092112323301e-04 4.781034266898e-05
1.639449433889e-03 5.991187513236e-04 2.450069602224e-05
2.757023880795e-03 2.756891535123e-04 4.152348836583e-05
2.563031576463e-03 1.677329120823e-04 2.764748801554e-05
2.968631009522e-03 2.983466360916e-04 5.850678450818e-05
1.757175643386e-03 5.190967760240e-04 6.430583353240e-05
1.651736780121e-03 6.877476678271e-04 6.307140274584e-05
2.851332407628e-03 3.431012283980e-04 6.703976830859e-05
2.164149332285e-03 3.783925830195e-04 4.196077998614e-05
3.918985769124e-04 6.079313837638e-04 8.392064942621e-05
2.522940529716e-03 2.183537082841e-04 3.692616789327e-05
1.810651589828e-03 7.243313429705e-04 1.000000000000e-04
1.558561416193e-03 7.366009700503e-04 4.213455527357e-05
2.322534163809e-03 3.191018269367e-04 8.133136288515e-05
7.872132358106e-04 4.516899361989e-04 5.298165337043e-05
1.619144189389e-03 7.746075201026e-04 2.938050678680e-05
2.492275499254e-03 3.105081850934e-04 5.766656308783e-05
2.427509635946e-03 3.961189954570e-04 4.886654031388e-05
7.200312641355e-04 5.057596009778e-04 3.325607600285e-05
3.057378185363e-03 2.645539106296e-04 2.822254089882e-05
2.240611441451e-03 4.139420276611e-04 4.236134243508e-05
7.837262937795e-04 5.514022217014e-04 4.510402626773e-05
1.261345805888e-03 5.935126900152e-04 3.313855307084e-05
1.392838337970e-03 6.250379091242e-04 2.481747770068e-05
3.067241749699e-03 3.503811350111e-04 5.299067381373e-05
2.998070997964e-03 3.699650893366e-04 1.889900726336e-05
2.949430177187e-03 4.418020414225e-04 6.785627002506e-05
2.335520442677e-03 4.748586042303e-04 7.041521001334e-05
1.405674402112e-03 6.940920447073e-04 4.484807674636e-05
2.003184388718e-03 3.883116934142e-04 2.301716996429e-05
5.442696592170e-04 6.134167845678e-04 6.854913887510e-05
1.979453808104e-03 4.746872632449e-04 5.801209948047e-05
2.600965502630e-03 2.979128899400e-04 5.127659370528e-05
8.635137819809e-04 5.727709061634e-04 3.749539230853e-05
2.045826014129e-03 3.963046638815e-04 2.010395389303e-05
7.161211549140e-04 5.712744041311e-04 2.536127324586e-05
8.096162649221e-04 6.560655706280e-04 6.171621726107e-05
2.131800689169e-03 5.166185715785e-04 1.000000000000e-04
2.260833364622e-03 5.451549137937e-04 3.215053842553e-05
1.001347562269e-03 4.011148417318e-04 5.274267759723e-05
6.746635023281e-04 6.862858978534e-04 7.657881630607e-05
2.412856800393e-03 4.952422905675e-04 9.562339161008e-06
1.142879885529e-03 4.302905316120e-04 3.240761565049e-05
3.052753516283e-03 4.340126756648e-04 3.188663326494e-05
1.833706910819e-04 5.095360447268e-04 9.570340123272e-05
1.562297170027e-03 8.283491677585e-04 4.884831337005e-05
1.995040861134e-03 5.782576247163e-04 4.672464133056e-05
2.576978258149e-04 6.307020243801e-04 4.644341658726e-05
3.114827621838e-03 4.363399187135e-04 2.947719535514e-05
1.454565368533e-03 8.283491677585e-04 5.888348812374e-05
1.910183965219e-03 5.724844590455e-04 3.729130689843e-05
1.692194093783e-03 8.374242358352e-04 6.374345530789e-05
1.610373461998e-03 9.178517382983e-04 5.098752977549e-05
5.382616074243e-04 7.614052097835e-04 7.914012267767e-05
4.205173684853e-04 7.306955448049e-04 4.213518926135e-05
2.314013099929e-03 5.738449521939e-04 2.827466169974e-05
3.469990630101e-04 7.306955448049e-04 3.138311621386e-05
2.555655812577e-03 3.620098746281e-04 2.400037402102e-05
1.654188227879e-04 6.523473354278e-04 4.823177745454e-05
2.527263803053e-03 4.435862215109e-04 6.160531766061e-05
6.641183378440e-04 8.302819891195e-04 6.433087551933e-05
2.470624667502e-03 5.949410596240e-04 1.000000000000e-04
1.699361742340e-03 9.434880541528e-04 4.161989286920e-05
-1.694674360588e-05 4.426636464388e-04 3.904088067578e-05
3.183053256394e-03 4.426636464388e-04 3.904088067578e-05
2.777124923701e-04 7.133284099911e-04 3.857250277891e-05
1.969641185419e-03 7.243387961575e-04 5.898959613779e-05
2.086156279062e-03 6.765239935447e-04 6.629239068393e-05
9.595209035652e-04 3.041836404476e-04 1.698538102432e-05
9.382021554535e-04 5.010468931643e-04 6.546797042344e-05
2.693736004645e-03 3.562166126984e-04 5.827882756250e-05
7.605577635521e-04 8.596489307290e-04 3.648073140366e-05
1.273516767593e-03 7.132139219268e-04 8.717984830948e-05
3.131537209479e-03 4.980900566909e-04 3.449381260444e-05
7.151415646763e-04 9.222799399739e-04 4.086889937491e-05
1.505070831031e-03 9.342802106215e-04 5.558891598730e-05
1.095991539647e-03 7.129752484545e-04 9.017664649837e-05
2.224715379775e-03 6.757635579170e-04 7.205365796993e-05
8.305791626859e-04 9.531982907539e-04 7.863751655823e-05
1.956265064550e-04 7.431630551430e-04 4.747610993208e-05
8.426126707655e-05 7.589949685565e-04 6.500884998157e-05
2.661963451071e-03 6.230444243053e-04 9.339164719302e-05
1.583214474027e-03 1.068821958185e-03 1.000000000000e-04
6.149676739339e-04 9.489157968800e-04 6.278570621300e-05
4.347834965420e-04 8.145163980693e-04 3.717203383610e-05
9.456102571202e-04 7.476369499268e-04 6.414756962917e-05
9.413189531406e-04 9.720161455514e-04 3.368974126070e-05
2.358016329901e-03 7.340803009729e-04 7.344543421070e-05
1.729397100553e-03 1.076095136005e-03 4.636344971849e-05
1.922099268050e-03 8.228919284316e-04 4.877759957155e-05
1.847835833661e-03 8.447715463424e-04 2.604963538739e-05
3.043444429982e-03 5.123023074170e-04 4.695456765284e-05
1.189553163878e-03 7.990582476229e-04 3.289985557999e-05
1.256095452568e-03 8.582694553741e-04 5.616397126558e-05
2.151995915631e-03 7.508159979643e-04 3.244987891932e-05
2.787411828467e-04 8.202436664471e-04 6.587939545471e-05
2.028700684452e-03 8.282566140747e-04 5.795871982922e-05
2.559829073934e-03 6.800987609666e-04 2.332582951237e-05
5.173727694325e-04 9.642829018552e-04 3.601162826497e-05
1.627499489118e-04 8.215065196258e-04 3.532654363776e-05
1.694435329684e-03 1.158622676086e-03 4.294840911562e-05
1.885622492807e-03 9.409315489969e-04 7.476958656564e-05
9.098168959709e-04 1.034443733688e-03 3.485010555851e-05
1.114787172737e-03 8.825309234097e-04 7.916102631899e-05
1.391847618049e-05 5.832312634063e-04 8.397853937848e-05
3.213918476180e-03 5.832312634063e-04 8.397853937848e-05
2.963957174277e-03 5.494803413626e-04 4.079753771673e-05
1.776341592354e-03 9.603744727578e-04 3.622745169319e-05
2.241929406702e-03 8.101001276788e-04 6.338133270245e-05
2.128967885030e-03 8.219587736520e-04 4.232702076178e-05
1.596462968878e-03 1.268382669208e-03 1.000000000000e-04
2.773871921433e-03 4.198081809340e-04 4.197437784788e-05
2.445562553461e-03 7.062553918995e-04 1.410078934925e-05
2.518025085486e-03 7.328353604328e-04 4.396995321916e-05
1.223125536389e-03 9.782351420717e-04 6.535409638003e-05
5.505063534766e-04 1.032282035838e-03 3.963040114983e-05
2.327337481179e-03 8.267271319395e-04 2.363014042930e-05
2.033506566509e-03 9.633325244426e-04 7.479895243774e-05
2.175825025373e-03 8.657768461172e-04 2.182603899097e-05
3.030875136779e-03 6.018359853987e-04 4.345711126219e-05
1.326216307928e-03 9.865238818591e-04 3.806935542700e-05
2.308168151493e-03 8.908741677661e-04 4.107926687187e-05
3.766651353084e-04 8.884726564183e-04 5.347007386377e-05
1.831776777899e-04 9.428502918226e-04 8.772467804679e-05
2.458680781613e-03 8.440057658281e-04 7.560804499056e-05
3.103794022937e-03 6.802763520735e-04 6.280410413445e-05
1.296379650170e-03 1.089441738389e-03 6.781148569842e-05
1.791133469695e-03 1.310287446722e-03 9.912964185961e-05
2.591687387458e-03 8.440057658281e-04 5.739856085456e-05
4.125479275746e-04 1.053825518562e-03 1.000000000000e-04
5.387557409894e-04 1.111016978297e-03 3.856144930517e-05
1.675597526282e-03 1.379243794749e-03 3.541972511650e-05
2.541074082054e-03 9.318232601715e-04 4.396030159298e-05
6.773162366212e-04 1.111531063712e-03 1.000000000000e-04
8.384834986060e-04 1.076530924384e-03 4.494815026680e-05
-3.788479502746e-05 7.929334682925e-04 6.176450060227e-05
3.162115204973e-03 7.929334682925e-04 6.176450060227e-05
4.849889845886e-04 1.163222501055e-03 3.120749414564e-05
4.520614701639e-05 8.791579576940e-04 5.797993083444e-05
3.245206147016e-03 8.791579576940e-04 5.797993083444e-05
2.849151241201e-04 1.010333991007e-03 3.435954550972e-05
3.043359365166e-03 7.929284848249e-04 5.699133978078e-05
2.871310794058e-03 5.483712326361e-04 5.185548689245e-05
2.381141071883e-03 9.535111262277e-04 5.508952055750e-05
2.145798881397e-03 9.710398693602e-04 3.775755403143e-05
3.139693193360e-03 9.069972663457e-04 5.114390018131e-05
9.990271610806e-04 9.720161455514e-04 2.401846667931e-05
1.729589076961e-03 1.503434834707e-03 1.000000000000e-04
2.115075830337e-03 1.062833019669e-03 5.386298191633e-05
1.426236249849e-03 1.120684862246e-03 6.532369365534e-05
2.675816708563e-03 9.791209366018e-04 9.884251908749e-05
1.546564549423e-03 1.503434834712e-03 8.302452753227e-05
2.025618869866e-03 1.074217850244e-03 3.631551964549e-05
1.338324468924e-03 1.222381790900e-03 6.910378316041e-05
9.835835574580e-04 1.030611107917e-03 3.657752747444e-05
2.941795021374e-04 1.062883619026e-03 1.871450342943e-05
2.813363133890e-03 6.428012159633e-04 5.893690245374e-05
2.257652398947e-03 1.005645368906e-03 7.895312789126e-05
2.354896813404e-04 1.040006300987e-03 2.261949185902e-05
1.421197120217e-03 1.510355174274e-03 4.253375935209e-05
2.739810433610e-04 1.155746701165e-03 7.201368801324e-05
3.099013770013e-03 8.271516351506e-04 8.339325636998e-06
1.622923970838e-03 1.642187096162e-03 7.501324213662e-05
8.092229043051e-04 1.157152292239e-03 3.957315455287e-05
9.080290798276e-04 1.099664846897e-03 2.834418383632e-05
5.566568004098e-04 1.228253430525e-03 6.556697362471e-05
5.139340373875e-05 9.944052250052e-04 5.378506021406e-05
3.251393403739e-03 9.944052250052e-04 5.378506021406e-05
1.077222133430e-03 1.013473730207e-03 5.706360814488e-05
2.395629424803e-03 1.093709258814e-03 8.473226660006e-05
6.517638788196e-04 1.241657194034e-03 3.047997968395e-05
2.065237893145e-03 1.137212388625e-03 3.566975237589e-05
1.473326072937e-03 1.644040218231e-03 7.459613296257e-05
2.550422666137e-03 1.007919638488e-03 2.981606440542e-05
1.026373603472e-03 1.144144761356e-03 8.315226662875e-05
4.167274399106e-04 1.250417706946e-03 7.610688098144e-05
1.280844399020e-04 1.085002198360e-03 6.473000175459e-05
5.169389241777e-04 1.352698458462e-03 6.506255852918e-05
6.089068963047e-04 1.352698458462e-03 2.690541359776e-05
1.228921390494e-03 1.252744402084e-03 4.443441185759e-05
1.774069324147e-03 1.683772181794e-03 8.174847887319e-05
1.726274212042e-04 1.173648149253e-03 3.090870298098e-05
2.137061084972e-03 1.152554286345e-03 3.777372732041e-05
2.282868357390e-03 1.111083559065e-03 2.935947119616e-05
1.257005969880e-05 1.092408771566e-03 5.102158294458e-05
3.212570059699e-03 1.092408771566e-03 5.102158294458e-05
8.734599371728e-04 1.137185241371e-03 2.267351530171e-05
1.552904847434e-03 1.760364419614e-03 6.234962554874e-05
1.922506334069e-04 1.284012290432e-03 8.007813063942e-05
4.043961074093e-04 1.385852992653e-03 5.226224167758e-05
2.246794525554e-03 1.235861980814e-03 1.000000000000e-04
2.754392559160e-03 7.069068179222e-04 2.816681201455e-05
6.054746261594e-05 1.170693114390e-03 4.079491623729e-05
2.133264800828e-03 1.235861980814e-03 1.352972472636e-05
1.668615248401e-03 1.739059028078e-03 3.209354587695e-05
1.941592510115e-03 1.042524983268e-03 4.122122664692e-05
2.576125097118e-03 1.072947432364e-03 3.805827966680e-05
2.945504706991e-04 1.376128732723e-03 5.758339503265e-05
2.644594026297e-03 1.111947405871e-03 3.760427210422e-05
6.027268907215e-04 1.429836099368e-03 5.030550831887e-05
2.771663262509e-03 1.148416418074e-03 9.459474318144e-05
3.999083603222e-05 1.302185435081e-03 7.326236982606e-05
3.239990836032e-03 1.302185435081e-03 7.326236982606e-05
1.343465352709e-03 1.644040218267e-03 5.526458725413e-05
5.259788193997e-04 1.449920462391e-03 2.902700764791e-05
2.914577820493e-03 1.155112795043e-03 4.847661086346e-05
2.950953612602e-03 7.929297662484e-04 3.541441300851e-05
2.368736213064e-03 1.235861980814e-03 2.194168750939e-05
2.979425131394e-03 8.668956312439e-04 4.077739251299e-05
8.707738941529e-04 1.191851768834e-03 3.108502280254e-05
1.643484669963e-03 1.810527352916e-03 4.119275286116e-05
9.412125268945e-04 1.306293901616e-03 1.000000000000e-04
1.567216530941e-03 1.906768994986e-03 8.160497797399e-05
2.873575102999e-03 1.227307011099e-03 3.428407160152e-05
3.052257691584e-03 9.187310658018e-04 3.707542321467e-05
1.142488005221e-03 1.144116275653e-03 3.295530820922e-05
2.603669365103e-03 1.245160727121e-03 9.926451220497e-05
2.087092618021e-03 1.197737967299e-03 2.868065300961e-05
1.394753451152e-03 1.712684587064e-03 2.973845510266e-05
2.002099777019e-04 1.407177631430e-03 4.173509634673e-05
2.996996774391e-03 1.280215450092e-03 1.000000000000e-04
4.303382241521e-04 1.536527882646e-03 1.000000000000e-04
1.684976397463e-03 1.924066175149e-03 3.741845923484e-05
1.820463676641e-03 1.947023470407e-03 1.000000000000e-04
2.112727801191e-03 1.293288905117e-03 4.584833977972e-05
1.964519053655e-03 1.120364990119e-03 3.992489509793e-05
2.546285340041e-04 1.471159839329e-03 4.225955942230e-05
2.013141933958e-03 1.161554297421e-03 2.183257355422e-05
1.313012718350e-03 1.762037041611e-03 6.574563869750e-05
1.962076219948e-03 1.212262744396e-03 5.013306923440e-05
7.447263067818e-04 1.343619030678e-03 1.000000000000e-04
2.169761031413e-03 1.358843062523e-03 4.104318398867e-05
3.185618351999e-04 1.563398166723e-03 1.496074675122e-05
5.715460507358e-04 1.515873566107e-03 4.120782658371e-05
1.120862823551e-03 1.356521579639e-03 8.653967067428e-05
8.543672765724e-04 1.386323809472e-03 1.765420158187e-05
2.018009965312e-03 1.295714937409e-03 4.890056029910e-05
2.361470720759e-03 1.281033078620e-03 2.325200941009e-05
1.939415213363e-03 1.368268820323e-03 5.806298937966e-05
1.015606160747e-03 1.433154181848e-03 4.365738573560e-05
1.105968670965e-03 1.544832564821e-03 1.000000000000e-04
3.198497487139e-04 1.617158322833e-03 3.678074093045e-05
1.206482254849e-03 1.762037041681e-03 4.078482480311e-05
1.879774790264e-04 1.474396690088e-03 2.447004669436e-05
2.481284540631e-03 1.245160727121e-03 2.312031226668e-05
1.443368687418e-03 1.772322492931e-03 4.720386753822e-05
2.171772890949e-04 1.641563758087e-03 6.875247296035e-05
2.817873306786e-03 1.265579701895e-03 3.135208396278e-05
9.366212261556e-04 1.442691912174e-03 3.590132335472e-05
2.463478782878e-03 1.340082995960e-03 7.003887366161e-05
1.196688627751e-04 1.373485225131e-03 3.365932117652e-05
3.130224373570e-03 1.311067547718e-03 3.675322705872e-05
2.565862613307e-03 1.379237024862e-03 3.957630189592e-05
2.746637212041e-03 1.283726011598e-03 4.215893392108e-05
2.851306246696e-03 1.363785781496e-03 6.795752484247e-05
8.440090246778e-04 1.448291037494e-03 4.426179562739e-05
3.166177791775e-03 1.367871594811e-03 2.554571224550e-05
1.385181029035e-03 1.808300200506e-03 1.997801574487e-05
2.517795076070e-03 1.415936197523e-03 2.089945696656e-05
2.749659970923e-03 1.365991879594e-03 3.371268833317e-05
5.853188094695e-04 1.658843599389e-03 9.743382787109e-05
7.553688899477e-04 1.505653884177e-03 6.132025618320e-05
7.207110528597e-04 1.676045491790e-03 3.904681058129e-05
2.375508379967e-03 1.340410615642e-03 1.793213930831e-05
1.229496915043e-03 1.904789325918e-03 9.964209989606e-05
1.953625323902e-03 1.959927224484e-03 3.378539221592e-05
2.947077091500e-03 1.406229822342e-03 3.554186347221e-05
1.416873976608e-03 1.838880734697e-03 2.406301055226e-05
2.320332548848e-03 1.354486819051e-03 3.901091858411e-05
3.118792179071e-04 1.694627602167e-03 3.980270595491e-05
4.559052792939e-04 1.671530068072e-03 3.260004571631e-05
1.114031023227e-03 1.930944818191e-03 1.874912422515e-05
1.677221345350e-03 2.024045873066e-03 6.263706829943e-05
1.035708251489e-03 1.932226525457e-03 5.958413401388e-05
3.703462334222e-04 1.699570767432e-03 1.887290044233e-05
2.250818288576e-03 1.446442556516e-03 7.626305954544e-05
2.380419054214e-03 1.425245284853e-03 4.892134647636e-05
1.559098481970e-03 2.048266344582e-03 5.794336997183e-05
2.070238021102e-03 1.361280378176e-03 3.432785257683e-05
1.629515893304e-03 2.127058045298e-03 4.772934683109e-05
1.106355039455e-03 1.966347079885e-03 1.747574099149e-05
1.471431861682e-03 2.048266502618e-03 2.972322149171e-05
9.921675284350e-05 1.655800612472e-03 5.006409211161e-05
1.519141312239e-04 1.741250901142e-03 5.032896303675e-05
1.376345215089e-03 1.895672901398e-03 4.570754705606e-05
1.927567581150e-03 2.021843699183e-03 3.064958090224e-05
3.939042239130e-05 1.753458856700e-03 6.285504302573e-05
3.239390422391e-03 1.753458856700e-03 6.285504302573e-05
2.366253212338e-03 1.567754608591e-03 9.119390687450e-05
2.664879696400e-03 1.427753377578e-03 7.068801338860e-05
1.881014071025e-03 2.062139490258e-03 3.006937515629e-05
3.093530512061e-03 1.402987418355e-03 5.514349591153e-05
4.178070099730e-04 1.742750039373e-03 4.529075621880e-05
6.941861681626e-04 1.792822521119e-03 7.520004266583e-05
-8.723018364204e-06 1.440083453401e-03 4.940547888215e-05
3.191276981636e-03 1.440083453401e-03 4.940547888215e-05
1.482652176226e-03 2.135971942264e-03 5.840227379969e-05
1.564871828721e-03 2.200928607797e-03 4.638054758046e-05
8.910839576133e-04 1.579056870273e-03 9.297354783774e-05
1.003037087963e-03 1.620163290120e-03 2.628768286109e-05
1.339436685406e-03 1.950877453474e-03 1.956724793007e-05
2.775902952901e-03 1.419550809158e-03 2.582624254420e-05
1.775079543992e-03 2.102030415814e-03 6.151425919098e-05
2.900902043328e-03 1.438419101597e-03 2.074565532821e-05
1.141037950041e-03 1.980591812729e-03 1.685255867014e-05
3.008658072754e-03 1.455264309490e-03 4.317661073875e-05
9.425493163561e-04 1.932226526177e-03 3.357480099866e-05
1.334424059908e-03 2.135967712978e-03 8.982517819502e-05
2.116647118003e-03 1.426394035770e-03 4.488831072920e-05
1.136249554833e-04 1.812439700993e-03 3.050361828477e-05
2.752703702332e-03 1.471229828139e-03 2.730819965702e-05
3.127475571862e-03 1.475887613397e-03 2.375569772210e-05
2.231118179880e-03 1.567754608591e-03 4.394112558401e-05
1.429184517838e-03 2.195345338632e-03 2.149748029417e-05
1.709099878884e-03 2.188445544001e-03 4.720965992274e-05
2.473598386752e-03 1.439121467369e-03 2.900950099223e-05
8.055548110367e-04 1.816249267677e-03 3.860587576522e-05
3.276737563671e-04 1.793793862158e-03 5.829242412494e-05
6.934391077082e-05 1.824970545106e-03 1.467645408880e-05
4.458772407410e-04 1.864965149818e-03 7.968371839726e-05
9.587101973829e-04 2.034687801691e-03 6.858377719490e-05
1.083630187420e-03 1.999004934828e-03 2.231061834777e-05
5.730509308028e-04 1.803007908619e-03 4.636264835712e-05
1.167774800648e-03 2.009742102948e-03 2.211464446360e-05
1.060261622110e-03 2.048334722127e-03 3.227434074839e-05
2.714078679509e-03 1.519032290192e-03 3.300566928774e-05
2.487375156764e-03 1.594854611799e-03 3.292271407330e-05
7.613361198216e-04 1.892234802905e-03 4.476627668161e-05
1.862033559404e-03 2.115406513269e-03 2.646256036608e-05
2.829521411377e-03 1.566151664554e-03 9.168298208626e-05
1.837725534540e-03 2.167144114883e-03 2.884233402851e-05
5.914875419780e-04 1.929386472219e-03 7.954086075502e-05
2.681102216094e-03 1.617450632913e-03 6.535154177138e-05
2.029667612574e-03 2.034637160685e-03 7.224885967805e-05
2.201659246258e-03 2.044047134279e-03 1.000000000000e-04
2.101536505782e-04 1.893724777607e-03 9.569088499049e-05
3.502999421414e-04 1.984583413430e-03 7.133089425530e-05
2.268272592996e-03 1.622613719508e-03 2.109911969973e-05
2.950785940755e-03 1.566151664554e-03 2.958154729165e-05
1.469890025939e-03 2.220289335049e-03 2.624287314801e-05
3.070409557082e-03 1.518401183645e-03 4.513822773562e-05
-3.869155150959e-05 1.543449862268e-03 4.914880615554e-05
3.161308448490e-03 1.543449862268e-03 4.914880615554e-05
2.526440930991e-04 2.014068386352e-03 3.067904879142e-05
1.521361279904e-03 2.340693041152e-03 1.000000000000e-04
6.946346327345e-05 1.884646181756e-03 4.499930231421e-05
1.950087571521e-03 2.140808732506e-03 6.043642729352e-05
2.098399935244e-03 2.081706731784e-03 9.912375175810e-06
1.121945074826e-03 2.029058517271e-03 2.638484770895e-05
1.032935723436e-03 2.125450777057e-03 4.866530133469e-05
2.099947207481e-03 2.117380069766e-03 2.539161811640e-05
1.215645083808e-03 2.151817346477e-03 3.000660411177e-05
2.136916778791e-03 2.175464311304e-03 4.345987655083e-05
2.565854151505e-03 1.613809532615e-03 4.781291398872e-05
1.704599354933e-03 2.380153151307e-03 8.743877048312e-05
2.030500683184e-03 2.140808732506e-03 1.997668436924e-05
1.592587873557e-03 2.471304354345e-03 4.874429769969e-05
9.537251887674e-04 2.138373007910e-03 3.159233846776e-05
1.231517623753e-03 2.232028449804e-03 5.094650773315e-05
2.245205401509e-03 2.209651156541e-03 7.009700874220e-05
2.451965241232e-03 1.650146590714e-03 2.769675977060e-05
1.363564981016e-03 2.288983349672e-03 6.594060303646e-05
4.837237975280e-04 1.978113001488e-03 3.872705235943e-05
9.879936385051e-04 2.204678983923e-03 4.242201811528e-05
3.099355724790e-03 1.582470988828e-03 2.406859814080e-05
2.938994040848e-03 1.634932830658e-03 3.760392913782e-05
7.018921150645e-04 1.941454530891e-03 3.152131911972e-05
2.522541267824e-03 1.756567861738e-03 1.000000000000e-04
5.455798444571e-04 2.060373185172e-03 5.925768268767e-05
2.415302410252e-03 2.209651156672e-03 1.000000000000e-04
1.887663170598e-03 2.206391247903e-03 3.010567427471e-05
1.684329408184e-03 2.520993386485e-03 5.485264409462e-05
2.677311475951e-03 1.737512554802e-03 5.477020812643e-05
2.150321950902e-03 2.254817509898e-03 3.498804573666e-05
1.074963565658e-03 2.208820209317e-03 4.464644908954e-05
1.227954588194e-03 2.384618614519e-03 1.000000000000e-04
1.394201837500e-03 2.384715799676e-03 3.456421197911e-05
1.483328673847e-03 2.501223099046e-03 6.453722773931e-05
3.027394912579e-03 1.606066530570e-03 5.166189825445e-05
2.886000510848e-03 1.664332669561e-03 2.158395228237e-05
4.417871247118e-04 2.040868012248e-03 3.608353977862e-05
2.307028589087e-03 2.325057942414e-03 5.824647403588e-05
1.328420062543e-03 2.557554103350e-03 1.000000000000e-04
2.784690697931e-03 1.755626464254e-03 5.412612344052e-05
2.652685745817e-03 1.865413407537e-03 6.966124481509e-05
2.195313626552e-03 2.273085609030e-03 1.060688813366e-05
1.472978015101e-03 2.639812944668e-03 6.632357009172e-05
8.315479326200e-04 1.905660298684e-03 2.671758578650e-05
2.840807281542e-04 2.124120726178e-03 8.312183621585e-05
2.063535916074e-03 2.176779808871e-03 2.886228518306e-05
3.110199577934e-03 1.651521957656e-03 4.279872029236e-05
2.548047677040e-03 1.895269798006e-03 3.915295227888e-05
1.022461743004e-03 2.300150133799e-03 5.908064533461e-05
9.661680635259e-05 1.977489156759e-03 4.540158898109e-05
1.701978741307e-04 2.045287772702e-03 5.465252567240e-05
2.388570625238e-03 2.334794181704e-03 2.387476569620e-05
1.091222603017e-03 2.390591532155e-03 3.686238821589e-05
2.783889142369e-03 1.871582949915e-03 6.168712601625e-05
8.016489187421e-04 1.990459506364e-03 6.140911654296e-05
1.620794650130e-03 2.641644071347e-03 8.150446477444e-05
2.717469869935e-03 1.971061452320e-03 5.426813872314e-05
6.702211822290e-04 1.981334999724e-03 1.478641852867e-05
8.785568859893e-05 2.054817792042e-03 2.823931220549e-05
1.757894846696e-03 2.638204531763e-03 5.082778496938e-05
2.008708844834e-03 2.229162721472e-03 4.559602552624e-05
2.593838338323e-03 2.209651156672e-03 7.853592807117e-05
2.464015000116e-03 2.358538391821e-03 5.521784593557e-05
1.822887103753e-03 2.237385708073e-03 4.170376380401e-05
3.134608351276e-03 1.753458856700e-03 4.192702808934e-05
1.936879890723e-03 2.232208673174e-03 2.547152417473e-05
9.031093061573e-04 2.138373007910e-03 1.902354414241e-05
2.171348046969e-03 2.375236712251e-03 8.641560963441e-05
1.958238551730e-03 2.281362152976e-03 2.701272832220e-05
4.520648077396e-04 2.143886727013e-03 6.612004166233e-05
1.388762684397e-03 2.667829556205e-03 2.242977067217e-05
3.034497793470e-03 1.706004591643e-03 4.852825579281e-05
1.107665921226e-03 2.478841327966e-03 5.277350800521e-05
2.935510364424e-03 1.724752555970e-03 5.221893908440e-05
2.873272051702e-03 1.792218467773e-03 3.957025867787e-05
1.532692950626e-03 2.764702866319e-03 6.733291276310e-05
1.803173302712e-04 2.119898738355e-03 2.064156166714e-05
6.897435147319e-04 2.075008324098e-03 7.884537367730e-05
1.876573208950e-03 2.345357427251e-03 7.673997448984e-05
2.282778672549e-03 2.413334243048e-03 3.134773852580e-05
1.184519539806e-03 2.558590416685e-03 4.390427073971e-05
1.716132662469e-03 2.723540687350e-03 4.417930286980e-05
2.081638959196e-03 2.235294700429e-03 2.759142385448e-05
8.683337407963e-04 2.232910482383e-03 8.052312672964e-05
1.539129754831e-04 2.214386492539e-03 7.528026129719e-05
2.899524164358e-03 1.882696631028e-03 5.448073622702e-05
1.798069750064e-03 2.732010109555e-03 3.684742867629e-05
1.019404507019e-03 2.394521845108e-03 3.506317585123e-05
1.402793558656e-03 2.752262299944e-03 6.316084832937e-05
3.049986981072e-03 1.808277080926e-03 5.491050385116e-05
3.719654634342e-04 2.222713500465e-03 4.621022114676e-05
2.247113201343e-03 2.512389447794e-03 7.027271630035e-05
1.973872242103e-03 2.345357427251e-03 2.055905866266e-05
8.913996279573e-04 2.398276117550e-03 8.644342306214e-05
3.171726074869e-03 1.797535097972e-03 1.569623500261e-05
1.453982399752e-03 2.847948560456e-03 4.501835004811e-05
2.030482298407e-03 2.397765821228e-03 5.624033966054e-05
1.932298973229e-03 2.466803787215e-03 5.688105361928e-05
3.010774611387e-03 1.917082693593e-03 6.074532732029e-05
2.370488711465e-03 2.386287963455e-03 2.993687251460e-05
7.458162136244e-06 2.236446401363e-03 7.282663520076e-05
3.207458162136e-03 2.236446401363e-03 7.282663520076e-05
1.098963376806e-03 2.574682991132e-03 4.315220203962e-05
1.525082528005e-03 2.867641564715e-03 2.875862911445e-05
5.898006170418e-04 2.189070486711e-03 7.280804612818e-05
2.758063814953e-04 2.297322673344e-03 7.215248525492e-05
1.839494778465e-03 2.467072056612e-03 3.592352888766e-05
3.116297988242e-03 1.948818879458e-03 4.944708873472e-05
1.637385429856e-04 2.337253424602e-03 4.661276124364e-05
4.487216551226e-04 2.247435507249e-03 3.442905297407e-05
7.100653192268e-04 2.201669518637e-03 4.803912329392e-05
1.640941291129e-03 2.770867287277e-03 4.109082209520e-05
2.317667321445e-04 2.408952156079e-03 4.785020521113e-05
1.579558380381e-03 2.867641441716e-03 2.571722326179e-05
1.160949712955e-03 2.671764904041e-03 7.169850335536e-05
1.741973168144e-03 2.856743596096e-03 9.150701649179e-05
2.418427254289e-03 2.462807475285e-03 5.858147012544e-05
1.626664897308e-03 2.887175512213e-03 2.342238888360e-05
1.631772398483e-03 2.967827301999e-03 5.739096251280e-05
9.742513349530e-05 2.470693632030e-03 1.000000000000e-04
3.297425133495e-03 2.470693632030e-03 1.000000000000e-04
1.869088575235e-03 2.867444338890e-03 3.605802653141e-05
1.844804858696e-03 2.933936487204e-03 3.306201811990e-05
1.037830597686e-03 2.449280850495e-03 2.270719356792e-05
6.729716960292e-04 2.340172548652e-03 9.534508926847e-05
1.031215963956e-03 2.671755068533e-03 5.802863599410e-05
2.585046209297e-04 2.522063443657e-03 6.837846035806e-05
2.932445012971e-03 1.959417190974e-03 2.829250540585e-05
1.521204660953e-03 2.955257839809e-03 4.962851714874e-05
3.048263427825e-03 2.014429408649e-03 4.357051179423e-05
4.812962460845e-04 2.377858106912e-03 1.000000000000e-04
2.092677589813e-03 2.452897417361e-03 2.412952118259e-05
3.833225087712e-04 2.499092028035e-03 5.587352404353e-05
2.528228382372e-03 2.462807475285e-03 5.121965795769e-05
1.748931552532e-03 3.006192508319e-03 5.810394339797e-05
1.674966567775e-04 2.622256816794e-03 6.697737372632e-05
4.689302516482e-04 2.510825388163e-03 2.985032658407e-05
2.348840391034e-03 2.541392096449e-03 3.550807000549e-05
2.480201270667e-03 2.545007170488e-03 4.398219785571e-05
3.483976569478e-04 2.598932372863e-03 4.989923452071e-05
3.114017316158e-03 2.018855996391e-03 2.062715199194e-05
5.950567153509e-04 2.441851875857e-03 3.011321285673e-05
2.766379913307e-04 2.664392362447e-03 4.723222752681e-05
3.104841957593e-03 2.100349451954e-03 5.930506291743e-05
4.801538402180e-04 2.628825245149e-03 8.520567276791e-05
1.546103014129e-03 -9.719975467715e-05 1.000000000000e-04
1.546103014129e-03 3.102800245323e-03 1.000000000000e-04
2.707537822395e-03 2.223054388576e-03 3.595083668266e-05
1.334763970343e-03 2.878210584895e-03 7.798093464009e-05
8.981680676216e-04 2.671755073974e-03 7.501926034077e-05
1.709174895084e-03 3.121831800107e-03 6.417883113170e-05
2.408815099897e-03 2.612965410986e-03 5.457899039182e-05
1.968461686071e-03 2.865846388678e-03 6.332795698572e-05
1.085958026558e-03 2.771899613088e-03 5.340430650005e-05
2.985291755615e-03 2.106141922362e-03 6.038538576754e-05
2.638599278854e-03 2.462807475285e-03 5.915123852407e-05
3.168240072762e-03 2.483423413307e-03 2.981077162974e-05
3.048039176833e-03 2.186994631920e-03 4.195912806867e-05
1.433552251002e-03 2.918983777812e-03 2.889080069408e-05
3.138901316389e-03 2.172605109263e-03 2.057559766294e-05
2.308355174651e-03 2.610224865349e-03 4.434806826903e-05
2.730984660831e-03 2.462807475285e-03 3.323414345278e-05
2.345857494131e-03 2.703535073360e-03 5.572014173573e-05
9.784722187939e-04 2.737541300880e-03 2.629058381955e-05
2.047037240052e-03 2.485387678429e-03 3.189421120435e-05
3.073826188048e-03 2.481231015162e-03 6.292376898264e-05
3.715764021713e-04 2.780895668784e-03 1.000000000000e-04
6.553007686964e-04 2.472481456174e-03 3.747019600887e-05
2.073948435554e-03 2.900384198770e-03 4.766897646587e-05
1.879628819828e-03 3.108193503427e-03 7.808291060040e-05
1.000007003622e-03 2.800323274319e-03 3.712459978009e-05
2.226579504920e-03 2.620236775078e-03 3.803820787164e-05
2.195257830992e-04 2.720263962519e-03 3.266454067522e-05
6.086219644029e-04 2.631824515509e-03 4.329756392393e-05
2.468816500605e-03 2.739836453466e-03 7.248564166234e-05
1.050451333321e-03 2.845420530162e-03 2.824157847040e-05
7.678258958049e-04 2.444079196319e-03 4.534577014535e-05
9.079590929532e-04 2.803450798916e-03 5.497642777151e-05
2.703052503986e-03 2.505334212104e-03 1.764540774924e-05
3.145935974265e-03 2.537039852145e-03 2.825986877289e-05
6.028430110661e-06 2.639527537920e-03 9.054607728756e-05
3.206028430111e-03 2.639527537920e-03 9.054607728756e-05
5.743221961800e-04 2.702908210864e-03 3.461079503742e-05
7.247381708463e-04 2.521450159503e-03 4.321392336087e-05
2.006619922778e-03 2.983386377087e-03 5.920707605069e-05
2.673887235459e-03 2.564161303260e-03 4.801462227020e-05
2.828671181319e-03 2.462807475285e-03 6.445237703586e-05
2.945543424664e-03 2.575122820201e-03 9.604837113181e-05
1.375632109023e-03 3.100976990882e-03 7.048076200414e-05
9.672196505000e-04 2.852624209788e-03 2.202715978954e-05
8.251467051707e-04 2.828916560142e-03 3.166303534190e-05
5.517092009373e-04 2.812004617259e-03 7.680463784571e-05
2.757343858878e-03 2.522798325911e-03 2.874895925041e-05
7.336786388487e-04 2.648870587365e-03 8.291556640452e-05
2.829352767544e-03 2.586365348987e-03 2.068493485831e-05
2.347744324597e-04 2.817776836563e-03 4.168627122553e-05
1.214310199154e-04 2.751583889390e-03 7.030922375279e-05
2.756959440889e-03 2.664279293946e-03 8.207997167548e-05
2.571617887860e-03 2.588769989362e-03 5.717381288289e-05
1.229183438988e-03 2.878210552899e-03 2.759959671462e-05
1.247136916235e-03 3.121484266217e-03 5.964063242197e-05
3.054593776996e-03 2.707451294109e-03 7.542409594854e-05
1.011195123340e-03 2.910147650985e-03 4.745947968097e-05
2.915280242416e-03 2.736348170161e-03 6.685482982247e-05
2.813808418488e-03 2.779180982598e-03 4.328681945942e-05
4.588568057150e-04 2.962464721221e-03 1.000000000000e-04
-4.172330080881e-05 2.763815675008e-03 4.258901431994e-05
3.158276699191e-03 2.763815675008e-03 4.258901431994e-05
2.258633323421e-03 2.715507153914e-03 3.232184655193e-05
3.229479839397e-04 2.973925700886e-03 2.816792580675e-05
2.750764986768e-04 2.904002952519e-03 5.348620880524e-05
6.890109291970e-04 2.816673842203e-03 6.057650171626e-05
2.582694082883e-03 2.740197523923e-03 4.102896502685e-05
2.870822715849e-03 2.817066712998e-03 2.334546454146e-05
6.354816482614e-04 2.923345043765e-03 5.753649338028e-05
2.370611262102e-03 2.802184945120e-03 4.361175032232e-05
2.504216250301e-04 3.005525721364e-03 5.094360325768e-05
3.090517487157e-03 2.817840624464e-03 3.755076374571e-05
2.987793299469e-03 2.847528502608e-03 6.588259563149e-05
2.003440538486e-03 3.139739103331e-03 4.968432621814e-05
2.678783393407e-03 2.799620513922e-03 7.180392246722e-05
8.666513906106e-04 2.918325037210e-03 6.690909596735e-05
2.886403020940e-03 2.876216308918e-03 3.782168844258e-05
2.817780044178e-03 2.876216308918e-03 3.080128831951e-05
7.549982136728e-04 2.924768393865e-03 4.456488189505e-05
3.480441280185e-04 3.068616294998e-03 5.345255300225e-05
2.584033590642e-04 3.104542906294e-03 4.311997450084e-05
3.166334635167e-04 -3.138497802762e-05 4.345942649365e-05
3.166334635167e-04 3.168615021972e-03 4.345942649365e-05
2.555900172713e-03 2.830759279365e-03 5.341333431817e-05
2.324780550696e-05 2.890742328754e-03 1.000000000000e-04
3.223247805507e-03 2.890742328754e-03 1.000000000000e-04
4.096211944919e-04 -3.930719105008e-05 4.986518724669e-05
4.096211944919e-04 3.160692808950e-03 4.986518724669e-05
2.843712888465e-03 2.943826491666e-03 4.161175763224e-05
3.042417258190e-03 2.992093945625e-03 8.865858802666e-05
2.910579918958e-03 3.009471132663e-03 4.431977926111e-05
7.942627651498e-04 2.989198918587e-03 3.088707314071e-05
9.532114544216e-04 2.959896028100e-03 2.894082721166e-05
2.824559924358e-03 3.038624061453e-03 4.650669699575e-05
8.826910838009e-04 3.085093286384e-03 9.955562429615e-05
2.898291497429e-03 3.106604501699e-03 5.128727452315e-05
1.671652012137e-04 3.120016763027e-03 4.942148223001e-05
2.165140933980e-03 2.899350651229e-03 4.352939537629e-05
1.034330352704e-03 3.110527707829e-03 5.357164472160e-05
2.620527871981e-03 2.881850032328e-03 2.897012372673e-05
7.236889321674e-04 3.085708762831e-03 5.944771854724e-05
2.685197021773e-03 2.993434688196e-03 1.000000000000e-04
2.972786191821e-03 3.106075474698e-03 2.309243341327e-05
3.156360973983e-03 2.996793444663e-03 2.538282050565e-05
2.485614772298e-03 2.833159385935e-03 1.691307162805e-05
2.263369236699e-03 2.899108447178e-03 5.469921704962e-05
3.240160996216e-05 3.083754741312e-03 9.013604037495e-05
3.232401609962e-03 3.083754741312e-03 9.013604037495e-05
2.205207909849e-03 2.989792204186e-03 5.224471580248e-05
1.086198496621e-04 -8.581610023766e-06 2.505394665634e-05
1.086198496621e-04 3.191418389976e-03 2.505394665634e-05
2.468270149972e-03 2.929725398962e-03 7.841103960473e-05
2.122100031345e-03 2.999196785214e-03 3.139358651022e-05
1.135400994814e-03 3.127421133031e-03 4.705973973347e-05
2.571928868137e-03 2.929768899432e-03 2.524768901397e-05
9.753399419436e-04 3.158509937490e-03 1.865527018859e-05
1.082406236528e-03 -1.904788678678e-05 2.826628661248e-05
1.082406236528e-03 3.180952113213e-03 2.826628661248e-05
3.070374911316e-03 3.137882756651e-03 5.495179234642e-05
2.149644089187e-03 3.081651750171e-03 5.511223252872e-05
2.346052774987e-03 2.958623737348e-03 4.717638557436e-05
2.544577648972e-03 3.026426576001e-03 4.443792075929e-05
2.403597881898e-03 3.067910030408e-03 7.408001270970e-05
2.778263619404e-03 3.119731192214e-03 4.688368017543e-05
2.513099598213e-03 3.107718122755e-03 4.243311999313e-05
7.756107163149e-04 -2.883999064401e-05 3.782590977626e-05
7.756107163149e-04 3.171160009356e-03 3.782590977626e-05
2.682467958278e-03 -5.050013344641e-05 5.343086852837e-05
2.682467958278e-03 3.149499866554e-03 5.343086852837e-05
2.589894156815e-03 3.147652947159e-03 3.916141896573e-05
2.283355971084e-03 3.001909298905e-03 2.683716239535e-05
2.268726140403e-03 3.111272970320e-03 6.759119541540e-05
2.498636531446e-03 -4.728225019868e-06 4.630707562492e-05
2.498636531446e-03 3.195271774980e-03 4.630707562492e-05
2.059375000000e-03 1.746875000000e-03 6.012291394832e-05
2.271875000000e-03 1.796875000000e-03 3.616369389765e-05
2.040625000000e-03 2.665625000000e-03 6.738096067210e-05
1.965625000000e-03 1.565625000000e-03 2.126323693254e-05
2.884375000000e-03 2.271875000000e-03 7.638157518837e-05
2.415625000000e-03 1.984375000000e-03 6.346040848882e-05
1.003125000000e-03 1.759375000000e-03 2.891939502063e-05
3.053125000000e-03 1.071875000000e-03 3.006769130352e-05
1.315625000000e-03 1.403125000000e-03 6.640486253543e-05
2.909375000000e-03 9.968750000000e-04 3.239664557558e-05
2.809375000000e-03 2.103125000000e-03 4.654676028828e-05
2.815625000000e-03 8.281250000000e-04 8.713173132154e-05
1.146875000000e-03 2.978125000000e-03 3.423927355136e-05
2.084375000000e-03 1.584375000000e-03 4.995355208237e-05
2.571875000000e-03 2.034375000000e-03 4.053665760865e-05
3.065625000000e-03 2.321875000000e-03 4.728433048645e-05
1.915625000000e-03 1.784375000000e-03 8.948638164548e-05
2.159375000000e-03 1.859375000000e-03 2.764444618218e-05
2.734375000000e-03 2.340625000000e-03 8.838834764832e-05
1.890625000000e-03 2.609375000000e-03 5.159922932692e-05
1.090625000000e-03 5.406250000000e-04 2.903228759726e-05
2.153125000000e-03 2.771875000000e-03 7.222225090776e-05
5.718750000000e-04 3.109375000000e-03 2.076996838826e-05
2.196875000000e-03 1.703125000000e-03 6.130297739158e-05
1.846875000000e-03 1.121875000000e-03 3.146458281251e-05
9.687500000000e-05 1.521875000000e-03 5.190262788116e-05
2.053125000000e-03 1.884375000000e-03 5.021148499661e-05
9.781250000000e-04 2.540625000000e-03 2.354336471075e-05
2.371875000000e-03 1.853125000000e-03 1.832417689925e-05
1.453125000000e-03 1.371875000000e-03 4.116367777253e-05
1.915625000000e-03 2.734375000000e-03 4.179219748306e-05
2.959375000000e-03 2.403125000000e-03 7.410149504391e-05
2.940625000000e-03 6.781250000000e-04 2.628986717318e-05
8.968750000000e-04 1.746875000000e-03 1.762530729260e-05
1.903125000000e-03 1.496875000000e-03 2.661247800752e-05
1.096875000000e-03 1.715625000000e-03 4.922102670944e-05
9.281250000000e-04 1.828125000000e-03 3.404184086368e-05
