# 2D packing, generated 2026-09-30T17:10:05.444932+00:00
# generator = preprocess/generate_packing_gravity.py
# periodic axes = xy
# porosity_achieved = 0.324973  (target 0.325000)
# 603 distinct grains; 649 rows including 46 periodic edge images.
# Centres span [-R, L+R]: a grain need only be PARTLY inside.
# Do NOT drop the out-of-box rows -- they carry the conduction
# paths that cross the domain edge, and k_eff depends on them.
# header row is 'Lx Ly'; grain rows are 'x y r', all in metres
2.800000000000e-03 2.800000000000e-03
2.347011197571e-03 4.829218007441e-05 4.452897008697e-05
-1.374201098195e-05 2.971638485362e-05 5.703144014963e-05
-1.374201098195e-05 2.829716384854e-03 5.703144014963e-05
2.786257989018e-03 2.971638485362e-05 5.703144014963e-05
2.786257989018e-03 2.829716384854e-03 5.703144014963e-05
2.697341289435e-03 2.786647403222e-05 3.190455772242e-05
2.697341289435e-03 2.827866474032e-03 3.190455772242e-05
1.896173733914e-03 8.571216342259e-06 5.094597272389e-05
1.896173733914e-03 2.808571216342e-03 5.094597272389e-05
2.733003401885e-03 1.065491364056e-04 3.645296857687e-05
2.284346271476e-03 7.408680921763e-05 2.323721510234e-05
2.557704455852e-03 3.684732942805e-05 5.382115508667e-05
2.557704455852e-03 2.836847329428e-03 5.382115508667e-05
6.759490889308e-05 2.870407432787e-05 2.192726173079e-05
1.824938411881e-03 2.500025482523e-05 2.146604745634e-05
1.446476442579e-03 2.171335032372e-05 4.785397677224e-05
1.446476442579e-03 2.821713350324e-03 4.785397677224e-05
2.215023326648e-03 7.408680921763e-05 4.608572972602e-05
1.828520796166e-04 6.872554290944e-05 7.145564720378e-05
1.828520796166e-04 2.868725542909e-03 7.145564720378e-05
2.273903250013e-03 1.373176513703e-04 4.031441364674e-05
2.646233921610e-03 9.351271688204e-05 5.129037674190e-05
1.981139631734e-03 2.396160110760e-05 3.540257049667e-05
1.981139631734e-03 2.823961601108e-03 3.540257049667e-05
6.408974873803e-05 1.086919985068e-04 5.385123056997e-05
3.816785338179e-04 1.048135320970e-05 1.353887764710e-05
3.816785338179e-04 2.810481353210e-03 1.353887764710e-05
1.346975729793e-04 1.660042411640e-04 3.708929006601e-05
3.791462926857e-04 8.259945599809e-05 5.862366854819e-05
5.715293137989e-04 2.278794919026e-05 2.403025206995e-05
5.715293137989e-04 2.822787949190e-03 2.403025206995e-05
3.541374611392e-05 2.490969175057e-04 8.945217793391e-05
2.835413746114e-03 2.490969175057e-04 8.945217793391e-05
1.330868999123e-03 1.101505456071e-04 9.386662093408e-05
1.472470756459e-03 1.145339878753e-04 4.778119671659e-05
9.695687457588e-04 6.438121516792e-05 9.129572468780e-05
9.695687457588e-04 2.864381215168e-03 9.129572468780e-05
2.472135310832e-03 1.012219348377e-04 5.217086171991e-05
1.932103195293e-04 2.522988175291e-04 6.717246115560e-05
7.569999537184e-04 1.060340740581e-04 1.000000000000e-04
6.113951320180e-04 8.106292458661e-05 4.657609502815e-05
6.277480519616e-04 1.746246112683e-04 4.632401844449e-05
2.564929706666e-03 1.735140658420e-04 6.277363296945e-05
3.395238544765e-04 2.620227360106e-04 7.946388259705e-05
2.664846307788e-03 1.835841368158e-04 3.735417638081e-05
2.661481831845e-03 3.241955567437e-04 1.000000000000e-04
1.618284017101e-03 3.471379462065e-05 5.415413505956e-05
1.618284017101e-03 2.834713794621e-03 5.415413505956e-05
4.556675632273e-04 3.048008896021e-04 4.430742568955e-05
7.089931833636e-04 2.412048063256e-04 4.344284081707e-05
2.171300431248e-03 1.850525295658e-04 7.284899481527e-05
2.482256195029e-04 3.684769227326e-04 6.008760935709e-05
2.384598394737e-03 1.219750797049e-04 3.779249027013e-05
8.893375086669e-04 1.866860741196e-04 5.497733687163e-05
1.261752074629e-04 3.153935999348e-04 2.294398150797e-05
2.451720772714e-03 2.133207818003e-04 5.722987666931e-05
8.144283772783e-04 2.902570365470e-04 7.284491316937e-05
2.055848065005e-03 1.850525295658e-04 4.260337142838e-05
2.381086130463e-03 2.267164175925e-04 1.466377608069e-05
1.742900750745e-03 5.615947211606e-05 5.320933541303e-05
2.534808573392e-03 3.227820475724e-04 2.668116872947e-05
3.404671496660e-04 3.846189880572e-04 3.355568598599e-05
1.675146995472e-03 8.026794008785e-05 1.870588997946e-05
8.750177805679e-05 3.480568330571e-04 2.237908102449e-05
1.609700754908e-03 1.886287600611e-04 1.000000000000e-04
1.101844421618e-03 2.456569757779e-05 2.864909516532e-05
1.101844421618e-03 2.824565697578e-03 2.864909516532e-05
2.043766121302e-03 4.823851318669e-05 3.176473513992e-05
4.003937792261e-04 3.571504420508e-04 3.141551104782e-05
5.146218789346e-04 1.668504265024e-04 6.706897661116e-05
4.986299623282e-04 4.444466608107e-04 1.000000000000e-04
2.416230253280e-03 3.673611416538e-04 1.000000000000e-04
9.755520742064e-04 1.876079695228e-04 3.115152702104e-05
1.440518708791e-03 2.415337946193e-04 7.726113201975e-05
1.671381912772e-04 3.411935285664e-04 2.546679314436e-05
1.841926100240e-03 9.937271764077e-05 5.482194818528e-05
2.557642734942e-03 4.688004303828e-04 7.391434712712e-05
2.676149095799e-03 4.915223347690e-04 4.675065402253e-05
1.539016223556e-03 3.181019116029e-04 4.749662063267e-05
2.760392766380e-03 4.955864035787e-04 3.759098864680e-05
2.271980947673e-03 3.933179579014e-04 4.656610312721e-05
1.953306015164e-03 1.173737052122e-04 5.796616411037e-05
2.084309914398e-03 2.882014163103e-04 6.208448086290e-05
2.626595612089e-03 5.423531334215e-04 2.423749878826e-05
2.573811565000e-03 5.913518021387e-04 4.778350622491e-05
1.054761194291e-03 2.118126608739e-04 5.167329889513e-05
1.300866929969e-03 2.609181410357e-04 5.985716510635e-05
2.670914306384e-03 5.626449413164e-04 2.450574824819e-05
9.441006694219e-04 3.144199993224e-04 5.421372866636e-05
2.709862166836e-05 4.955864035787e-04 2.911486664202e-05
2.827098621668e-03 4.955864035787e-04 2.911486664202e-05
1.984161506416e-03 2.882014163103e-04 3.806392711882e-05
1.753083748586e-03 1.450580394854e-04 3.627066352322e-05
5.959536171131e-04 2.415161521051e-04 2.720358778318e-05
1.811915234001e-03 1.822729505905e-04 3.334327668933e-05
3.599441888893e-04 4.549997017035e-04 3.908670135362e-05
6.068594724956e-04 4.959154797631e-04 1.984434163624e-05
1.896824175747e-03 2.218941532856e-04 6.035503799841e-05
2.314027831354e-03 4.794277600897e-04 4.919230981441e-05
8.768013578897e-04 3.907994698536e-04 4.547376613007e-05
1.372203811041e-03 3.422981115628e-04 4.447786487028e-05
2.639071954391e-03 5.913518021387e-04 1.747688316575e-05
1.620198973652e-03 3.423772674996e-04 3.723801295296e-05
1.046254907252e-03 3.307051995141e-04 4.923044010096e-05
2.450544502413e-03 5.060740097059e-04 3.948473191036e-05
6.324830367338e-06 5.763717121884e-04 5.429866039156e-05
2.806324830367e-03 5.763717121884e-04 5.429866039156e-05
1.572282165147e-03 3.779901833217e-04 2.101057558285e-05
3.851478319923e-04 5.322024703808e-04 4.212592772328e-05
2.710505863629e-03 6.307604177169e-04 5.428009775475e-05
8.599121153674e-05 6.057324291872e-04 3.060589773882e-05
1.905591275117e-03 3.348869284585e-04 5.297735710955e-05
1.735761333557e-03 3.912603589693e-04 8.823805477220e-05
4.078018509659e-06 6.853555823375e-04 5.405447737667e-05
2.804078018510e-03 6.853555823375e-04 5.405447737667e-05
1.855893224924e-03 4.091657366993e-04 3.322094184260e-05
2.197101713643e-03 3.090433082652e-04 5.261675904858e-05
1.619373619222e-03 4.154202486098e-04 3.056305196400e-05
4.511433675631e-04 5.732265558107e-04 3.558112668408e-05
1.177740354419e-03 2.571884556532e-04 6.332225896542e-05
2.186657975393e-03 4.003412028656e-04 3.904544305415e-05
2.465109733552e-03 6.091603318405e-04 6.236744424854e-05
1.255636386960e-03 3.984263961435e-04 8.489892921088e-05
2.016748840037e-03 4.265187405954e-04 9.107955964637e-05
7.825375599057e-04 4.031582895709e-04 4.447419650611e-05
1.632363812897e-03 5.396489486473e-04 9.262161870129e-05
6.443481811616e-04 2.400889469602e-04 2.121226021908e-05
1.773998729246e-03 5.396484615545e-04 4.901301258912e-05
9.657502629071e-04 4.307244139896e-04 5.202477347053e-05
1.390764041249e-03 4.451023936675e-04 5.806194116020e-05
2.542425480191e-03 6.746762627945e-04 3.897386957293e-05
1.065560609041e-03 4.617586592070e-04 5.249920437633e-05
1.477251271416e-03 4.450951140439e-04 2.842528931316e-05
2.470016164241e-03 7.187578946010e-04 4.579817357310e-05
1.799512025056e-04 3.874584734333e-04 1.057605609613e-05
2.533375946906e-03 7.324352423844e-04 1.902105121232e-05
1.737126002971e-03 6.375754014767e-04 5.078237960503e-05
2.606056063419e-03 7.455936040562e-04 5.484058848094e-05
1.163086871652e-03 4.428870478113e-04 1.777612191522e-05
1.313394370919e-03 5.278139762430e-04 5.519373447748e-05
2.724147253231e-03 7.197986788018e-04 3.298145848947e-05
9.898542979690e-04 5.242148061838e-04 4.338668146207e-05
1.024747766258e-04 7.033844367146e-04 4.598032455700e-05
8.704452574551e-04 4.927272337155e-04 5.665226856595e-05
5.724528283832e-04 6.337761769674e-04 1.000000000000e-04
1.644589458171e-03 6.907944436716e-04 5.596629054368e-05
2.201705151624e-03 5.076781871537e-04 6.662854759513e-05
9.172673233692e-04 5.844030499350e-04 4.628848051049e-05
2.377978521941e-03 7.592117075962e-04 5.473758417468e-05
4.857148886877e-05 7.667222861310e-04 3.718966762595e-05
9.842295114182e-04 5.884690283419e-04 2.079705473138e-05
1.340245707510e-04 8.000500029823e-04 5.453255385657e-05
1.227557388661e-03 5.705241651801e-04 4.068195463161e-05
8.426346444008e-04 5.822894944141e-04 2.811847917077e-05
1.297585912238e-03 6.471275970302e-04 6.310667617919e-05
2.292879898955e-03 5.800857313388e-04 4.980034489217e-05
2.828122842521e-04 4.605237842094e-04 3.824276428636e-05
1.061766652282e-03 5.457291783387e-04 3.155700115940e-05
2.088522521817e-03 5.449576275556e-04 4.740954817236e-05
2.452645771716e-03 7.916502505157e-04 2.667161220840e-05
1.433629883503e-03 5.683384031955e-04 7.168734238665e-05
1.829471222895e-03 6.375752875022e-04 4.156284045724e-05
2.266746919266e-03 7.592117075962e-04 5.649401849998e-05
6.935543729742e-04 3.899785110942e-04 4.547977530621e-05
1.527904943276e-03 5.981792747657e-04 2.711749245651e-05
2.609739030281e-04 6.013444597510e-04 1.000000000000e-04
4.388560882249e-04 6.432606968715e-04 3.393275324566e-05
6.880988968125e-04 6.337760890854e-04 1.564606843611e-05
2.325743162830e-03 8.427244745390e-04 4.376579132009e-05
1.139644937557e-03 5.705241651801e-04 4.723049647266e-05
3.731361740504e-04 6.786181007741e-04 3.620404419694e-05
7.723260437523e-04 6.491260966731e-04 6.888889542860e-05
6.826410409181e-04 7.552636724563e-04 6.401418763526e-05
1.164650982354e-03 6.867684278249e-04 7.167295542939e-05
3.126630474354e-04 7.505331845212e-04 5.775753472200e-05
4.390863681436e-04 7.235453047281e-04 4.359496429346e-05
-4.358847951928e-06 7.696742417205e-04 1.582292142377e-05
2.795641152048e-03 7.696742417205e-04 1.582292142377e-05
5.079533802139e-04 7.479021304951e-04 2.945241973174e-05
9.718728361032e-04 6.494790786366e-04 3.866248263953e-05
5.634075719036e-04 8.678870874795e-04 1.000000000000e-04
7.848188120119e-04 7.817277841169e-04 4.153507154248e-05
2.225908471468e-04 8.000500029823e-04 3.403372253931e-05
2.677194003726e-03 7.680001971237e-04 1.974266677154e-05
2.400799283750e-03 8.427244745390e-04 3.129032959925e-05
2.144720903633e-03 5.614334203907e-04 1.115417793024e-05
1.497536926569e-03 6.416324770303e-04 2.555529955973e-05
1.790371491559e-03 6.865312177264e-04 2.109070820019e-05
7.023714001084e-04 8.883753114836e-04 4.046604224239e-05
8.404899772077e-04 9.139481033393e-04 1.000000000000e-04
4.005111962107e-04 8.021386383576e-04 4.395477003318e-05
2.756980532020e-03 7.649401686153e-04 2.283769860410e-05
1.033813465841e-03 7.373306239146e-04 6.859461530867e-05
2.715688679900e-03 7.885909858061e-04 2.391303929676e-05
2.532564713506e-03 7.799492081313e-04 2.628453736383e-05
4.716701548612e-05 8.522574373333e-04 4.680772001370e-05
-4.812070703130e-05 8.540129562520e-04 4.849617240016e-05
2.751879292969e-03 8.540129562520e-04 4.849617240016e-05
1.265768190101e-03 7.658082106890e-04 5.667024453784e-05
2.252102159800e-03 8.459793658966e-04 2.994710880626e-05
4.510979223824e-06 9.492480641623e-04 5.914849321748e-05
2.804510979224e-03 9.492480641623e-04 5.914849321748e-05
4.293779882847e-04 8.760302938244e-04 3.427673325948e-05
2.278345368516e-03 9.157214081294e-04 4.326927758601e-05
2.096358735794e-04 9.348210721553e-04 1.000000000000e-04
1.740643792749e-03 7.507627268853e-04 5.727076217260e-05
1.124168488913e-03 7.860724856173e-04 3.406890925913e-05
9.209902044785e-04 7.391743236053e-04 4.424370944385e-05
1.189033757175e-03 7.771189669634e-04 2.089331909840e-05
1.203124428047e-03 8.243345846209e-04 2.838001604725e-05
3.321159128054e-04 8.414806033372e-04 3.494836679005e-05
1.882114307632e-03 7.957927957318e-04 9.119342098879e-05
1.449680856594e-03 6.685128021395e-04 2.933327221433e-05
1.752323632845e-03 8.658604803605e-04 5.630267960722e-05
2.378907340916e-03 9.121915018834e-04 4.154458681507e-05
3.668540393540e-04 8.957617210415e-04 2.949678178876e-05
1.648700186288e-03 8.918631982790e-04 5.053345667429e-05
1.148696752197e-03 8.477882173775e-04 3.088586610995e-05
2.212114538957e-03 9.340199539488e-04 2.544287245444e-05
2.165668617520e-03 5.800297329391e-04 1.420076619482e-05
1.830151567244e-03 9.075915941962e-04 3.200741740737e-05
1.914360483009e-03 9.474654517420e-04 6.116482100048e-05
1.817955594193e-03 9.814494968242e-04 4.105463853523e-05
9.766950496889e-04 8.426853271709e-04 5.124747647015e-05
2.572508568795e-03 8.303326664119e-04 3.629745563025e-05
1.692924495352e-03 1.029897511913e-03 9.303483101192e-05
7.021371835279e-04 9.865643724241e-04 5.625177776527e-05
1.554555052697e-03 6.907944420934e-04 3.406811493648e-05
4.574352588743e-04 9.264102621763e-04 2.105822196625e-05
2.511901522951e-03 8.410485002478e-04 2.524962472947e-05
2.508521787964e-03 9.690682561265e-04 1.000000000000e-04
1.984812047566e-03 5.787105374578e-04 6.164060966571e-05
2.385382067859e-03 1.014175610895e-03 3.114138981167e-05
3.743373358491e-04 1.010827267522e-03 8.139325623598e-05
9.666185710512e-04 9.469665076983e-04 3.037882194337e-05
1.851210248581e-03 1.098881935614e-03 7.963025054349e-05
2.123092146315e-03 6.618560304094e-04 7.449326736772e-05
2.634220571861e-03 1.001487973386e-03 2.981225805153e-05
2.149483973321e-03 7.959710843768e-04 6.219388188927e-05
1.388291020410e-03 7.189763308319e-04 5.013546198219e-05
2.405645092234e-04 1.133335815242e-03 1.000000000000e-04
1.499889664340e-03 1.029897511913e-03 1.000000000000e-04
2.015749176106e-03 6.670638212175e-04 3.197246994077e-05
1.073223663221e-03 8.823054001032e-04 5.210583867410e-05
2.680560735817e-03 8.009458749820e-04 1.332425037445e-05
1.598447494609e-03 1.185232434646e-03 8.396354021284e-05
1.191135796333e-03 8.674639521032e-04 1.589240880653e-05
2.144648740226e-03 9.353433528959e-04 4.203590482466e-05
2.715553705368e-03 1.015729351035e-03 5.190625938681e-05
1.476599377835e-03 1.239967876863e-03 4.961389873553e-05
1.039528167159e-03 9.722033634807e-04 4.389952718762e-05
9.444999655341e-04 1.045875072600e-03 6.799643713487e-05
1.253320729782e-03 8.833154256599e-04 4.828106828423e-05
2.619578759436e-03 1.135400300806e-03 1.000000000000e-04
1.755137903422e-03 1.215489173223e-03 7.145629209690e-05
2.435274411097e-03 1.153135675373e-03 8.515570833188e-05
2.739388468642e-03 1.136791931878e-03 1.981779107065e-05
4.828879970527e-04 9.490339630662e-04 1.299575174698e-05
1.087889914402e-03 1.090080699468e-03 8.205293768260e-05
3.724656087327e-04 1.133335815349e-03 3.190109950927e-05
1.209134583685e-03 9.942180469911e-04 7.109986371512e-05
3.788532038564e-04 1.252717092909e-03 8.269004494142e-05
1.560192859633e-03 1.360214735436e-03 9.515156994503e-05
2.445153614545e-04 1.297203250953e-03 5.882205404199e-05
2.211437529936e-03 1.060696676858e-03 1.000000000000e-04
1.882904077154e-03 1.233475013359e-03 5.756961846155e-05
1.819327438487e-03 1.289657044011e-03 2.663126811867e-05
8.810516421816e-05 9.833826083522e-04 3.087374112351e-05
1.308703248773e-03 1.003555319733e-03 2.890565478181e-05
1.701634717864e-03 1.360214735436e-03 4.629028828618e-05
1.330242532195e-03 1.122806871497e-03 9.227550434970e-05
3.228016820831e-04 1.365553287756e-03 4.330114507057e-05
2.082303674810e-03 1.060696676858e-03 2.913385512676e-05
1.666234917825e-03 1.436389217932e-03 3.541438997249e-05
9.884864476459e-04 1.127284791138e-03 2.408467883550e-05
2.524740361094e-03 1.212818964640e-03 2.239079894103e-05
2.287687557280e-03 1.209689886792e-03 6.737097501152e-05
3.816952725050e-04 1.373436985745e-03 1.611777183954e-05
2.563719844491e-03 1.296662770259e-03 7.007099785397e-05
4.019886361932e-05 1.053645085161e-03 5.117993959124e-05
2.840198863619e-03 1.053645085161e-03 5.117993959124e-05
6.156123701943e-04 9.866129096921e-04 2.969642178863e-05
5.306408733698e-04 1.036763182371e-03 6.897072128505e-05
6.628080484129e-04 1.142038737917e-03 1.000000000000e-04
1.439820391257e-03 1.146372819642e-03 1.980777321027e-05
8.480893190517e-04 1.171686517775e-03 8.763832257849e-05
2.694907571758e-03 1.317368519002e-03 6.274070274691e-05
1.182872482639e-03 1.246305608603e-03 1.000000000000e-04
7.468949604436e-04 1.303715094896e-03 7.871023735176e-05
1.990711470632e-03 1.244228499893e-03 5.077276272481e-05
2.096465779594e-03 1.122586570748e-03 3.057129218380e-05
1.298123732322e-03 1.246305608710e-03 1.525124968291e-05
5.954408179521e-04 1.303715094896e-03 7.274390513979e-05
1.603563055209e-03 1.523781348659e-03 7.212698288780e-05
9.852113925924e-04 1.208252936917e-03 5.427561634567e-05
2.068439090482e-03 1.250928427777e-03 2.724308131535e-05
9.188722338110e-04 1.352306929390e-03 1.000000000000e-04
2.141507285647e-03 1.169316682760e-03 2.918415053162e-05
6.691380111461e-04 1.414454323881e-03 5.660169856002e-05
1.760143309050e-03 1.449485102573e-03 5.940274000419e-05
2.612556950704e-03 1.426400878459e-03 6.855453970217e-05
2.191899579999e-03 1.197197395951e-03 2.840679926163e-05
1.060027477403e-03 1.246305608603e-03 2.284500523594e-05
2.202897756505e-03 1.253939974527e-03 2.827096442995e-05
1.300421306117e-03 1.292155497775e-03 2.617423761616e-05
2.442909526649e-03 1.296662770259e-03 5.073931998779e-05
1.731723315572e-03 1.563196285495e-03 5.780617241598e-05
1.830164844296e-03 1.611031094531e-03 5.164200496925e-05
1.469747319149e-03 1.523781348659e-03 6.168875317275e-05
2.133721470352e-03 1.324688552597e-03 7.067710207337e-05
5.069807016948e-04 1.341242956700e-03 2.334736699132e-05
1.336036448468e-03 1.531977866451e-03 7.227310648226e-05
1.211198497086e-03 1.565498530774e-03 5.698689909543e-05
1.531422006806e-03 1.592404720658e-03 2.743956796849e-05
2.487751507289e-03 1.378728433675e-03 4.175905789665e-05
-4.827088259933e-05 1.444829833371e-03 7.183249090302e-05
2.751729117401e-03 1.444829833371e-03 7.183249090302e-05
1.066351782013e-03 1.368455293083e-03 4.836100157356e-05
2.042410896983e-03 1.296062226120e-03 2.243629313411e-05
4.344704433938e-04 1.377860017484e-03 3.684241955088e-05
1.281384615502e-03 1.635187298791e-03 4.192020684777e-05
1.210225465527e-03 1.657872591594e-03 3.276745702387e-05
1.139190353661e-03 1.398310919226e-03 3.035885571870e-05
1.970003969636e-03 1.610822797265e-03 8.817484897907e-05
2.243355748602e-03 1.283581011627e-03 1.879866923757e-05
5.774479352115e-04 1.426933555447e-03 3.593370680112e-05
1.136179416614e-04 1.079413845718e-03 2.663002147527e-05
7.896560819428e-04 1.429513785100e-03 5.052479022509e-05
1.412940180984e-03 1.688427117557e-03 1.000000000000e-04
1.271822067651e-03 1.729132345327e-03 4.687149988537e-05
1.163083058802e-03 1.744531734943e-03 6.295251044925e-05
2.371492412848e-03 1.238420661955e-03 2.122197763238e-05
3.752397518506e-04 1.435996966114e-03 4.451720712032e-05
2.415358388398e-03 1.383178367168e-03 3.077069855451e-05
2.231647250139e-03 1.326799951669e-03 2.597817427163e-05
7.236947483970e-04 1.480509280413e-03 2.907032057007e-05
1.329672278639e-03 1.805838844072e-03 4.394115840913e-05
5.111577859810e-04 1.426933555500e-03 3.035644242946e-05
1.026253428393e-03 1.449469543295e-03 4.203361497222e-05
1.077940958365e-03 1.744531734943e-03 2.218958998750e-05
9.325275328339e-04 1.541685385656e-03 8.945138447946e-05
1.876461590035e-03 1.682294778083e-03 2.940288374698e-05
2.347058023141e-03 1.275225060266e-03 2.105815581544e-05
2.554966152201e-04 1.381434434305e-03 2.585218341852e-05
7.831073352401e-04 1.532000917005e-03 4.955056796710e-05
2.208942690215e-03 1.364836985035e-03 1.458794671423e-05
1.788540968733e-03 1.723154207012e-03 6.754828222071e-05
2.120281333565e-03 1.611031110371e-03 6.210266061537e-05
2.445696887497e-03 1.479985542621e-03 6.788396813744e-05
1.641575304570e-03 1.670480917200e-03 7.941738194213e-05
2.661898210736e-04 1.483411972617e-03 7.439482021164e-05
1.464955273750e-04 1.539902796598e-03 5.796052398735e-05
1.238286079295e-03 1.803704047674e-03 3.273895670047e-05
2.248528144337e-04 1.579572201856e-03 2.986615845431e-05
8.248566045817e-04 1.609883047368e-03 3.800037052459e-05
2.062258417295e-03 1.677772841150e-03 2.570866001393e-05
1.180126981001e-03 1.848643015263e-03 4.062090599230e-05
4.431451045259e-04 1.438820301676e-03 2.344681384405e-05
4.787677891796e-04 1.465522197741e-03 2.002406176406e-05
1.935650896206e-03 1.772009311930e-03 7.663179536764e-05
6.157436757703e-04 1.474112366029e-03 2.346100838329e-05
2.360443652030e-03 1.522794862771e-03 2.751389373190e-05
1.079723323354e-03 1.810671327173e-03 4.345844365969e-05
2.398042318420e-03 1.562196953391e-03 2.694879495970e-05
1.792281020673e-04 1.638783339852e-03 4.488391339421e-05
1.831545496771e-03 1.819844189465e-03 3.781814360457e-05
2.667157528880e-03 1.548373988899e-03 6.186023787772e-05
1.545001320217e-03 1.764863021398e-03 5.258634241437e-05
4.294610547671e-04 1.526153441997e-03 5.812516624486e-05
2.072451722131e-03 1.772195950012e-03 6.016916287436e-05
2.276002045943e-03 1.408427747526e-03 6.539399978170e-05
8.841959842787e-04 1.650068301726e-03 2.921956850212e-05
-3.504465480708e-05 1.566190984694e-03 3.754729812777e-05
2.764955345193e-03 1.566190984694e-03 3.754729812777e-05
1.256945731254e-03 1.877429119781e-03 4.141424938711e-05
1.462885816344e-03 1.844600481032e-03 6.184890504455e-05
2.188669825109e-03 1.816290607415e-03 6.413283673090e-05
8.308320381224e-04 1.679616049957e-03 3.177862962621e-05
1.358905552899e-03 1.975419750890e-03 1.000000000000e-04
5.053880274852e-05 1.617193767685e-03 6.208107172741e-05
2.850538802749e-03 1.617193767685e-03 6.208107172741e-05
3.395370599961e-04 1.587899572940e-03 5.095695658928e-05
2.752848500574e-04 1.672180465187e-03 5.502235875126e-05
1.093780728322e-04 1.729138164468e-03 6.438476427210e-05
2.749230566797e-03 1.647448781100e-03 4.364841568415e-05
2.272032520207e-03 1.823642889809e-03 1.955345414310e-05
2.114219325587e-03 1.839464777232e-03 1.382268513449e-05
2.078139375129e-03 1.855720133966e-03 2.353252139078e-05
6.928624522557e-04 1.546377262828e-03 4.183224345872e-05
9.488856094972e-04 1.668034045106e-03 3.791846502660e-05
2.128522294025e-03 1.913931813634e-03 5.054728650257e-05
6.146928702528e-04 1.575925636153e-03 4.173563264622e-05
8.839817199069e-04 1.709940298824e-03 2.941327133392e-05
1.601970454860e-03 1.890771206797e-03 8.469894930881e-05
1.697164433156e-03 1.774091591434e-03 3.706667075347e-05
2.559421788803e-03 1.548373988899e-03 4.587550219996e-05
2.012159826177e-03 1.835931130125e-03 2.296299233991e-05
2.760842601395e-06 1.708211147815e-03 3.733032002161e-05
2.802760842601e-03 1.708211147815e-03 3.733032002161e-05
9.395335687117e-04 1.734666581041e-03 2.936716131301e-05
1.477745583507e-03 1.995830488846e-03 2.058018536946e-05
5.137205915333e-04 1.526153441997e-03 2.613437052136e-05
1.743584407568e-03 1.861105474061e-03 5.933970126760e-05
2.229655540386e-03 1.925108503865e-03 5.120136061106e-05
6.767042216004e-04 1.628807780750e-03 3.976239747184e-05
1.568434043712e-03 2.067020760878e-03 9.471290681122e-05
1.735536053675e-03 2.067665729618e-03 7.232976487768e-05
1.107617450097e-03 1.898751009987e-03 4.751787866862e-05
1.888576442148e-03 1.887663473488e-03 4.823571483614e-05
9.811631052712e-04 1.805108953378e-03 5.245671133235e-05
1.993320137211e-03 1.916484436177e-03 5.976408301131e-05
7.319735214185e-04 1.731822255108e-03 7.714216800599e-05
2.323010114653e-03 1.600812659913e-03 5.743724886469e-05
6.127803199851e-04 1.751785482027e-03 4.371125435752e-05
1.162944336862e-03 2.035500633791e-03 1.000000000000e-04
1.017876727835e-03 1.892543799112e-03 4.237335948013e-05
2.173325317477e-03 1.975427805185e-03 2.433092452791e-05
2.001502685095e-04 1.742440483656e-03 2.735695581133e-05
2.733903569697e-03 1.724205972957e-03 3.336026254232e-05
2.817205393426e-04 1.803186988074e-03 7.434774851827e-05
1.435202041557e-03 2.088396345618e-03 3.596693331183e-05
2.081644530860e-03 2.059408827799e-03 1.000000000000e-04
1.526826351638e-04 1.849940854878e-03 6.289912676862e-05
1.667286086445e-03 2.151068732029e-03 3.504017633943e-05
1.295015182169e-03 2.123750361297e-03 5.884181700356e-05
2.313496029763e-04 1.881514908998e-03 1.877847993955e-05
4.155076929586e-04 1.615591040970e-03 2.990313538679e-05
2.345707858002e-03 1.959185860293e-03 6.975072347643e-05
2.694061147576e-04 1.902200230779e-03 2.453642080058e-05
2.481215838197e-03 1.581485450608e-03 3.905116973851e-05
1.464700936958e-03 2.185466084417e-03 6.273507641975e-05
-1.514384277202e-05 1.835981760525e-03 8.948106951901e-05
2.784856157228e-03 1.835981760525e-03 8.948106951901e-05
1.203206712443e-03 2.178257816428e-03 4.792428798562e-05
1.908313235449e-03 1.979375761191e-03 4.557628663084e-05
2.252661051668e-03 2.062955453960e-03 6.962587692211e-05
2.194462123166e-03 2.173784855853e-03 5.555507850933e-05
1.876314856389e-03 2.086090877009e-03 6.583297634354e-05
1.282771881893e-03 2.228855108324e-03 4.636623188237e-05
6.567981664302e-04 1.829581476565e-03 4.567435730181e-05
1.803047572736e-03 2.130160195669e-03 1.966681576959e-05
2.095727957237e-04 1.953216724358e-03 5.408478721710e-05
7.933413829351e-05 1.918549412001e-03 3.599205898478e-05
1.105534622710e-03 2.178257816428e-03 4.974780174730e-05
2.101129707210e-03 2.206820253612e-03 4.345137266034e-05
5.061791089751e-04 1.651904964051e-03 6.776982244683e-05
2.542393222414e-03 1.639259566930e-03 4.509466115305e-05
1.971429800112e-03 1.993594350145e-03 1.912201563455e-05
1.376862782150e-03 2.260043652794e-03 5.249239024766e-05
1.550677659330e-03 2.185219168185e-03 2.324200798291e-05
2.004900056222e-03 2.216862608499e-03 5.330086049727e-05
1.048588230856e-03 1.963229596873e-03 3.469594973537e-05
1.154924008665e-03 2.246979879659e-03 3.480652179705e-05
4.202004210104e-04 1.665658766643e-03 1.930199773547e-05
1.765475659283e-03 2.243775636747e-03 1.000000000000e-04
9.469401209283e-06 1.970107698040e-03 4.688453792473e-05
2.809469401209e-03 1.970107698040e-03 4.688453792473e-05
1.088355658204e-03 2.260105506940e-03 3.304351853982e-05
1.965607919466e-03 2.119669419514e-03 2.956500795601e-05
2.066078231281e-03 2.272930959180e-03 2.968365041689e-05
7.399805934053e-04 1.852643147745e-03 4.064572631207e-05
1.636429342212e-03 2.297643932820e-03 3.957805001125e-05
1.005881038938e-03 2.259486601975e-03 4.943343135616e-05
7.215012721143e-05 1.969836959404e-03 1.579618807742e-05
5.836807952919e-04 1.654786151268e-03 9.785400599305e-06
1.903098797840e-03 2.243117290120e-03 3.402854156848e-05
4.368238764221e-04 1.695243529473e-03 1.401269118100e-05
5.006102067805e-04 1.796874477389e-03 7.718188771023e-05
2.613411974328e-03 1.750493818200e-03 8.687776694885e-05
2.162386169856e-03 2.255442733383e-03 3.217676145420e-05
1.480694821129e-03 2.307856229184e-03 5.886952414171e-05
5.824580742622e-04 1.885931676064e-03 4.377371590994e-05
2.119936712560e-03 2.301055492144e-03 3.013278987249e-05
1.575904073394e-03 2.359927362913e-03 4.725997429485e-05
9.165761804422e-04 2.277290474097e-03 4.161210598844e-05
1.884560643353e-03 2.304803030313e-03 3.038264101320e-05
9.696034891680e-04 2.349716826885e-03 4.781655719101e-05
1.684220226710e-03 2.394841582740e-03 6.654420797442e-05
1.364727672813e-03 2.403428322894e-03 9.140496478916e-05
6.616853583481e-04 1.919484885989e-03 4.226569622136e-05
1.938758872215e-03 2.326845203093e-03 2.812638212820e-05
1.521232708809e-03 2.487192841901e-03 8.610666742254e-05
1.226040381096e-03 2.234522376002e-03 1.064763577821e-05
1.842020332048e-03 2.405097833800e-03 7.856113904922e-05
7.376011266155e-04 1.947015995765e-03 3.848803977386e-05
2.018988886068e-03 2.291073466855e-03 2.077977215148e-05
1.952293766645e-03 2.411292823585e-03 3.184384538720e-05
1.228589385348e-03 2.443510759252e-03 5.051158211298e-05
5.814941091499e-04 2.010186523867e-03 7.880215071498e-05
1.129714222466e-03 2.454510564251e-03 4.897382698981e-05
2.450258351275e-03 1.667752572949e-03 5.134540247089e-05
8.389777717542e-04 1.750758158547e-03 3.134405762054e-05
1.067697607964e-04 1.982769074633e-03 2.115998371904e-05
1.681270563151e-03 2.545620199514e-03 8.426326042971e-05
1.857764215979e-03 2.566252849588e-03 8.336154643753e-05
8.821511556820e-04 2.350893626773e-03 3.964371866923e-05
2.440169016901e-03 1.997092585628e-03 3.203252841786e-05
3.899083546120e-04 1.810154324462e-03 3.406418416960e-05
1.566143151705e-03 2.617826472151e-03 4.923248536090e-05
1.397387357353e-03 2.544982734996e-03 5.044953125081e-05
3.162789998532e-04 1.964953922848e-03 5.326500047906e-05
1.184916085904e-03 2.504445839423e-03 2.296109100181e-05
1.023428101394e-03 2.441014141733e-03 5.816601159298e-05
1.254182784278e-03 2.551110735182e-03 6.009045364412e-05
1.763085586028e-03 2.614520727992e-03 2.269932968318e-05
2.359542710855e-03 2.067021550649e-03 3.733309751652e-05
1.075558561195e-03 2.521390359843e-03 3.642456151355e-05
2.331772942413e-03 2.135150959152e-03 3.623847540530e-05
2.018795962490e-03 2.579704978858e-03 7.823122002464e-05
2.636418960213e-03 1.918295899031e-03 8.025171710626e-05
1.443749829883e-03 2.671725675880e-03 8.450329758042e-05
4.844653752954e-04 2.010186523921e-03 1.822658313953e-05
4.504146103498e-04 2.013076752881e-03 1.594662298485e-05
1.928714661205e-03 2.678683016628e-03 4.730142699719e-05
7.476917695549e-04 2.343054089280e-03 9.338365899922e-05
1.638334294769e-03 2.663569587019e-03 3.623096751738e-05
2.217816570722e-03 2.255442733383e-03 2.325363941104e-05
1.787441004657e-03 -7.766441827128e-05 8.783226415786e-05
1.787441004657e-03 2.722335581729e-03 8.783226415786e-05
4.754289797145e-04 2.080470839463e-03 4.843658827945e-05
2.318872658714e-03 2.255442733383e-03 7.780244858140e-05
1.694237225717e-03 2.663642601830e-03 1.839719956135e-05
2.034709310126e-03 2.725169820997e-03 6.810147837694e-05
8.731191989033e-04 2.490244907401e-03 1.000000000000e-04
2.722937515509e-03 2.010750325393e-03 4.637087710352e-05
2.419630148640e-03 2.288982445165e-03 2.839069640759e-05
1.142759124655e-03 2.539140537296e-03 3.163696144304e-05
5.506453967691e-04 2.114469071299e-03 2.994752861577e-05
1.099494059172e-03 2.603552658760e-03 4.595705802084e-05
2.227337294844e-03 2.307368095208e-03 2.743521596675e-05
2.386588671325e-03 2.347156218338e-03 3.620115524975e-05
3.705699635572e-04 2.061650160447e-03 5.762988105197e-05
1.681417320754e-03 2.700385633473e-03 2.043980541020e-05
2.155946898403e-03 -4.721358447826e-05 5.624171463171e-05
2.155946898403e-03 2.752786415522e-03 5.624171463171e-05
1.666677622266e-03 2.756633381312e-03 3.770716646407e-05
1.160095168585e-03 2.600760130988e-03 1.470842080411e-05
1.482020622065e-04 2.047379397052e-03 5.559370911199e-05
2.777374372950e-03 2.029198932452e-03 1.110714087273e-05
2.762468641278e-04 2.072891007761e-03 3.729161501184e-05
6.939818771637e-04 2.021277851917e-03 3.423109886518e-05
1.573141419988e-03 2.731853197137e-03 5.817647422586e-05
7.334489432784e-04 2.523814145485e-03 4.002826505598e-05
3.099963031244e-04 2.160320787061e-03 5.642602262049e-05
4.169341400105e-04 2.137902233416e-03 3.161147980452e-05
9.975600387481e-04 2.592975474032e-03 5.649095086408e-05
1.051900823938e-03 2.663771127569e-03 3.079871030037e-05
4.125039238990e-05 2.075489798653e-03 5.499044144669e-05
2.841250392390e-03 2.075489798653e-03 5.499044144669e-05
1.202628945603e-03 2.641189373615e-03 4.369779880626e-05
2.334024620539e-03 2.348816620254e-03 1.638911352273e-05
2.545761257715e-03 2.054781993798e-03 8.359965788632e-05
6.192405485647e-04 2.349530633505e-03 3.523086093888e-05
1.128925255125e-03 2.722612696443e-03 6.612963045186e-05
2.498822192630e-03 2.288982445165e-03 5.080134758183e-05
8.816528945371e-04 2.676318452619e-03 8.626937617136e-05
4.215230740056e-04 2.268107374983e-03 9.867454419935e-05
2.732766275013e-03 2.121261882784e-03 6.275456867568e-05
5.195561231017e-04 2.440910888504e-03 1.000000000000e-04
1.496902786086e-03 2.769618921080e-03 2.464875198875e-05
1.006131530449e-03 2.729028041205e-03 4.890934734958e-05
3.806412511002e-04 2.493750157144e-03 4.769067391107e-05
1.304132059066e-03 2.655913804122e-03 5.600706983317e-05
2.573565105305e-03 2.315448589390e-03 2.848900356732e-05
6.309454623232e-04 2.577188664049e-03 7.399922525498e-05
1.254115842227e-03 -3.147048135473e-05 6.721612891045e-05
1.254115842227e-03 2.768529518645e-03 6.721612891045e-05
2.063974366097e-04 2.173271011436e-03 4.797913186382e-05
1.058643650521e-03 -1.487178100490e-05 2.793305398929e-05
1.058643650521e-03 2.785128218995e-03 2.793305398929e-05
2.603592015698e-04 2.216838131311e-03 1.879400458472e-05
2.639443499073e-03 2.315448589390e-03 3.738939020072e-05
9.560884819417e-06 2.139867667929e-03 1.626180517317e-05
2.809560884819e-03 2.139867667929e-03 1.626180517317e-05
1.361993842869e-03 -2.333426864991e-05 4.096805489163e-05
1.361993842869e-03 2.776665731350e-03 4.096805489163e-05
4.461932157797e-04 2.572643643206e-03 5.078369178109e-05
2.595342005791e-03 2.397229857230e-03 5.552518066575e-05
2.455872648168e-03 2.466051220958e-03 1.000000000000e-04
4.719538681020e-05 2.154442163729e-03 2.409623823708e-05
2.696929172596e-03 2.315448589443e-03 2.009628332203e-05
2.245164047914e-04 2.248198960839e-03 2.883170645414e-05
2.580064002541e-03 2.474299113251e-03 2.304381835382e-05
9.875452293406e-05 2.276155248767e-03 1.000000000000e-04
2.898754522934e-03 2.276155248767e-03 1.000000000000e-04
2.864877304120e-04 2.265209486696e-03 3.543184296615e-05
7.432644816535e-04 2.697856383823e-03 3.945115483726e-05
-3.689850427078e-05 2.343151141660e-03 5.116629449587e-05
2.763101495729e-03 2.343151141660e-03 5.116629449587e-05
5.242564339050e-04 2.622980462391e-03 4.210180658601e-05
2.834133336309e-04 2.493495488220e-03 4.862219309233e-05
4.682355488517e-04 2.647294227678e-03 1.736104850829e-05
3.308717201122e-04 2.599650373291e-03 6.765833698458e-05
2.329782196937e-04 2.629247789752e-03 3.461204394198e-05
4.140376887447e-04 2.671312235504e-03 4.190608957150e-05
3.793150385321e-05 2.403509869863e-03 4.113343583104e-05
2.837931503853e-03 2.403509869863e-03 4.113343583104e-05
7.889868208726e-04 -3.342934511261e-05 4.308488239751e-05
7.889868208726e-04 2.766570654887e-03 4.308488239751e-05
1.451704918640e-04 2.443478456550e-03 7.294962449110e-05
5.819644741493e-04 2.687675396998e-03 4.459126483680e-05
2.772455480038e-03 2.423881499036e-03 2.738009117658e-05
2.641878041474e-03 2.481362106027e-03 3.917242772481e-05
3.211039942809e-04 -5.576203868618e-05 7.622448942045e-05
3.211039942809e-04 2.744237961314e-03 7.622448942045e-05
1.558916421540e-05 2.520013962752e-03 7.749368592594e-05
2.815589164215e-03 2.520013962752e-03 7.749368592594e-05
1.056600710383e-04 2.672955844570e-03 1.000000000000e-04
2.696331345164e-03 2.549404807606e-03 4.533243275690e-05
4.939021732961e-04 2.685106627428e-03 2.689065230887e-05
2.618026921303e-03 2.552743494796e-03 3.304314832138e-05
2.749872744455e-03 2.682315723520e-03 3.849561578779e-05
2.186800483738e-04 -2.650873407842e-05 3.029509434865e-05
2.186800483738e-04 2.773491265922e-03 3.029509434865e-05
4.337160434041e-04 -9.122096797980e-06 3.973847280905e-05
4.337160434041e-04 2.790877903202e-03 3.973847280905e-05
5.194164159976e-04 -3.970168827471e-05 5.125421344919e-05
5.194164159976e-04 2.760298311725e-03 5.125421344919e-05
6.633805114947e-04 2.724430743431e-03 4.473706382168e-05
6.036010420640e-04 -2.502736283404e-05 3.354491572788e-05
6.036010420640e-04 2.774972637166e-03 3.354491572788e-05
-8.707942590121e-06 2.740169760875e-03 3.265677517871e-05
2.791292057410e-03 2.740169760875e-03 3.265677517871e-05
8.886718750000e-04 2.075390625000e-03 4.519577804903e-05
2.217578125000e-03 2.474609375000e-03 1.000000000000e-04
2.343359375000e-03 2.671484375000e-03 2.240729733516e-05
1.933203125000e-03 1.402734375000e-03 1.648883338516e-05
6.835937500000e-05 1.266015625000e-03 1.960557594056e-05
2.485546875000e-03 2.682421875000e-03 5.981598491612e-05
1.506640625000e-03 8.230468750000e-04 3.598164391745e-05
7.519531250000e-04 2.146484375000e-03 7.088760728598e-05
8.777343750000e-04 1.927734375000e-03 1.000000000000e-04
1.121093750000e-04 1.386328125000e-03 6.549176795921e-05
2.436328125000e-03 1.818359375000e-03 3.508607216599e-05
6.097656250000e-04 2.223046875000e-03 4.912877970193e-05
1.391796875000e-03 8.722656250000e-04 5.757489369304e-05
1.375390625000e-03 1.375390625000e-03 5.750419289732e-05
2.031640625000e-03 1.446484375000e-03 3.725272505514e-05
2.627734375000e-03 2.715234375000e-03 6.105451832830e-05
2.332421875000e-03 1.741796875000e-03 6.541690487110e-05
1.339843750000e-04 4.675781250000e-04 4.347353370053e-05
1.080078125000e-03 1.626953125000e-03 5.558610859342e-05
7.191406250000e-04 5.113281250000e-04 6.864851648301e-05
2.600390625000e-03 2.206640625000e-03 4.467012994666e-05
1.151171875000e-03 1.175781250000e-04 4.044472671832e-05
2.031640625000e-03 8.722656250000e-04 3.095751450905e-05
2.146484375000e-03 1.473828125000e-03 2.450359341839e-05
2.058984375000e-03 2.387109375000e-03 5.375023088830e-05
2.244921875000e-03 2.649609375000e-03 2.142084768559e-05
