# 2D packing, generated 2026-10-01T15:39:42.725156+00:00
# generator = preprocess/generate_packing_gravity.py
# periodic axes = xy
# porosity_achieved = 0.424972  (target 0.425000)
# 246 distinct grains; 274 rows including 28 periodic edge images.
# Centres span [-R, L+R]: a grain need only be PARTLY inside.
# Do NOT drop the out-of-box rows -- they carry the conduction
# paths that cross the domain edge, and k_eff depends on them.
# header row is 'Lx Ly'; grain rows are 'x y r', all in metres
2.000000000000e-03 2.000000000000e-03
1.071470336650e-03 6.349833356530e-05 6.391640220620e-05
1.071470336650e-03 2.063498333565e-03 6.391640220620e-05
1.542610678550e-03 6.221351104806e-08 6.179343441718e-05
1.542610678550e-03 2.000062213511e-03 6.179343441718e-05
1.433921390116e-03 6.210171321693e-05 6.160388104178e-05
4.237298701479e-04 4.616717850241e-05 6.968532242874e-05
4.237298701479e-04 2.046167178502e-03 6.968532242874e-05
1.681412366803e-03 6.328831506748e-05 4.767681012636e-05
1.870375964158e-03 4.908662214588e-05 6.138471047434e-05
1.870375964158e-03 2.049086622146e-03 6.138471047434e-05
1.158978412983e-03 6.349833356530e-05 2.359167412648e-05
1.615755242336e-03 1.226784046477e-04 4.085590134193e-05
3.453454303104e-04 8.736050832353e-05 1.886416760307e-05
8.235025745217e-04 2.617838035675e-05 4.557525458464e-05
8.235025745217e-04 2.026178380357e-03 4.557525458464e-05
9.599903148416e-05 5.458821335521e-05 4.791266408736e-05
1.516209378796e-03 1.580256989853e-04 6.477937134489e-05
1.692847096168e-03 1.889155274543e-04 6.078321797735e-05
9.373309829413e-04 1.485034629430e-04 9.488925963876e-05
1.923298156374e-04 1.238905469868e-04 7.067017041548e-05
1.761683556355e-03 2.467502664897e-04 2.912404193020e-05
8.790908976361e-05 1.372332015271e-04 3.459955184848e-05
-3.670358259401e-05 1.702604967142e-04 9.131551515566e-05
1.963296417406e-03 1.702604967142e-04 9.131551515566e-05
1.410911768630e-03 2.333290020583e-04 6.467399567949e-05
1.547234202678e-03 2.862371126408e-04 6.713236999325e-05
9.872753209021e-05 2.292529086583e-04 5.640618235540e-05
1.452702762564e-03 3.230713221021e-04 3.432181843969e-05
1.395658754983e-03 3.882737545386e-04 5.231175519159e-05
1.037558614387e-03 2.470176414903e-04 4.564764469624e-05
1.146290375309e-03 2.514375838863e-04 6.317391439941e-05
2.916949866059e-04 1.468944406162e-04 3.132304666409e-05
1.226341604631e-03 3.155972909402e-04 3.941588687352e-05
1.161740089000e-03 3.675191436202e-04 4.346495896883e-05
1.645630632436e-03 2.695604298007e-04 3.266727576314e-05
1.495062472802e-03 4.417227601007e-04 6.000563432226e-05
5.297179686089e-04 3.265153853522e-05 3.592129147738e-05
5.297179686089e-04 2.032651538535e-03 3.592129147738e-05
7.827658607417e-04 2.415580980456e-04 8.552565691371e-05
1.612232473392e-03 5.071025374080e-04 7.417083276157e-05
6.162869438269e-04 4.793027083982e-05 5.198563244253e-05
6.162869438269e-04 2.047930270840e-03 5.198563244253e-05
3.757767451296e-04 1.425896531626e-04 3.800311839799e-05
1.846301834146e-03 1.777172748525e-04 2.590947824933e-05
1.248228986786e-03 4.024075865467e-04 4.979560552662e-05
5.155905075877e-04 9.649191736928e-05 2.946356466612e-05
1.402838678798e-03 4.809794354718e-04 4.022567187277e-05
1.779605075949e-03 5.070930947283e-04 9.319751481100e-05
1.679676513074e-03 6.724398759382e-04 1.000000000000e-04
1.909180554601e-03 5.470840297389e-04 4.240882688842e-05
1.309719204780e-03 5.308566029669e-04 6.541034603175e-05
1.078306930598e-03 2.951727779402e-04 1.743438476166e-05
1.762377432613e-03 7.677244869966e-04 2.615143910479e-05
9.697675493045e-04 2.605199892959e-04 2.172906230766e-05
6.443795936176e-04 2.779443670678e-04 5.756424315579e-05
1.860963083065e-03 5.784971883314e-04 1.504764154486e-05
4.664063444892e-04 1.535495097299e-04 4.586670770337e-05
7.166100695110e-04 4.129024733744e-04 9.550741361194e-05
1.466275922289e-03 5.524266587428e-04 5.437976100834e-05
5.333923004841e-04 1.760769840130e-04 2.312253074135e-05
1.837702864794e-03 8.417814193110e-04 7.948165209776e-05
2.671632778012e-05 2.621503427348e-04 2.033505693035e-05
1.692964111350e-03 8.360167974590e-04 6.411574365575e-05
4.106023394889e-04 1.898597635107e-04 2.071047411516e-05
5.041383302400e-04 2.025316659464e-04 1.596337211006e-05
4.660905711672e-04 2.267387510137e-04 2.732326222350e-05
2.684884467187e-04 2.626850264554e-04 8.677015222284e-05
1.203644007511e-03 5.709158360547e-04 4.797699731544e-05
1.538122350283e-04 3.011879705396e-04 3.419724859032e-05
1.030647410273e-03 3.928607098014e-04 9.005464780216e-05
4.475612576004e-05 3.065855515267e-04 2.762252108086e-05
1.140921609609e-03 6.219289458485e-04 3.287123438711e-05
1.123562149813e-03 4.760219101192e-04 3.464071723590e-05
1.541023834515e-03 6.101235183828e-04 4.004575458129e-05
1.461707119280e-03 6.630539818194e-04 5.531029019475e-05
4.061524239700e-04 2.783660960691e-04 5.178405907564e-05
8.911632311223e-04 2.796640609565e-04 2.937453592683e-05
1.383686354864e-03 7.018409851419e-04 3.181990725012e-05
1.250337690971e-03 7.113326856827e-04 1.000000000000e-04
1.095623700293e-03 7.515783109931e-04 5.986284517724e-05
1.747016897964e-03 9.289944437044e-04 4.343217664998e-05
9.581391052257e-05 3.614995416895e-04 4.736048644975e-05
1.166082705535e-03 8.086475298270e-04 2.872094414527e-05
5.879672175859e-04 4.201915712111e-04 3.334177846432e-05
9.941336760216e-04 7.738999095525e-04 4.405288408811e-05
1.933367022051e-03 9.038454398653e-04 3.455156074430e-05
1.399685060191e-03 8.178745685489e-04 8.345519752186e-05
1.485665334903e-03 9.020304176867e-04 3.685612606694e-05
5.833319139222e-04 5.559412164480e-04 1.000000000000e-04
1.884743265190e-03 9.384590617272e-04 2.505556067299e-05
8.810404073366e-04 4.883839387465e-04 8.542016198719e-05
3.564160949194e-04 3.620573224967e-04 4.557058056551e-05
2.797721115490e-04 3.850213151118e-04 3.442156440081e-05
1.677827068063e-03 9.449451865264e-04 2.752237108711e-05
-5.253782140771e-05 1.001501412552e-03 6.387139236178e-05
1.947462178592e-03 1.001501412552e-03 6.387139236178e-05
1.711869800870e-03 1.018491435422e-03 5.271896996847e-05
1.569962319508e-03 9.376798896157e-04 5.466909702607e-05
1.486283369001e-03 9.918581140361e-04 4.501764612130e-05
1.907932554924e-04 3.634591559061e-04 3.822718517885e-05
2.262920140187e-04 4.186036857532e-04 2.735545036431e-05
4.331409649452e-04 6.420692738403e-04 7.313394648299e-05
1.045505942812e-03 8.284346608509e-04 3.086806688281e-05
1.118560085352e-03 8.902628563562e-04 6.483790733833e-05
1.019642393982e-03 9.067197959148e-04 3.543825899878e-05
5.538273370277e-04 7.221158588207e-04 6.877361116424e-05
1.053276311975e-03 9.724245424861e-04 3.837471095831e-05
1.153572722790e-03 1.029284372171e-03 7.691801028501e-05
1.572078995265e-03 1.056324504886e-03 6.229873210367e-05
6.860669541052e-04 7.628605512643e-04 6.960068661945e-05
5.938407658949e-04 8.247532759363e-04 4.138769729689e-05
3.152205621233e-04 6.885408217640e-04 5.361314882145e-05
3.745634125952e-05 1.001939892487e-03 2.586250824925e-05
1.291403520653e-03 8.580115675899e-04 3.202584203341e-05
1.480889813844e-04 4.087379964136e-04 2.309629792446e-05
1.822193827826e-03 9.572185896650e-04 3.686835851261e-05
1.672034562062e-03 1.118514881658e-03 5.494512902496e-05
1.328720249711e-03 9.190477242508e-04 3.951401180715e-05
1.296681089493e-03 1.045256675497e-03 6.707894358233e-05
1.404057677951e-03 1.107406663954e-03 5.694048897445e-05
3.621907011693e-05 1.089187419336e-03 6.089490866376e-05
2.036219070117e-03 1.089187419336e-03 6.089490866376e-05
5.245423914826e-04 8.787558707533e-04 4.646690087249e-05
1.851373741932e-03 1.023325212800e-03 3.466421990497e-05
1.579815832740e-03 1.172594630769e-03 5.196112778223e-05
1.314710941841e-03 1.152592821223e-03 4.176101018909e-05
7.574080063427e-04 5.622508844121e-04 5.859822655225e-05
1.893281162664e-03 1.062243688522e-03 1.737145695329e-05
1.931558547293e-03 1.106606905607e-03 4.122251205493e-05
5.985739550660e-04 9.278243952588e-04 4.234972298752e-05
1.203411089721e-03 1.171837948414e-03 7.004996440818e-05
2.005967558238e-04 7.169318671187e-04 6.447439678320e-05
1.523529648089e-03 1.227524508232e-03 2.668658219583e-05
7.161149441349e-04 9.994173609757e-04 9.527817151276e-05
1.465138695805e-04 1.087868342909e-03 4.824429538188e-05
1.965580547581e-04 1.151357810196e-03 3.118621062852e-05
4.670855634628e-04 9.123898249844e-04 2.011034744420e-05
1.062225876873e-04 1.192725697170e-03 6.408780481854e-05
5.212838415763e-04 9.722895732530e-04 4.681817335834e-05
8.454658026737e-04 6.098633400196e-04 4.116102709956e-05
9.263351324171e-04 6.100264126918e-04 3.970846706141e-05
1.291938843435e-03 1.222913984346e-03 3.215550313794e-05
8.126526997171e-04 1.108092638809e-03 5.008294762108e-05
7.435899992491e-04 1.153250683091e-03 3.240473099708e-05
1.247016784967e-03 1.254555444968e-03 2.239022765397e-05
5.908374313109e-04 9.969826086173e-04 2.698753773104e-05
1.453941092679e-03 1.279669357769e-03 6.027146236352e-05
1.029284221206e-03 1.062956972851e-03 5.185107259208e-05
8.032568275229e-04 1.198984973679e-03 4.129374354491e-05
2.808806138731e-04 7.651494813072e-04 2.917621016265e-05
2.686937964007e-07 1.291058957140e-03 8.046596938102e-05
2.000268693796e-03 1.291058957140e-03 8.046596938102e-05
1.343258807270e-03 1.287992914269e-03 5.072431614956e-05
3.479695286257e-04 8.138933403857e-04 5.375078351575e-05
2.686949208116e-04 8.313807070808e-04 2.742970328996e-05
1.580000152162e-03 1.309367055088e-03 6.923931929577e-05
1.856314725965e-03 1.083789216471e-03 2.541554126821e-05
1.262143828549e-03 1.307542270999e-03 3.271367039699e-05
1.174621661533e-03 1.375045519279e-03 7.781638200236e-05
5.905643236370e-04 1.081730249785e-03 5.484688907904e-05
7.135594495219e-04 1.238609669889e-03 5.676613037357e-05
6.553622292004e-04 1.128485650066e-03 2.505827571022e-05
8.985297802819e-04 1.198999136407e-03 5.397921931622e-05
2.295012218331e-04 1.255676117298e-03 7.433332782794e-05
1.045837534735e-03 1.226477790784e-03 9.586954576979e-05
6.019087654542e-04 1.194263775131e-03 5.825700425331e-05
9.487198662546e-04 1.327397013549e-03 4.416516961394e-05
1.730180957855e-03 1.372843345182e-03 9.380595487926e-05
6.364345692569e-04 1.304497868983e-03 4.451197525772e-05
1.890677959089e-03 1.390755093127e-03 6.768814166104e-05
1.555197506835e-04 1.309892856421e-03 1.621518922742e-05
7.076714501424e-04 1.324504088323e-03 2.932989371288e-05
5.044596735001e-04 1.222195750000e-03 4.311617140356e-05
1.819626688009e-04 1.398900873805e-03 7.657474938575e-05
1.301668978734e-03 1.368297610861e-03 3.971136386848e-05
2.328635165287e-05 1.442031012058e-03 7.225046772267e-05
2.023286351653e-03 1.442031012058e-03 7.225046772267e-05
1.026198130490e-03 1.427586485649e-03 7.963250847350e-05
1.293284688064e-03 1.507756916345e-03 1.000000000000e-04
1.909567109617e-03 1.526608347301e-03 6.947253002769e-05
1.148746467690e-03 1.532734233171e-03 4.395849706822e-05
1.032705583127e-03 1.588932568276e-03 8.184479792392e-05
1.597228520156e-03 1.432635143677e-03 5.197268084699e-05
7.911624977782e-04 1.267066675291e-03 2.565851232799e-05
1.671608049265e-03 1.506048408380e-03 5.170832345966e-05
1.740388931845e-03 1.564570422961e-03 3.860025247331e-05
1.139777784370e-03 1.602156778049e-03 2.604099600194e-05
2.982436683333e-04 8.866824362484e-04 3.440200236377e-05
9.486847771433e-04 1.686684697180e-03 4.705433039714e-05
6.660630457633e-04 1.446957945974e-03 1.000000000000e-04
3.326453999979e-04 1.403277040792e-03 7.404978975416e-05
1.246724638621e-04 1.515929779781e-03 5.320943485236e-05
-2.797098149493e-06 1.535916984622e-03 1.681245592410e-05
1.997202901851e-03 1.535916984622e-03 1.681245592410e-05
1.682658241574e-05 1.603746546420e-03 5.354876849295e-05
2.016826582416e-03 1.603746546420e-03 5.354876849295e-05
1.013531566182e-03 1.683553502826e-03 1.419086904959e-05
1.396259470296e-03 1.599082421290e-03 3.763786327833e-05
1.337853926689e-03 1.625743261137e-03 2.487968891372e-05
1.490951058359e-03 1.662674380518e-03 7.642550476104e-05
2.582690600322e-04 1.488164203021e-03 3.881149793117e-05
1.383070099654e-03 1.703334391689e-03 3.853794657678e-05
1.888578136933e-03 1.694775626968e-03 1.000000000000e-04
1.063295687608e-03 1.712741186298e-03 4.350131974423e-05
1.674972708683e-03 1.590140909725e-03 3.160580941274e-05
6.456722133536e-05 1.750903236914e-03 7.126660616661e-05
2.064567221335e-03 1.750903236914e-03 7.126660616661e-05
1.627705007354e-03 1.615013434693e-03 2.180653080279e-05
1.723369773566e-03 1.642592319392e-03 3.976243468343e-05
1.803647663356e-03 1.800649061236e-03 3.269764418950e-05
5.323588090528e-04 1.578111012378e-03 8.729116601961e-05
2.326322020177e-04 1.624639463789e-03 1.000000000000e-04
4.054096648165e-04 1.699307773757e-03 8.822172494576e-05
9.964623324900e-04 1.751595273151e-03 3.350304215735e-05
6.438182168611e-04 1.600573239262e-03 2.640910853951e-05
8.260060205651e-04 1.301703147111e-03 2.347148116219e-05
1.218039504210e-03 1.665035279890e-03 7.435130041383e-05
8.929692747785e-04 1.800411306971e-03 7.958675652024e-05
1.655057371935e-03 1.662997698893e-03 3.153247207124e-05
2.880621644883e-04 1.747378839487e-03 3.467540211257e-05
1.697152704762e-03 1.711027481382e-03 3.233361479560e-05
5.368373472357e-04 1.750402504385e-03 4.942693442212e-05
1.574292595307e-03 1.721780005258e-03 2.574735628738e-05
1.317840581792e-03 1.731743996554e-03 3.260975647184e-05
-8.739068435881e-05 1.893326229134e-03 1.000000000000e-04
1.912609315641e-03 1.893326229134e-03 1.000000000000e-04
4.749009583763e-04 1.783013273678e-03 2.057005679762e-05
7.824675203880e-04 1.492287924414e-03 2.491922817423e-05
1.742167899467e-03 -6.126645421980e-05 7.617589035481e-05
1.742167899467e-03 1.938733545780e-03 7.617589035481e-05
1.052345068604e-03 1.863961191997e-03 9.199189904607e-05
6.292979730392e-04 1.804301292077e-03 5.079188410267e-05
3.346668091974e-04 1.817358151124e-03 4.940264940133e-05
2.171517514973e-05 -7.097892449211e-06 4.771417177368e-05
2.171517514973e-05 1.992902107551e-03 4.771417177368e-05
2.021715175150e-03 -7.097892449211e-06 4.771417177368e-05
2.021715175150e-03 1.992902107551e-03 4.771417177368e-05
1.757778930863e-04 1.798744633667e-03 4.979789215809e-05
1.241715110339e-03 1.802248241499e-03 6.488937460250e-05
5.111540127106e-04 1.898003937917e-03 1.000000000000e-04
7.594388198546e-04 1.557380878726e-03 4.412723295712e-05
1.342499843928e-03 1.833572123344e-03 2.627261903032e-05
1.154939521186e-03 1.877815433408e-03 9.628917585552e-06
3.561000868827e-04 1.912807184307e-03 4.842342390381e-05
2.794166733213e-04 1.957176286752e-03 4.017101378192e-05
2.076556099155e-04 -2.472422719544e-05 3.383740732116e-05
2.076556099155e-04 1.975275772805e-03 3.383740732116e-05
7.528767524831e-04 1.801351857390e-03 6.050893356283e-05
1.528638878034e-03 1.783649261374e-03 5.028399807221e-05
1.117022533410e-04 1.835794598551e-03 2.421823788569e-05
1.640777209202e-03 -1.099419430781e-05 3.699377074561e-05
1.640777209202e-03 1.989005805692e-03 3.699377074561e-05
1.301553386949e-03 1.881062027643e-03 3.406640972188e-05
6.549157700811e-04 -4.123981249707e-05 4.519198847996e-05
6.549157700811e-04 1.958760187503e-03 4.519198847996e-05
7.786904559881e-04 1.921001298032e-03 6.151455284416e-05
4.073371213240e-04 1.958058510397e-03 1.993546510673e-05
1.412150973495e-03 -8.078142530252e-05 8.292828336793e-05
1.412150973495e-03 1.919218574697e-03 8.292828336793e-05
1.162850365432e-03 1.924628387596e-03 3.407130892060e-05
1.237859096809e-03 1.920847754972e-03 4.103265337234e-05
1.281215224350e-03 -1.395747043440e-05 3.726238481480e-05
1.281215224350e-03 1.986042529566e-03 3.726238481480e-05
3.418990707035e-04 -1.080802109029e-05 2.927027016719e-05
3.418990707035e-04 1.989191978910e-03 2.927027016719e-05
3.535156250000e-04 1.068359375000e-03 2.341429094291e-05
1.953125000000e-06 7.011718750000e-04 4.833509622954e-05
2.001953125000e-03 7.011718750000e-04 4.833509622954e-05
9.960937500000e-05 5.527343750000e-04 1.000000000000e-04
2.099609375000e-03 5.527343750000e-04 1.000000000000e-04
8.398437500000e-05 8.613281250000e-04 3.527731773272e-05
8.535156250000e-04 8.417968750000e-04 3.727154246506e-05
1.271484375000e-03 1.308593750000e-04 8.894622617604e-05
1.923828125000e-03 3.652343750000e-04 7.322009587349e-05
